1,0.0,1.3257219954278696,1.8482164363919131,1472.0
1,0.0,2.141754979389256,0.3529798735583014,1471.0
1,0.0,0.3056807654761363,0.6021859673639035,1470.0
1,0.0,-0.10233572650455697,-2.1390810644977183,1469.0
1,0.0,2.141754979389256,0.3529798735583014,1468.0
1,0.0,0.3056807654761363,0.8513920611695057,1467.0
1,0.0,0.9177055034471764,1.5990103425863111,1466.0
1,0.0,1.121713749437523,-0.6438445016641062,1465.0
1,0.0,0.7136972574568297,-2.1390810644977183,1464.0
1,0.0,0.7136972574568297,-1.889874970692116,1463.0
1,0.0,-0.10233572650455697,1.1005981549751078,1462.0
1,0.0,1.121713749437523,1.1005981549751078,1461.0
1,0.0,-1.326385202446637,-0.14543231405290188,1460.0
1,0.0,-0.5103522184852503,-1.640668876886514,1459.0
1,0.0,0.9177055034471764,0.6021859673639035,1458.0
1,0.0,2.141754979389256,0.3529798735583014,1457.0
1,0.0,-0.5103522184852503,-1.640668876886514,1456.0
1,0.0,0.3056807654761363,1.349804248780709,1455.0
1,0.0,0.9177055034471764,0.6021859673639035,1454.0
1,0.0,0.3056807654761363,0.6021859673639035,1453.0
1,0.0,-0.8163645874707702,-1.3914627830809116,1452.0
1,0.0,1.121713749437523,0.6021859673639035,1451.0
1,0.0,-0.10233572650455697,0.3529798735583014,1450.0
1,0.0,0.3056807654761363,-0.14543231405290188,1449.0
1,0.0,-0.40834809549007695,0.1037737797526992,1448.0
1,0.0,0.9177055034471764,1.349804248780709,1447.0
1,0.0,0.5096890114664829,1.5990103425863111,1446.0
1,0.0,-0.10233572650455697,-1.3914627830809116,1445.0
1,0.0,1.121713749437523,1.8482164363919131,1444.0
1,0.0,-0.3063439724949036,-0.8930505954697084,1443.0
1,0.0,0.5096890114664829,-0.6438445016641062,1442.0
1,0.0,-0.3063439724949036,1.8482164363919131,1441.0
1,0.0,2.141754979389256,0.3529798735583014,1440.0
1,0.0,-0.10233572650455697,-1.3914627830809116,1439.0
1,0.0,2.141754979389256,0.6021859673639035,1438.0
1,0.0,-0.5103522184852503,1.5990103425863111,1437.0
1,0.0,0.3056807654761363,1.1005981549751078,1436.0
1,0.0,0.7136972574568297,0.6021859673639035,1435.0
1,0.0,0.5096890114664829,0.1037737797526992,1434.0
1,0.0,-0.5103522184852503,-0.14543231405290188,1433.0
1,0.0,-0.9183687104659436,0.3529798735583014,1432.0
1,0.0,0.9177055034471764,0.8513920611695057,1431.0
1,0.0,0.5096890114664829,0.8513920611695057,1430.0
1,0.0,0.10167251948578968,1.1005981549751078,1429.0
1,0.0,0.3056807654761363,0.1037737797526992,1428.0
1,0.0,1.121713749437523,1.8482164363919131,1427.0
1,0.0,-0.3063439724949036,-0.14543231405290188,1426.0
1,0.0,-0.3063439724949036,1.5990103425863111,1425.0
1,0.0,0.5096890114664829,-0.14543231405290188,1424.0
1,0.0,0.10167251948578968,0.3529798735583014,1423.0
1,0.0,0.4076848884713097,1.8482164363919131,1422.0
1,0.0,-0.6123563414804236,0.3529798735583014,1421.0
1,0.0,1.9377467333989096,1.5990103425863111,1420.0
1,0.0,-0.5103522184852503,-0.8930505954697084,1419.0
1,0.0,1.9377467333989096,-0.14543231405290188,1418.0
1,0.0,-0.7143604644755969,-1.1422566892753103,1417.0
1,0.0,-0.3063439724949036,1.5990103425863111,1416.0
1,0.0,0.10167251948578968,0.1037737797526992,1415.0
1,0.0,0.7136972574568297,0.6021859673639035,1414.0
1,0.0,0.10167251948578968,-0.8930505954697084,1413.0
1,0.0,1.9377467333989096,1.5990103425863111,1412.0
1,0.0,-0.3063439724949036,-0.3946384078585041,1411.0
1,0.0,2.141754979389256,1.1005981549751078,1410.0
1,0.0,0.3056807654761363,0.8513920611695057,1409.0
1,0.0,0.7136972574568297,0.1037737797526992,1408.0
1,0.0,-0.40834809549007695,-0.14543231405290188,1407.0
1,0.0,-0.10233572650455697,-0.14543231405290188,1406.0
1,0.0,0.7136972574568297,-0.14543231405290188,1405.0
1,0.0,-0.5103522184852503,-1.640668876886514,1404.0
1,0.0,1.121713749437523,0.3529798735583014,1403.0
1,0.0,0.3056807654761363,-0.3946384078585041,1402.0
1,0.0,0.3056807654761363,-1.889874970692116,1401.0
1,0.0,0.7136972574568297,0.6021859673639035,1400.0
1,0.0,1.7337384874085628,0.3529798735583014,1399.0
1,0.0,0.9177055034471764,1.1005981549751078,1398.0
1,0.0,-1.1223769564562902,-0.8930505954697084,1397.0
1,0.0,-0.6123563414804236,-0.14543231405290188,1396.0
1,0.0,1.529730241418216,1.5990103425863111,1395.0
1,0.0,1.529730241418216,0.8513920611695057,1394.0
1,0.0,2.141754979389256,-1.3914627830809116,1393.0
1,0.0,0.5096890114664829,1.1005981549751078,1392.0
1,0.0,-0.9183687104659436,-1.640668876886514,1391.0
1,0.0,1.7337384874085628,-0.8930505954697084,1390.0
1,0.0,-0.7143604644755969,-0.3946384078585041,1389.0
1,0.0,-0.5103522184852503,-0.6438445016641062,1388.0
1,0.0,-0.3063439724949036,0.1037737797526992,1387.0
1,0.0,1.9377467333989096,1.8482164363919131,1386.0
1,0.0,-0.5103522184852503,-0.3946384078585041,1385.0
1,0.0,1.529730241418216,1.349804248780709,1384.0
1,0.0,-0.5103522184852503,-0.14543231405290188,1383.0
1,0.0,0.5096890114664829,0.1037737797526992,1382.0
1,0.0,0.3056807654761363,-0.14543231405290188,1381.0
1,0.0,-1.5303934484369834,1.1005981549751078,1380.0
1,0.0,0.9177055034471764,1.8482164363919131,1379.0
1,0.0,1.121713749437523,0.8513920611695057,1378.0
1,0.0,-0.5103522184852503,1.5990103425863111,1377.0
1,0.0,0.10167251948578968,0.1037737797526992,1376.0
1,0.0,-1.326385202446637,0.3529798735583014,1375.0
1,0.0,-0.5103522184852503,0.6021859673639035,1374.0
1,0.0,0.9177055034471764,-1.889874970692116,1373.0
1,0.0,1.3257219954278696,-1.1422566892753103,1372.0
1,0.0,0.9177055034471764,-2.1390810644977183,1371.0
1,0.0,1.3257219954278696,-0.6438445016641062,1370.0
1,0.0,0.7136972574568297,-2.1390810644977183,1369.0
1,0.0,2.141754979389256,1.1005981549751078,1368.0
1,0.0,-0.5103522184852503,-0.3946384078585041,1367.0
1,0.0,-0.3063439724949036,0.8513920611695057,1366.0
1,0.0,-0.3063439724949036,1.1005981549751078,1365.0
1,0.0,2.141754979389256,-0.3946384078585041,1364.0
1,0.0,0.5096890114664829,-0.6438445016641062,1363.0
1,0.0,2.141754979389256,1.349804248780709,1362.0
1,0.0,-2.203620660205128,-0.3946384078585041,1361.0
1,0.0,0.9177055034471764,-0.3946384078585041,1360.0
1,0.0,1.3257219954278696,0.8513920611695057,1359.0
1,0.0,0.7136972574568297,-1.889874970692116,1358.0
1,0.0,-0.10233572650455697,-0.6438445016641062,1357.0
1,0.0,1.7337384874085628,1.8482164363919131,1356.0
1,0.0,0.7136972574568297,-1.3914627830809116,1355.0
1,0.0,0.9177055034471764,1.8482164363919131,1354.0
1,0.0,-0.10233572650455697,-0.8930505954697084,1353.0
1,0.0,0.10167251948578968,0.1037737797526992,1352.0
1,0.0,0.3056807654761363,0.6021859673639035,1351.0
1,0.0,-1.8364058174225035,-1.1422566892753103,1350.0
1,0.0,-0.9183687104659436,1.5990103425863111,1349.0
1,0.0,0.9177055034471764,1.8482164363919131,1348.0
1,0.0,1.3257219954278696,-0.14543231405290188,1347.0
1,0.0,0.7136972574568297,-0.6438445016641062,1346.0
1,0.0,1.7337384874085628,1.349804248780709,1345.0
1,0.0,0.5096890114664829,1.1005981549751078,1344.0
1,0.0,-0.7143604644755969,1.5990103425863111,1343.0
1,0.0,0.7136972574568297,0.8513920611695057,1342.0
1,0.0,-0.3063439724949036,-0.8930505954697084,1341.0
1,0.0,0.9177055034471764,0.8513920611695057,1340.0
1,0.0,1.121713749437523,-0.6438445016641062,1339.0
1,0.0,0.3056807654761363,1.5990103425863111,1338.0
1,0.0,0.3056807654761363,1.5990103425863111,1337.0
1,0.0,1.121713749437523,1.1005981549751078,1336.0
1,0.0,0.3056807654761363,1.5990103425863111,1335.0
1,0.0,-1.1223769564562902,-1.1422566892753103,1334.0
1,0.0,0.3056807654761363,0.6021859673639035,1333.0
1,0.0,0.9177055034471764,0.8513920611695057,1332.0
1,0.0,-0.5103522184852503,0.8513920611695057,1331.0
1,0.0,0.3056807654761363,1.1005981549751078,1330.0
1,0.0,1.9377467333989096,0.1037737797526992,1329.0
1,0.0,1.121713749437523,-0.6438445016641062,1328.0
1,0.0,1.529730241418216,0.3529798735583014,1327.0
1,1.0,-1.5303934484369834,-1.1422566892753103,1326.0
1,0.0,0.3056807654761363,-0.8930505954697084,1325.0
1,0.0,-0.5103522184852503,0.1037737797526992,1324.0
1,0.0,1.9377467333989096,1.5990103425863111,1323.0
1,0.0,1.3257219954278696,0.8513920611695057,1322.0
1,0.0,0.5096890114664829,0.3529798735583014,1321.0
1,0.0,1.121713749437523,1.5990103425863111,1320.0
1,0.0,2.141754979389256,1.349804248780709,1319.0
1,0.0,-0.9183687104659436,0.1037737797526992,1318.0
1,0.0,-1.326385202446637,0.6021859673639035,1317.0
1,0.0,1.529730241418216,-0.8930505954697084,1316.0
1,0.0,-0.9183687104659436,1.5990103425863111,1315.0
1,0.0,0.10167251948578968,-0.3946384078585041,1314.0
1,0.0,0.9177055034471764,1.349804248780709,1313.0
1,0.0,-0.9183687104659436,0.6021859673639035,1312.0
1,0.0,0.5096890114664829,0.3529798735583014,1311.0
1,0.0,-0.6123563414804236,-0.14543231405290188,1310.0
1,0.0,0.3056807654761363,-0.14543231405290188,1309.0
1,0.0,0.5096890114664829,1.1005981549751078,1308.0
1,0.0,0.3056807654761363,1.1005981549751078,1307.0
1,0.0,0.9177055034471764,0.1037737797526992,1306.0
1,0.0,-0.3063439724949036,-0.14543231405290188,1305.0
1,0.0,-0.7143604644755969,-0.3946384078585041,1304.0
1,0.0,1.529730241418216,-0.8930505954697084,1303.0
1,0.0,1.3257219954278696,0.1037737797526992,1302.0
1,0.0,0.3056807654761363,0.8513920611695057,1301.0
1,0.0,1.7337384874085628,-0.3946384078585041,1300.0
1,0.0,0.9177055034471764,1.349804248780709,1299.0
1,0.0,-0.7143604644755969,-0.6438445016641062,1298.0
1,0.0,1.121713749437523,0.3529798735583014,1297.0
1,0.0,1.3257219954278696,0.3529798735583014,1296.0
1,0.0,0.7136972574568297,0.3529798735583014,1295.0
1,0.0,0.3056807654761363,-0.14543231405290188,1294.0
1,0.0,-0.9183687104659436,0.1037737797526992,1293.0
1,0.0,1.7337384874085628,1.349804248780709,1292.0
1,0.0,0.3056807654761363,0.3529798735583014,1291.0
1,0.0,-1.326385202446637,0.6021859673639035,1290.0
1,0.0,-2.34642643239837,-1.1422566892753103,1289.0
1,0.0,0.7136972574568297,0.6021859673639035,1288.0
1,0.0,0.7136972574568297,-1.1422566892753103,1287.0
1,0.0,-0.10233572650455697,0.3529798735583014,1286.0
1,0.0,-0.10233572650455697,1.349804248780709,1285.0
1,0.0,0.10167251948578968,-1.640668876886514,1284.0
1,0.0,0.5096890114664829,-0.6438445016641062,1283.0
1,0.0,0.3056807654761363,2.0974225301975142,1282.0
1,0.0,-0.10233572650455697,-0.8930505954697084,1281.0
1,0.0,-1.1223769564562902,-0.6438445016641062,1280.0
1,0.0,-0.9183687104659436,-0.3946384078585041,1279.0
1,0.0,-0.7143604644755969,0.8513920611695057,1278.0
1,0.0,0.9177055034471764,0.6021859673639035,1277.0
1,0.0,-0.10233572650455697,1.349804248780709,1276.0
1,0.0,0.3056807654761363,0.8513920611695057,1275.0
1,0.0,1.7337384874085628,1.1005981549751078,1274.0
1,0.0,-0.7143604644755969,1.1005981549751078,1273.0
1,0.0,-0.7143604644755969,1.5990103425863111,1272.0
1,0.0,0.7136972574568297,0.8513920611695057,1271.0
1,0.0,0.9177055034471764,-1.1422566892753103,1270.0
1,0.0,0.5096890114664829,1.349804248780709,1269.0
1,0.0,1.7337384874085628,-0.14543231405290188,1268.0
1,0.0,0.3056807654761363,1.5990103425863111,1267.0
1,0.0,-1.326385202446637,0.6021859673639035,1266.0
1,0.0,1.3257219954278696,-0.8930505954697084,1265.0
1,0.0,0.7136972574568297,1.5990103425863111,1264.0
1,0.0,-0.5103522184852503,1.8482164363919131,1263.0
1,0.0,0.3056807654761363,0.6021859673639035,1262.0
1,0.0,-0.40834809549007695,-0.8930505954697084,1261.0
1,0.0,1.3257219954278696,-0.14543231405290188,1260.0
1,0.0,0.9177055034471764,-0.3946384078585041,1259.0
1,0.0,0.10167251948578968,1.5990103425863111,1258.0
1,0.0,-0.3063439724949036,0.8513920611695057,1257.0
1,0.0,1.3257219954278696,-0.8930505954697084,1256.0
1,0.0,0.3056807654761363,0.6021859673639035,1255.0
1,0.0,-0.7143604644755969,-1.640668876886514,1254.0
1,0.0,0.5096890114664829,1.349804248780709,1253.0
1,0.0,0.3056807654761363,0.1037737797526992,1252.0
1,0.0,1.9377467333989096,1.1005981549751078,1251.0
1,0.0,1.121713749437523,1.5990103425863111,1250.0
1,0.0,0.10167251948578968,-0.14543231405290188,1249.0
1,0.0,-0.3063439724949036,-0.8930505954697084,1248.0
1,0.0,1.529730241418216,0.6021859673639035,1247.0
1,0.0,-1.1223769564562902,-0.3946384078585041,1246.0
1,0.0,-0.10233572650455697,0.6021859673639035,1245.0
1,0.0,1.121713749437523,-0.14543231405290188,1244.0
1,0.0,0.5096890114664829,-0.6438445016641062,1243.0
1,0.0,0.5096890114664829,0.8513920611695057,1242.0
1,0.0,0.9177055034471764,0.3529798735583014,1241.0
1,0.0,0.9177055034471764,-0.3946384078585041,1240.0
1,0.0,-1.1223769564562902,0.6021859673639035,1239.0
1,0.0,-0.3063439724949036,-1.3914627830809116,1238.0
1,0.0,0.3056807654761363,0.3529798735583014,1237.0
1,0.0,0.7136972574568297,0.6021859673639035,1236.0
1,0.0,-1.2243810794514636,0.1037737797526992,1235.0
1,0.0,1.121713749437523,-0.3946384078585041,1234.0
1,0.0,1.7337384874085628,-2.1390810644977183,1233.0
1,0.0,0.5096890114664829,-0.3946384078585041,1232.0
1,0.0,-0.5103522184852503,-0.14543231405290188,1231.0
1,0.0,-0.00033160350938363367,0.3529798735583014,1230.0
1,0.0,-1.326385202446637,-0.8930505954697084,1229.0
1,0.0,-1.326385202446637,0.6021859673639035,1228.0
1,0.0,-0.3063439724949036,-0.3946384078585041,1227.0
1,0.0,-0.7143604644755969,0.8513920611695057,1226.0
1,0.0,-0.7143604644755969,0.1037737797526992,1225.0
1,0.0,-0.3063439724949036,-0.14543231405290188,1224.0
1,0.0,0.5096890114664829,-0.3946384078585041,1223.0
1,0.0,1.7337384874085628,1.5990103425863111,1222.0
1,0.0,2.141754979389256,1.5990103425863111,1221.0
1,0.0,1.3257219954278696,1.8482164363919131,1220.0
1,0.0,1.7337384874085628,0.6021859673639035,1219.0
1,0.0,1.529730241418216,-0.6438445016641062,1218.0
1,0.0,-0.5103522184852503,-1.640668876886514,1217.0
1,0.0,-1.6323975714321568,-0.3946384078585041,1216.0
1,0.0,0.9177055034471764,0.6021859673639035,1215.0
1,0.0,1.3257219954278696,0.6021859673639035,1214.0
1,0.0,0.9177055034471764,0.6021859673639035,1213.0
1,0.0,1.3257219954278696,-0.14543231405290188,1212.0
1,0.0,0.10167251948578968,-0.14543231405290188,1211.0
1,0.0,-0.9183687104659436,1.349804248780709,1210.0
1,0.0,1.3257219954278696,1.349804248780709,1209.0
1,0.0,0.9177055034471764,0.8513920611695057,1208.0
1,0.0,-0.10233572650455697,0.1037737797526992,1207.0
1,0.0,-0.9183687104659436,-3.385111533525728,1206.0
1,0.0,0.5096890114664829,0.1037737797526992,1205.0
1,0.0,1.9377467333989096,0.1037737797526992,1204.0
1,0.0,-0.3063439724949036,1.1005981549751078,1203.0
1,0.0,0.7136972574568297,-0.14543231405290188,1202.0
1,0.0,-0.9183687104659436,0.3529798735583014,1201.0
1,0.0,0.7136972574568297,-0.14543231405290188,1200.0
1,0.0,0.9177055034471764,0.1037737797526992,1199.0
1,0.0,1.7337384874085628,-0.3946384078585041,1198.0
1,0.0,0.5096890114664829,-1.3914627830809116,1197.0
1,0.0,0.7136972574568297,0.8513920611695057,1196.0
1,0.0,0.3056807654761363,-0.3946384078585041,1195.0
1,0.0,1.3257219954278696,1.5990103425863111,1194.0
1,0.0,2.141754979389256,1.1005981549751078,1193.0
1,0.0,-0.8163645874707702,0.3529798735583014,1192.0
1,0.0,0.5096890114664829,-1.640668876886514,1191.0
1,0.0,-1.4283893254418103,-1.3914627830809116,1190.0
1,0.0,-0.3063439724949036,0.1037737797526992,1189.0
1,0.0,0.10167251948578968,-0.14543231405290188,1188.0
1,0.0,0.7136972574568297,0.3529798735583014,1187.0
1,0.0,0.5096890114664829,0.8513920611695057,1186.0
1,0.0,-1.326385202446637,-1.1422566892753103,1185.0
1,0.0,0.3056807654761363,-0.3946384078585041,1184.0
1,0.0,1.3257219954278696,1.349804248780709,1183.0
1,0.0,0.10167251948578968,1.349804248780709,1182.0
1,0.0,1.7337384874085628,0.8513920611695057,1181.0
1,0.0,0.9177055034471764,0.6021859673639035,1180.0
1,0.0,1.9377467333989096,0.6021859673639035,1179.0
1,0.0,-0.3063439724949036,1.8482164363919131,1178.0
1,0.0,1.529730241418216,0.3529798735583014,1177.0
1,0.0,-0.7143604644755969,0.8513920611695057,1176.0
1,0.0,-0.10233572650455697,0.8513920611695057,1175.0
1,0.0,-1.1223769564562902,0.3529798735583014,1174.0
1,0.0,0.5096890114664829,0.8513920611695057,1173.0
1,0.0,-1.326385202446637,0.3529798735583014,1172.0
1,0.0,-1.5303934484369834,-0.3946384078585041,1171.0
1,0.0,-0.5103522184852503,-1.1422566892753103,1170.0
1,0.0,1.7337384874085628,-1.640668876886514,1169.0
1,0.0,1.121713749437523,0.3529798735583014,1168.0
1,0.0,2.141754979389256,0.1037737797526992,1167.0
1,0.0,1.3257219954278696,1.5990103425863111,1166.0
1,0.0,0.3056807654761363,0.8513920611695057,1165.0
1,0.0,-0.9183687104659436,0.6021859673639035,1164.0
1,0.0,0.3056807654761363,0.8513920611695057,1163.0
1,0.0,0.3056807654761363,-1.640668876886514,1162.0
1,0.0,0.3056807654761363,0.3529798735583014,1161.0
1,0.0,0.9177055034471764,0.8513920611695057,1160.0
1,0.0,1.121713749437523,-1.1422566892753103,1159.0
1,0.0,0.9177055034471764,1.349804248780709,1158.0
1,0.0,0.9177055034471764,0.3529798735583014,1157.0
1,0.0,0.5096890114664829,-0.14543231405290188,1156.0
1,0.0,0.5096890114664829,0.3529798735583014,1155.0
1,0.0,-1.1223769564562902,1.5990103425863111,1154.0
1,0.0,0.9177055034471764,1.1005981549751078,1153.0
1,0.0,1.529730241418216,0.6021859673639035,1152.0
1,0.0,-1.1223769564562902,0.3529798735583014,1151.0
1,0.0,1.121713749437523,0.6021859673639035,1150.0
1,0.0,0.7136972574568297,0.8513920611695057,1149.0
1,0.0,-0.5103522184852503,0.3529798735583014,1148.0
1,0.0,0.7136972574568297,-0.14543231405290188,1147.0
1,0.0,0.3056807654761363,0.8513920611695057,1146.0
1,0.0,0.9177055034471764,-0.14543231405290188,1145.0
1,0.0,-0.10233572650455697,-0.14543231405290188,1144.0
1,0.0,1.121713749437523,0.1037737797526992,1143.0
1,0.0,-0.10233572650455697,1.1005981549751078,1142.0
1,0.0,-0.10233572650455697,0.8513920611695057,1141.0
1,0.0,1.9377467333989096,0.6021859673639035,1140.0
1,0.0,0.9177055034471764,0.8513920611695057,1139.0
1,0.0,0.7136972574568297,0.6021859673639035,1138.0
1,0.0,0.3056807654761363,0.1037737797526992,1137.0
1,0.0,-0.5103522184852503,0.3529798735583014,1136.0
1,0.0,-1.1223769564562902,-0.14543231405290188,1135.0
1,0.0,1.529730241418216,0.6021859673639035,1134.0
1,0.0,-0.20433984949973028,0.8513920611695057,1133.0
1,0.0,1.121713749437523,0.6021859673639035,1132.0
1,0.0,0.3056807654761363,-1.640668876886514,1131.0
1,0.0,-0.10233572650455697,0.8513920611695057,1130.0
1,0.0,0.10167251948578968,0.8513920611695057,1129.0
1,0.0,0.3056807654761363,1.349804248780709,1128.0
1,0.0,-0.3063439724949036,1.1005981549751078,1127.0
1,0.0,0.5096890114664829,-0.8930505954697084,1126.0
1,0.0,1.7337384874085628,0.6021859673639035,1125.0
1,0.0,-0.10233572650455697,-2.1390810644977183,1124.0
1,0.0,0.3056807654761363,0.3529798735583014,1123.0
1,0.0,-0.3063439724949036,0.1037737797526992,1122.0
1,0.0,0.5096890114664829,-0.14543231405290188,1121.0
1,0.0,-0.10233572650455697,-0.3946384078585041,1120.0
1,0.0,0.7136972574568297,-0.3946384078585041,1119.0
1,0.0,0.7136972574568297,-0.6438445016641062,1118.0
1,0.0,0.5096890114664829,0.8513920611695057,1117.0
1,0.0,0.9177055034471764,-1.1422566892753103,1116.0
1,0.0,1.7337384874085628,0.8513920611695057,1115.0
1,0.0,0.3056807654761363,0.6021859673639035,1114.0
1,0.0,0.5096890114664829,-0.6438445016641062,1113.0
1,0.0,1.3257219954278696,-0.6438445016641062,1112.0
1,0.0,-0.10233572650455697,0.1037737797526992,1111.0
1,0.0,1.3257219954278696,1.1005981549751078,1110.0
1,0.0,-0.10233572650455697,-0.6438445016641062,1109.0
1,0.0,-1.1223769564562902,-0.6438445016641062,1108.0
1,0.0,-0.10233572650455697,0.8513920611695057,1107.0
1,0.0,0.10167251948578968,-2.3882871583033203,1106.0
1,0.0,-0.3063439724949036,0.6021859673639035,1105.0
1,0.0,0.5096890114664829,-1.640668876886514,1104.0
1,0.0,1.529730241418216,0.3529798735583014,1103.0
1,0.0,-0.5103522184852503,-0.3946384078585041,1102.0
1,0.0,-1.1223769564562902,-0.14543231405290188,1101.0
1,0.0,0.5096890114664829,-2.3882871583033203,1100.0
1,0.0,1.121713749437523,-0.6438445016641062,1099.0
1,0.0,0.10167251948578968,0.3529798735583014,1098.0
1,0.0,0.9177055034471764,0.1037737797526992,1097.0
1,0.0,0.10167251948578968,-0.3946384078585041,1096.0
1,0.0,-1.938409940417677,0.6021859673639035,1095.0
1,0.0,-1.2243810794514636,-0.3946384078585041,1094.0
1,0.0,0.5096890114664829,-1.3914627830809116,1093.0
1,0.0,-1.1223769564562902,-0.8930505954697084,1092.0
1,0.0,0.10167251948578968,-0.3946384078585041,1091.0
1,0.0,0.9177055034471764,0.1037737797526992,1090.0
1,0.0,-1.7344016944273302,1.1005981549751078,1089.0
1,0.0,-0.7143604644755969,0.3529798735583014,1088.0
1,0.0,0.10167251948578968,0.3529798735583014,1087.0
1,0.0,-1.4283893254418103,-1.3914627830809116,1086.0
1,0.0,-0.5103522184852503,1.1005981549751078,1085.0
1,0.0,1.529730241418216,-0.14543231405290188,1084.0
1,0.0,-1.8364058174225035,0.6021859673639035,1083.0
1,0.0,0.203676642480963,-1.889874970692116,1082.0
1,0.0,0.7136972574568297,-0.14543231405290188,1081.0
1,0.0,1.121713749437523,1.1005981549751078,1080.0
1,0.0,-1.7344016944273302,-0.6438445016641062,1079.0
1,0.0,0.5096890114664829,-0.6438445016641062,1078.0
1,0.0,0.9177055034471764,0.3529798735583014,1077.0
1,0.0,0.10167251948578968,0.8513920611695057,1076.0
1,0.0,0.10167251948578968,0.1037737797526992,1075.0
1,0.0,0.10167251948578968,0.8513920611695057,1074.0
1,0.0,-0.9183687104659436,-0.6438445016641062,1073.0
1,0.0,0.10167251948578968,1.5990103425863111,1072.0
1,0.0,-2.34642643239837,0.3529798735583014,1071.0
1,0.0,1.3257219954278696,-0.14543231405290188,1070.0
1,0.0,-0.7143604644755969,-0.3946384078585041,1069.0
1,0.0,1.3257219954278696,0.8513920611695057,1068.0
1,0.0,0.5096890114664829,0.1037737797526992,1067.0
1,0.0,-0.10233572650455697,1.1005981549751078,1066.0
1,0.0,-0.10233572650455697,0.6021859673639035,1065.0
1,0.0,-0.10233572650455697,-0.3946384078585041,1064.0
1,0.0,1.121713749437523,-1.1422566892753103,1063.0
1,0.0,-1.4283893254418103,0.6021859673639035,1062.0
1,0.0,-0.9183687104659436,0.6021859673639035,1061.0
1,0.0,0.7136972574568297,1.1005981549751078,1060.0
1,0.0,0.9177055034471764,0.3529798735583014,1059.0
1,0.0,0.7136972574568297,-1.640668876886514,1058.0
1,0.0,0.10167251948578968,-1.640668876886514,1057.0
1,0.0,-0.10233572650455697,-1.1422566892753103,1056.0
1,0.0,2.141754979389256,-0.14543231405290188,1055.0
1,0.0,1.3257219954278696,-0.6438445016641062,1054.0
1,0.0,-0.5103522184852503,-1.1422566892753103,1053.0
1,0.0,-1.1223769564562902,-1.1422566892753103,1052.0
1,0.0,-0.3063439724949036,0.1037737797526992,1051.0
1,0.0,-0.10233572650455697,-1.1422566892753103,1050.0
1,0.0,0.5096890114664829,-0.6438445016641062,1049.0
1,0.0,0.3056807654761363,1.349804248780709,1048.0
1,0.0,-0.6123563414804236,0.6021859673639035,1047.0
1,0.0,1.7337384874085628,-0.14543231405290188,1046.0
1,0.0,1.9377467333989096,0.6021859673639035,1045.0
1,0.0,-1.5303934484369834,-1.640668876886514,1044.0
1,0.0,1.121713749437523,1.349804248780709,1043.0
1,0.0,1.121713749437523,1.1005981549751078,1042.0
1,0.0,-0.00033160350938363367,0.3529798735583014,1041.0
1,0.0,-1.1223769564562902,0.8513920611695057,1040.0
1,0.0,0.5096890114664829,-0.14543231405290188,1039.0
1,0.0,-0.7143604644755969,-0.3946384078585041,1038.0
1,0.0,0.3056807654761363,0.3529798735583014,1037.0
1,0.0,-0.10233572650455697,1.349804248780709,1036.0
1,0.0,2.141754979389256,0.3529798735583014,1035.0
1,0.0,0.10167251948578968,1.1005981549751078,1034.0
1,0.0,-1.326385202446637,-1.1422566892753103,1033.0
1,0.0,0.10167251948578968,-1.1422566892753103,1032.0
1,0.0,1.529730241418216,0.1037737797526992,1031.0
1,0.0,-0.5103522184852503,-0.6438445016641062,1030.0
1,0.0,0.3056807654761363,0.1037737797526992,1029.0
1,0.0,0.10167251948578968,-0.3946384078585041,1028.0
1,0.0,-1.1223769564562902,1.1005981549751078,1027.0
1,0.0,0.5096890114664829,0.8513920611695057,1026.0
1,0.0,-0.10233572650455697,-0.14543231405290188,1025.0
1,0.0,1.121713749437523,0.8513920611695057,1024.0
1,0.0,1.529730241418216,1.5990103425863111,1023.0
1,0.0,-0.5103522184852503,0.1037737797526992,1022.0
1,0.0,0.9177055034471764,-0.14543231405290188,1021.0
1,0.0,-0.7143604644755969,0.3529798735583014,1020.0
1,0.0,0.5096890114664829,1.8482164363919131,1019.0
1,0.0,-0.10233572650455697,-0.14543231405290188,1018.0
1,0.0,0.10167251948578968,-0.3946384078585041,1017.0
1,0.0,-0.7143604644755969,-0.3946384078585041,1016.0
1,0.0,-0.10233572650455697,0.3529798735583014,1015.0
1,0.0,-0.3063439724949036,-0.14543231405290188,1014.0
1,0.0,1.3257219954278696,1.349804248780709,1013.0
1,0.0,0.3056807654761363,0.6021859673639035,1012.0
1,0.0,0.5096890114664829,-0.8930505954697084,1011.0
1,0.0,-1.1223769564562902,0.8513920611695057,1010.0
1,0.0,0.7136972574568297,0.1037737797526992,1009.0
1,0.0,-0.5103522184852503,-1.1422566892753103,1008.0
1,0.0,-0.10233572650455697,-1.3914627830809116,1007.0
1,0.0,0.9177055034471764,-1.1422566892753103,1006.0
1,0.0,0.10167251948578968,-1.889874970692116,1005.0
1,0.0,0.3056807654761363,0.8513920611695057,1004.0
1,0.0,0.9177055034471764,0.1037737797526992,1003.0
1,0.0,0.7136972574568297,1.349804248780709,1002.0
1,0.0,-0.3063439724949036,1.1005981549751078,1001.0
1,0.0,1.3257219954278696,1.1005981549751078,1000.0
1,0.0,1.9377467333989096,0.8513920611695057,999.0
1,0.0,1.3257219954278696,0.6021859673639035,998.0
1,0.0,0.10167251948578968,1.1005981549751078,997.0
1,0.0,0.7136972574568297,1.5990103425863111,996.0
1,0.0,0.3056807654761363,0.3529798735583014,995.0
1,0.0,-0.5103522184852503,0.3529798735583014,994.0
1,0.0,1.121713749437523,-1.640668876886514,993.0
1,0.0,-1.326385202446637,-1.889874970692116,992.0
1,0.0,1.9377467333989096,0.8513920611695057,991.0
1,0.0,1.529730241418216,-2.3882871583033203,990.0
1,0.0,0.9177055034471764,1.1005981549751078,989.0
1,0.0,-0.9183687104659436,-1.1422566892753103,988.0
1,0.0,-0.9183687104659436,-0.3946384078585041,987.0
1,0.0,-1.1223769564562902,-1.889874970692116,986.0
1,0.0,-2.34642643239837,1.1005981549751078,985.0
1,0.0,0.3056807654761363,-0.8930505954697084,984.0
1,0.0,-0.5103522184852503,-2.1390810644977183,983.0
1,0.0,-0.10233572650455697,0.6021859673639035,982.0
1,0.0,-0.10233572650455697,0.8513920611695057,981.0
1,0.0,0.10167251948578968,-0.8930505954697084,980.0
1,0.0,0.9177055034471764,-0.14543231405290188,979.0
1,0.0,-0.10233572650455697,-0.3946384078585041,978.0
1,0.0,-0.10233572650455697,0.1037737797526992,977.0
1,0.0,0.5096890114664829,1.349804248780709,976.0
1,0.0,1.7337384874085628,0.6021859673639035,975.0
1,0.0,0.9177055034471764,-3.883523721136932,974.0
1,0.0,-0.5103522184852503,0.3529798735583014,973.0
1,0.0,0.3056807654761363,-1.3914627830809116,972.0
1,0.0,0.7136972574568297,-0.3946384078585041,971.0
1,0.0,0.3056807654761363,0.3529798735583014,970.0
1,0.0,-0.10233572650455697,-0.3946384078585041,969.0
1,0.0,1.529730241418216,0.6021859673639035,968.0
1,0.0,1.121713749437523,0.3529798735583014,967.0
1,0.0,-0.10233572650455697,1.1005981549751078,966.0
1,0.0,-0.3063439724949036,-0.6438445016641062,965.0
1,0.0,0.3056807654761363,-0.3946384078585041,964.0
1,0.0,-0.9183687104659436,-0.14543231405290188,963.0
1,0.0,0.10167251948578968,-0.6438445016641062,962.0
1,0.0,0.9177055034471764,1.5990103425863111,961.0
1,0.0,-1.7344016944273302,-1.889874970692116,960.0
1,0.0,0.5096890114664829,0.3529798735583014,959.0
1,0.0,1.7337384874085628,1.5990103425863111,958.0
1,0.0,1.7337384874085628,1.5990103425863111,957.0
1,0.0,-1.326385202446637,1.5990103425863111,956.0
1,0.0,-1.5303934484369834,-0.8930505954697084,955.0
1,0.0,-0.7143604644755969,1.5990103425863111,954.0
1,0.0,0.4076848884713097,0.1037737797526992,953.0
1,0.0,1.121713749437523,-0.3946384078585041,952.0
1,0.0,1.3257219954278696,1.1005981549751078,951.0
1,0.0,-0.10233572650455697,-1.1422566892753103,950.0
1,0.0,-0.3063439724949036,0.1037737797526992,949.0
1,0.0,0.5096890114664829,1.349804248780709,948.0
1,0.0,-0.5103522184852503,-0.14543231405290188,947.0
1,0.0,0.10167251948578968,-0.3946384078585041,946.0
1,0.0,1.3257219954278696,1.1005981549751078,945.0
1,0.0,-0.10233572650455697,0.6021859673639035,944.0
1,0.0,-1.5303934484369834,-0.3946384078585041,943.0
1,0.0,0.203676642480963,-0.14543231405290188,942.0
1,0.0,0.3056807654761363,0.6021859673639035,941.0
1,0.0,-1.5303934484369834,0.6021859673639035,940.0
1,0.0,-0.5103522184852503,1.1005981549751078,939.0
1,0.0,-0.5103522184852503,-0.6438445016641062,938.0
1,0.0,0.9177055034471764,0.3529798735583014,937.0
1,0.0,1.529730241418216,-0.8930505954697084,936.0
1,0.0,-1.0203728334611168,-0.6438445016641062,935.0
1,0.0,-0.3063439724949036,-0.14543231405290188,934.0
1,0.0,0.9177055034471764,-0.3946384078585041,933.0
1,0.0,0.10167251948578968,-1.3914627830809116,932.0
1,0.0,0.9177055034471764,1.1005981549751078,931.0
1,0.0,-1.5303934484369834,0.3529798735583014,930.0
1,0.0,-0.7143604644755969,-1.3914627830809116,929.0
1,0.0,-0.36754644629200706,1.1005981549751078,928.0
1,0.0,-1.1223769564562902,-1.640668876886514,927.0
1,0.0,-0.3063439724949036,0.6021859673639035,926.0
1,0.0,-1.1223769564562902,-0.6438445016641062,925.0
1,0.0,2.141754979389256,0.6021859673639035,924.0
1,0.0,0.10167251948578968,0.1037737797526992,923.0
1,0.0,-0.10233572650455697,0.6021859673639035,922.0
1,0.0,0.3056807654761363,-0.14543231405290188,921.0
1,0.0,-1.8364058174225035,1.5990103425863111,920.0
1,0.0,-0.9183687104659436,0.8513920611695057,919.0
1,0.0,-0.7143604644755969,0.6021859673639035,918.0
1,0.0,0.3056807654761363,-0.3946384078585041,917.0
1,0.0,1.3257219954278696,1.349804248780709,916.0
1,0.0,2.141754979389256,0.8513920611695057,915.0
1,0.0,-0.3063439724949036,-0.14543231405290188,914.0
1,0.0,0.9177055034471764,0.3529798735583014,913.0
1,0.0,0.10167251948578968,0.6021859673639035,912.0
1,0.0,0.10167251948578968,0.1037737797526992,911.0
1,0.0,0.5096890114664829,-1.3914627830809116,910.0
1,0.0,-0.9183687104659436,0.3529798735583014,909.0
1,0.0,-0.3063439724949036,-0.6438445016641062,908.0
1,0.0,0.9177055034471764,-1.1422566892753103,907.0
1,0.0,-0.5103522184852503,0.6021859673639035,906.0
1,0.0,0.7136972574568297,1.1005981549751078,905.0
1,0.0,-1.1223769564562902,1.1005981549751078,904.0
1,0.0,-0.7143604644755969,0.8513920611695057,903.0
1,0.0,-0.7143604644755969,0.1037737797526992,902.0
1,1.0,-0.10233572650455697,0.6021859673639035,901.0
1,0.0,-0.3063439724949036,0.3529798735583014,900.0
1,0.0,0.7136972574568297,0.6021859673639035,899.0
1,0.0,-0.5103522184852503,0.8513920611695057,898.0
1,0.0,-2.754442924379064,-0.6438445016641062,897.0
1,0.0,0.10167251948578968,1.5990103425863111,896.0
1,0.0,0.10167251948578968,1.349804248780709,895.0
1,0.0,0.7136972574568297,0.8513920611695057,894.0
1,0.0,-0.9183687104659436,-1.1422566892753103,893.0
1,0.0,0.5096890114664829,-0.3946384078585041,892.0
1,0.0,-0.7143604644755969,-0.3946384078585041,891.0
1,0.0,-1.5303934484369834,-0.3946384078585041,890.0
1,0.0,-1.326385202446637,0.1037737797526992,889.0
1,0.0,-0.3063439724949036,1.1005981549751078,888.0
1,0.0,-0.3063439724949036,0.6021859673639035,887.0
1,0.0,1.7337384874085628,1.5990103425863111,886.0
1,0.0,-0.5103522184852503,0.6021859673639035,885.0
1,0.0,-0.3063439724949036,0.3529798735583014,884.0
1,0.0,-2.34642643239837,0.6021859673639035,883.0
1,0.0,1.529730241418216,1.8482164363919131,882.0
1,0.0,-1.1223769564562902,-0.8930505954697084,881.0
1,0.0,-0.5103522184852503,-1.889874970692116,880.0
1,0.0,0.9177055034471764,-1.640668876886514,879.0
1,0.0,-0.9183687104659436,0.3529798735583014,878.0
1,0.0,-2.754442924379064,-0.14543231405290188,877.0
1,0.0,0.5096890114664829,-0.14543231405290188,876.0
1,0.0,-1.1223769564562902,0.8513920611695057,875.0
1,0.0,-0.3063439724949036,-0.14543231405290188,874.0
1,0.0,-0.3063439724949036,0.3529798735583014,873.0
1,0.0,0.10167251948578968,0.8513920611695057,872.0
1,0.0,2.141754979389256,0.6021859673639035,871.0
1,0.0,0.3056807654761363,0.1037737797526992,870.0
1,0.0,1.3257219954278696,1.8482164363919131,869.0
1,0.0,0.3056807654761363,1.5990103425863111,868.0
1,0.0,-0.5103522184852503,0.6021859673639035,867.0
1,0.0,-0.6123563414804236,-1.3914627830809116,866.0
1,0.0,-0.3063439724949036,0.1037737797526992,865.0
1,0.0,-0.5103522184852503,-1.1422566892753103,864.0
1,0.0,-0.3063439724949036,-0.3946384078585041,863.0
1,0.0,-0.5103522184852503,-1.3914627830809116,862.0
1,0.0,-0.7143604644755969,-0.8930505954697084,861.0
1,0.0,0.5096890114664829,-1.3914627830809116,860.0
1,0.0,-0.7143604644755969,0.1037737797526992,859.0
1,0.0,-0.3063439724949036,-0.6438445016641062,858.0
1,0.0,0.3056807654761363,1.1005981549751078,857.0
1,0.0,-0.3063439724949036,1.8482164363919131,856.0
1,0.0,0.3056807654761363,0.8513920611695057,855.0
1,0.0,0.7136972574568297,-0.8930505954697084,854.0
1,0.0,-0.7143604644755969,0.8513920611695057,853.0
1,0.0,-0.7143604644755969,0.1037737797526992,852.0
1,0.0,-0.5103522184852503,0.6021859673639035,851.0
1,0.0,-0.10233572650455697,-1.1422566892753103,850.0
1,0.0,0.10167251948578968,-0.3946384078585041,849.0
1,0.0,0.5096890114664829,1.5990103425863111,848.0
1,0.0,0.5096890114664829,-0.8930505954697084,847.0
1,0.0,0.4076848884713097,-0.14543231405290188,846.0
1,0.0,0.3056807654761363,-0.6438445016641062,845.0
1,0.0,-0.10233572650455697,-1.640668876886514,844.0
1,0.0,0.5096890114664829,0.6021859673639035,843.0
1,0.0,0.10167251948578968,0.3529798735583014,842.0
1,0.0,-0.7143604644755969,-0.3946384078585041,841.0
1,0.0,-0.10233572650455697,0.1037737797526992,840.0
1,0.0,-0.5103522184852503,-0.6438445016641062,839.0
1,0.0,-1.1223769564562902,0.1037737797526992,838.0
1,0.0,-0.10233572650455697,0.6021859673639035,837.0
1,0.0,-0.10233572650455697,-0.6438445016641062,836.0
1,0.0,-0.9183687104659436,-0.3946384078585041,835.0
1,0.0,0.7136972574568297,0.1037737797526992,834.0
1,0.0,1.7337384874085628,0.6021859673639035,833.0
1,0.0,-0.10233572650455697,-2.8866993459145243,832.0
1,0.0,1.3257219954278696,-1.3914627830809116,831.0
1,0.0,-0.9183687104659436,0.6021859673639035,830.0
1,0.0,1.9377467333989096,0.3529798735583014,829.0
1,0.0,-1.4283893254418103,-1.3914627830809116,828.0
1,0.0,0.3056807654761363,0.6021859673639035,827.0
1,0.0,0.5096890114664829,0.8513920611695057,826.0
1,0.0,0.10167251948578968,1.1005981549751078,825.0
1,0.0,-0.3063439724949036,1.349804248780709,824.0
1,0.0,-0.7143604644755969,0.1037737797526992,823.0
1,0.0,-0.10233572650455697,-2.1390810644977183,822.0
1,0.0,-0.10233572650455697,-0.8930505954697084,821.0
1,0.0,-0.3063439724949036,0.8513920611695057,820.0
1,0.0,-0.00033160350938363367,-1.640668876886514,819.0
1,0.0,2.141754979389256,0.8513920611695057,818.0
1,0.0,0.5096890114664829,1.1005981549751078,817.0
1,0.0,-0.7143604644755969,-0.8930505954697084,816.0
1,0.0,-1.2243810794514636,-0.14543231405290188,815.0
1,0.0,-1.0203728334611168,0.3529798735583014,814.0
1,0.0,0.10167251948578968,0.3529798735583014,813.0
1,0.0,-0.10233572650455697,-0.8930505954697084,812.0
1,0.0,0.5096890114664829,0.8513920611695057,811.0
1,0.0,-0.5103522184852503,1.8482164363919131,810.0
1,0.0,1.121713749437523,1.1005981549751078,809.0
1,0.0,-0.8163645874707702,1.349804248780709,808.0
1,0.0,-1.326385202446637,-0.14543231405290188,807.0
1,0.0,0.3056807654761363,-1.1422566892753103,806.0
1,0.0,0.9177055034471764,0.1037737797526992,805.0
1,0.0,1.3257219954278696,1.1005981549751078,804.0
1,0.0,-0.9183687104659436,-0.14543231405290188,803.0
1,0.0,-0.5103522184852503,-0.3946384078585041,802.0
1,0.0,0.7136972574568297,-0.6438445016641062,801.0
1,0.0,0.10167251948578968,-0.3946384078585041,800.0
1,0.0,-0.9183687104659436,0.6021859673639035,799.0
1,0.0,-0.10233572650455697,-0.8930505954697084,798.0
1,0.0,-0.10233572650455697,0.6021859673639035,797.0
1,0.0,-2.550434678388717,-1.640668876886514,796.0
1,0.0,1.3257219954278696,-1.640668876886514,795.0
1,0.0,0.10167251948578968,0.8513920611695057,794.0
1,0.0,-0.3063439724949036,-0.14543231405290188,793.0
1,0.0,-0.5103522184852503,-0.3946384078585041,792.0
1,0.0,1.7337384874085628,1.8482164363919131,791.0
1,0.0,-1.1223769564562902,-0.8930505954697084,790.0
1,0.0,0.10167251948578968,-1.889874970692116,789.0
1,0.0,-0.5103522184852503,0.1037737797526992,788.0
1,0.0,-0.10233572650455697,0.6021859673639035,787.0
1,0.0,0.9177055034471764,0.3529798735583014,786.0
1,0.0,0.7136972574568297,0.1037737797526992,785.0
1,0.0,0.5096890114664829,1.5990103425863111,784.0
1,0.0,-0.7143604644755969,-0.6438445016641062,783.0
1,0.0,0.5096890114664829,-0.14543231405290188,782.0
1,0.0,0.7136972574568297,-1.1422566892753103,781.0
1,0.0,-0.20433984949973028,0.3529798735583014,780.0
1,0.0,-0.7143604644755969,-0.14543231405290188,779.0
1,0.0,1.121713749437523,0.6021859673639035,778.0
1,0.0,-0.10233572650455697,0.8513920611695057,777.0
1,0.0,-1.1223769564562902,0.3529798735583014,776.0
1,0.0,0.5096890114664829,-0.6438445016641062,775.0
1,0.0,0.3056807654761363,0.1037737797526992,774.0
1,0.0,-1.5303934484369834,1.349804248780709,773.0
1,0.0,-0.9183687104659436,-0.14543231405290188,772.0
1,0.0,2.141754979389256,-0.14543231405290188,771.0
1,0.0,0.3056807654761363,-1.3914627830809116,770.0
1,0.0,-0.9183687104659436,1.5990103425863111,769.0
1,0.0,-0.10233572650455697,-0.3946384078585041,768.0
1,0.0,0.7136972574568297,-0.14543231405290188,767.0
1,0.0,-2.203620660205128,-0.14543231405290188,766.0
1,0.0,0.7136972574568297,-3.1359054397201263,765.0
1,0.0,0.3056807654761363,0.8513920611695057,764.0
1,0.0,-1.0203728334611168,1.5990103425863111,763.0
1,0.0,-0.9183687104659436,0.1037737797526992,762.0
1,0.0,-0.7143604644755969,-0.3946384078585041,761.0
1,0.0,1.121713749437523,-1.640668876886514,760.0
1,0.0,-0.6123563414804236,-1.3914627830809116,759.0
1,0.0,-0.7143604644755969,-1.3914627830809116,758.0
1,0.0,0.3056807654761363,-0.3946384078585041,757.0
1,0.0,-0.7143604644755969,1.5990103425863111,756.0
1,0.0,0.5096890114664829,-0.3946384078585041,755.0
1,0.0,0.3056807654761363,1.1005981549751078,754.0
1,0.0,0.3056807654761363,0.1037737797526992,753.0
1,0.0,-0.8163645874707702,-1.3914627830809116,752.0
1,0.0,0.5096890114664829,0.3529798735583014,751.0
1,0.0,1.3257219954278696,-0.3946384078585041,750.0
1,0.0,-0.9183687104659436,0.6021859673639035,749.0
1,0.0,0.10167251948578968,1.1005981549751078,748.0
1,0.0,-0.9183687104659436,0.1037737797526992,747.0
1,0.0,0.10167251948578968,-0.14543231405290188,746.0
1,0.0,-0.10233572650455697,0.8513920611695057,745.0
1,0.0,0.10167251948578968,-1.3914627830809116,744.0
1,0.0,-0.5103522184852503,0.6021859673639035,743.0
1,0.0,0.10167251948578968,-0.14543231405290188,742.0
1,0.0,0.9177055034471764,-0.3946384078585041,741.0
1,0.0,-1.387587676243741,-2.3882871583033203,740.0
1,0.0,0.7136972574568297,-0.3946384078585041,739.0
1,0.0,0.7136972574568297,0.1037737797526992,738.0
1,0.0,-0.5103522184852503,-0.3946384078585041,737.0
1,0.0,0.10167251948578968,0.6021859673639035,736.0
1,0.0,-1.6323975714321568,0.1037737797526992,735.0
1,0.0,-0.8163645874707702,-0.14543231405290188,734.0
1,0.0,-3.672480031335623,-0.14543231405290188,733.0
1,0.0,-0.10233572650455697,-0.14543231405290188,732.0
1,0.0,1.121713749437523,-0.14543231405290188,731.0
1,0.0,1.3257219954278696,1.1005981549751078,730.0
1,0.0,0.7136972574568297,1.8482164363919131,729.0
1,0.0,-0.5103522184852503,0.6021859673639035,728.0
1,0.0,-0.8163645874707702,0.1037737797526992,727.0
1,0.0,0.5096890114664829,0.3529798735583014,726.0
1,0.0,0.3056807654761363,0.8513920611695057,725.0
1,0.0,-0.10233572650455697,-0.14543231405290188,724.0
1,0.0,0.5096890114664829,1.1005981549751078,723.0
1,0.0,-1.0203728334611168,0.6021859673639035,722.0
1,0.0,-0.10233572650455697,-0.14543231405290188,721.0
1,0.0,-0.7143604644755969,0.1037737797526992,720.0
1,0.0,-0.10233572650455697,-0.3946384078585041,719.0
1,0.0,2.141754979389256,-1.1422566892753103,718.0
1,0.0,0.5096890114664829,1.5990103425863111,717.0
1,0.0,-1.326385202446637,1.349804248780709,716.0
1,0.0,0.7136972574568297,1.349804248780709,715.0
1,0.0,-0.3063439724949036,0.8513920611695057,714.0
1,0.0,-0.5103522184852503,-1.3914627830809116,713.0
1,0.0,-0.5103522184852503,1.349804248780709,712.0
1,0.0,-0.7143604644755969,0.8513920611695057,711.0
1,0.0,0.7136972574568297,-0.14543231405290188,710.0
1,0.0,0.203676642480963,0.1037737797526992,709.0
1,0.0,-0.9183687104659436,-0.3946384078585041,708.0
1,0.0,0.7136972574568297,-0.3946384078585041,707.0
1,0.0,-0.7143604644755969,0.1037737797526992,706.0
1,0.0,1.121713749437523,-0.8930505954697084,705.0
1,0.0,1.529730241418216,1.349804248780709,704.0
1,0.0,1.529730241418216,0.1037737797526992,703.0
1,0.0,0.10167251948578968,1.1005981549751078,702.0
1,0.0,-0.10233572650455697,-1.3914627830809116,701.0
1,0.0,0.5096890114664829,-0.3946384078585041,700.0
1,0.0,-0.10233572650455697,0.6021859673639035,699.0
1,0.0,0.10167251948578968,1.349804248780709,698.0
1,0.0,-3.672480031335623,-0.8930505954697084,697.0
1,0.0,-0.10233572650455697,0.1037737797526992,696.0
1,0.0,-0.10233572650455697,-0.14543231405290188,695.0
1,0.0,0.9177055034471764,1.349804248780709,694.0
1,0.0,-1.7344016944273302,0.3529798735583014,693.0
1,0.0,-2.34642643239837,-0.3946384078585041,692.0
1,1.0,-0.3063439724949036,-0.8930505954697084,691.0
1,0.0,0.5096890114664829,-2.1390810644977183,690.0
1,0.0,-3.917289926524038,-1.3914627830809116,689.0
1,0.0,-1.1223769564562902,1.1005981549751078,688.0
1,0.0,1.9377467333989096,1.1005981549751078,687.0
1,0.0,1.7337384874085628,-1.640668876886514,686.0
1,0.0,0.3056807654761363,1.5990103425863111,685.0
1,0.0,-0.3063439724949036,0.8513920611695057,684.0
1,0.0,-0.7143604644755969,0.6021859673639035,683.0
1,0.0,-1.326385202446637,-2.1390810644977183,682.0
1,0.0,-0.40834809549007695,-0.6438445016641062,681.0
1,0.0,0.7136972574568297,-2.1390810644977183,680.0
1,0.0,-0.10233572650455697,-0.14543231405290188,679.0
1,0.0,-0.6123563414804236,-0.8930505954697084,678.0
1,0.0,0.5096890114664829,-1.3914627830809116,677.0
1,0.0,0.7136972574568297,0.6021859673639035,676.0
1,0.0,0.5096890114664829,-0.14543231405290188,675.0
1,0.0,0.9177055034471764,0.1037737797526992,674.0
1,0.0,-1.6323975714321568,-0.8930505954697084,673.0
1,0.0,0.9177055034471764,0.8513920611695057,672.0
1,0.0,-0.5103522184852503,1.349804248780709,671.0
1,0.0,0.9177055034471764,1.5990103425863111,670.0
1,0.0,-0.00033160350938363367,-0.3946384078585041,669.0
1,0.0,-0.3063439724949036,0.1037737797526992,668.0
1,0.0,1.7337384874085628,1.1005981549751078,667.0
1,0.0,0.3056807654761363,1.1005981549751078,666.0
1,0.0,0.10167251948578968,0.6021859673639035,665.0
1,0.0,1.3257219954278696,0.1037737797526992,664.0
1,0.0,-0.9183687104659436,-0.6438445016641062,663.0
1,0.0,-1.326385202446637,0.1037737797526992,662.0
1,0.0,0.7136972574568297,-0.6438445016641062,661.0
1,0.0,0.7136972574568297,-0.6438445016641062,660.0
1,0.0,-0.3063439724949036,-2.1390810644977183,659.0
1,0.0,-0.8163645874707702,-0.3946384078585041,658.0
1,0.0,-0.5103522184852503,-0.6438445016641062,657.0
1,0.0,-0.5103522184852503,-0.14543231405290188,656.0
1,0.0,-0.9183687104659436,1.1005981549751078,655.0
1,0.0,0.7136972574568297,1.349804248780709,654.0
1,0.0,0.5096890114664829,-0.8930505954697084,653.0
1,0.0,1.121713749437523,-0.3946384078585041,652.0
1,0.0,1.121713749437523,-0.6438445016641062,651.0
1,0.0,0.7136972574568297,-1.3914627830809116,650.0
1,0.0,0.3056807654761363,-0.14543231405290188,649.0
1,0.0,1.3257219954278696,-1.889874970692116,648.0
1,0.0,0.5096890114664829,0.3529798735583014,647.0
1,0.0,-1.5303934484369834,-0.14543231405290188,646.0
1,0.0,0.7136972574568297,0.3529798735583014,645.0
1,0.0,-2.4484305553935437,-1.3914627830809116,644.0
1,0.0,0.3056807654761363,-0.8930505954697084,643.0
1,0.0,-0.10233572650455697,-1.1422566892753103,642.0
1,0.0,0.5096890114664829,1.349804248780709,641.0
1,0.0,-0.5103522184852503,-2.1390810644977183,640.0
1,0.0,0.3056807654761363,0.8513920611695057,639.0
1,0.0,0.5096890114664829,0.3529798735583014,638.0
1,0.0,0.7136972574568297,0.8513920611695057,637.0
1,0.0,1.529730241418216,0.6021859673639035,636.0
1,0.0,-0.9183687104659436,-1.1422566892753103,635.0
1,0.0,1.529730241418216,-1.3914627830809116,634.0
1,0.0,-0.10233572650455697,0.1037737797526992,633.0
1,0.0,0.3056807654761363,1.8482164363919131,632.0
1,0.0,-0.10233572650455697,0.8513920611695057,631.0
1,0.0,-1.4283893254418103,1.1005981549751078,630.0
1,0.0,0.10167251948578968,-0.14543231405290188,629.0
1,0.0,0.203676642480963,0.1037737797526992,628.0
1,0.0,-0.20433984949973028,0.3529798735583014,627.0
1,0.0,-1.7344016944273302,-0.8930505954697084,626.0
1,0.0,-0.7143604644755969,0.1037737797526992,625.0
1,0.0,-0.7143604644755969,0.1037737797526992,624.0
1,0.0,-0.7143604644755969,0.3529798735583014,623.0
1,0.0,1.529730241418216,0.6021859673639035,622.0
1,0.0,1.3257219954278696,0.3529798735583014,621.0
1,0.0,0.9177055034471764,0.6021859673639035,620.0
1,0.0,-1.7344016944273302,-0.6438445016641062,619.0
1,0.0,0.10167251948578968,-1.1422566892753103,618.0
1,0.0,-2.2444223094031965,-0.8930505954697084,617.0
1,0.0,-2.0404140634128503,-1.640668876886514,616.0
1,0.0,-1.1223769564562902,-0.6438445016641062,615.0
1,0.0,1.3257219954278696,-0.6438445016641062,614.0
1,0.0,-1.1223769564562902,1.349804248780709,613.0
1,0.0,-0.7143604644755969,-0.6438445016641062,612.0
1,0.0,0.5096890114664829,-0.3946384078585041,611.0
1,0.0,0.5096890114664829,-1.1422566892753103,610.0
1,0.0,-0.5103522184852503,-1.889874970692116,609.0
1,0.0,-0.3063439724949036,0.3529798735583014,608.0
1,0.0,0.7136972574568297,1.1005981549751078,607.0
1,0.0,-1.938409940417677,-2.1390810644977183,606.0
1,0.0,-0.20433984949973028,-0.14543231405290188,605.0
1,0.0,-0.5103522184852503,-0.3946384078585041,604.0
1,0.0,-0.3063439724949036,-1.3914627830809116,603.0
1,0.0,0.5096890114664829,0.6021859673639035,602.0
1,0.0,-0.7143604644755969,0.6021859673639035,601.0
1,0.0,0.10167251948578968,0.3529798735583014,600.0
1,0.0,-0.9183687104659436,-0.8930505954697084,599.0
1,0.0,0.5096890114664829,1.5990103425863111,598.0
1,0.0,0.10167251948578968,0.6021859673639035,597.0
1,0.0,1.529730241418216,0.6021859673639035,596.0
1,0.0,-0.5103522184852503,1.1005981549751078,595.0
1,0.0,-0.9183687104659436,-0.14543231405290188,594.0
1,0.0,0.7136972574568297,0.3529798735583014,593.0
1,0.0,1.9377467333989096,0.8513920611695057,592.0
1,0.0,-0.7143604644755969,0.8513920611695057,591.0
1,0.0,0.3056807654761363,-0.14543231405290188,590.0
1,0.0,0.9177055034471764,-1.640668876886514,589.0
1,0.0,-1.0203728334611168,1.349804248780709,588.0
1,0.0,-1.4283893254418103,-0.14543231405290188,587.0
1,0.0,-2.34642643239837,-0.6438445016641062,586.0
1,0.0,0.7136972574568297,1.349804248780709,585.0
1,0.0,-0.3063439724949036,0.1037737797526992,584.0
1,0.0,0.5096890114664829,0.8513920611695057,583.0
1,0.0,-0.7143604644755969,0.3529798735583014,582.0
1,0.0,1.9377467333989096,0.3529798735583014,581.0
1,0.0,-1.5303934484369834,0.6021859673639035,580.0
1,0.0,-1.5303934484369834,-0.6438445016641062,579.0
1,0.0,-0.10233572650455697,0.1037737797526992,578.0
1,0.0,0.9177055034471764,0.1037737797526992,577.0
1,0.0,0.7136972574568297,0.6021859673639035,576.0
1,0.0,-0.10233572650455697,0.6021859673639035,575.0
1,0.0,-2.95845117036941,0.1037737797526992,574.0
1,0.0,-0.10233572650455697,-2.3882871583033203,573.0
1,0.0,-0.3063439724949036,0.6021859673639035,572.0
1,0.0,-1.326385202446637,-1.3914627830809116,571.0
1,0.0,-0.7143604644755969,-1.889874970692116,570.0
1,0.0,0.10167251948578968,-0.8930505954697084,569.0
1,0.0,-0.9183687104659436,0.3529798735583014,568.0
1,0.0,0.10167251948578968,1.349804248780709,567.0
1,0.0,-1.5303934484369834,-0.8930505954697084,566.0
1,0.0,-1.5303934484369834,-1.1422566892753103,565.0
1,0.0,0.10167251948578968,-1.1422566892753103,564.0
1,0.0,-0.00033160350938363367,-2.3882871583033203,563.0
1,0.0,0.9177055034471764,-0.14543231405290188,562.0
1,0.0,0.3056807654761363,0.8513920611695057,561.0
1,0.0,-1.4283893254418103,-0.14543231405290188,560.0
1,0.0,1.0197096264423495,-0.14543231405290188,559.0
1,0.0,1.7337384874085628,0.1037737797526992,558.0
1,0.0,-1.326385202446637,-0.14543231405290188,557.0
1,0.0,0.3056807654761363,1.349804248780709,556.0
1,0.0,-0.7143604644755969,-1.3914627830809116,555.0
1,0.0,-0.36754644629200706,-0.6438445016641062,554.0
1,0.0,-0.3063439724949036,-1.640668876886514,553.0
1,0.0,-0.9183687104659436,1.5990103425863111,552.0
1,0.0,0.10167251948578968,0.6021859673639035,551.0
1,0.0,-0.9183687104659436,-1.1422566892753103,550.0
1,0.0,1.529730241418216,-1.889874970692116,549.0
1,0.0,-1.938409940417677,0.6021859673639035,548.0
1,0.0,0.3056807654761363,-1.1422566892753103,547.0
1,0.0,-0.3063439724949036,1.1005981549751078,546.0
1,0.0,-0.7143604644755969,-0.6438445016641062,545.0
1,0.0,0.5096890114664829,-0.14543231405290188,544.0
1,0.0,-0.9183687104659436,1.349804248780709,543.0
1,0.0,-0.5103522184852503,1.1005981549751078,542.0
1,0.0,-1.326385202446637,0.3529798735583014,541.0
1,0.0,0.10167251948578968,1.1005981549751078,540.0
1,0.0,1.3257219954278696,-1.3914627830809116,539.0
1,0.0,2.141754979389256,1.5990103425863111,538.0
1,0.0,1.3257219954278696,0.1037737797526992,537.0
1,0.0,0.9177055034471764,0.1037737797526992,536.0
1,0.0,0.10167251948578968,-0.6438445016641062,535.0
1,0.0,-1.1223769564562902,-0.14543231405290188,534.0
1,0.0,-0.10233572650455697,-0.3946384078585041,533.0
1,0.0,-0.3063439724949036,-0.6438445016641062,532.0
1,0.0,-0.7143604644755969,-0.14543231405290188,531.0
1,0.0,1.7337384874085628,0.6021859673639035,530.0
1,0.0,-0.10233572650455697,0.1037737797526992,529.0
1,0.0,-0.5103522184852503,-0.14543231405290188,528.0
1,0.0,-0.7143604644755969,-0.3946384078585041,527.0
1,0.0,0.5096890114664829,-0.3946384078585041,526.0
1,0.0,-1.1223769564562902,-0.3946384078585041,525.0
1,0.0,-0.3063439724949036,0.1037737797526992,524.0
1,0.0,-0.7143604644755969,-0.8930505954697084,523.0
1,0.0,0.10167251948578968,-1.3914627830809116,522.0
1,0.0,-1.4283893254418103,-0.3946384078585041,521.0
1,0.0,0.10167251948578968,0.3529798735583014,520.0
1,0.0,0.9177055034471764,1.349804248780709,519.0
1,0.0,0.7136972574568297,-0.14543231405290188,518.0
1,0.0,1.3257219954278696,0.6021859673639035,517.0
1,0.0,-2.0404140634128503,0.8513920611695057,516.0
1,0.0,-1.326385202446637,-0.3946384078585041,515.0
1,0.0,-2.95845117036941,-1.3914627830809116,514.0
1,0.0,1.7337384874085628,0.6021859673639035,513.0
1,0.0,-0.40834809549007695,0.3529798735583014,512.0
1,0.0,-0.9183687104659436,0.1037737797526992,511.0
1,0.0,1.4277261184230432,-0.3946384078585041,510.0
1,0.0,-1.326385202446637,-1.3914627830809116,509.0
1,0.0,-1.1223769564562902,-0.14543231405290188,508.0
1,0.0,-0.10233572650455697,-0.6438445016641062,507.0
1,0.0,0.3056807654761363,-1.3914627830809116,506.0
1,0.0,-0.5103522184852503,-0.8930505954697084,505.0
1,0.0,-0.7143604644755969,-0.14543231405290188,504.0
1,0.0,-0.3063439724949036,0.3529798735583014,503.0
1,0.0,-0.10233572650455697,-0.6438445016641062,502.0
1,0.0,1.3257219954278696,1.349804248780709,501.0
1,0.0,-0.9183687104659436,0.3529798735583014,500.0
1,0.0,-0.6123563414804236,0.8513920611695057,499.0
1,0.0,0.9177055034471764,0.3529798735583014,498.0
1,0.0,-2.1424181864080234,-0.6438445016641062,497.0
1,0.0,0.10167251948578968,-0.6438445016641062,496.0
1,0.0,1.529730241418216,1.1005981549751078,495.0
1,0.0,0.3056807654761363,-0.6438445016641062,494.0
1,0.0,-0.8163645874707702,0.1037737797526992,493.0
1,0.0,1.9377467333989096,1.1005981549751078,492.0
1,1.0,1.529730241418216,-0.3946384078585041,491.0
1,0.0,-0.3063439724949036,-0.14543231405290188,490.0
1,0.0,-0.3063439724949036,0.3529798735583014,489.0
1,0.0,-1.0203728334611168,-1.3914627830809116,488.0
1,0.0,-0.10233572650455697,0.8513920611695057,487.0
1,0.0,1.3257219954278696,1.5990103425863111,486.0
1,0.0,0.5096890114664829,-1.3914627830809116,485.0
1,0.0,-0.10233572650455697,0.1037737797526992,484.0
1,0.0,-1.326385202446637,0.1037737797526992,483.0
1,0.0,-1.5303934484369834,-1.3914627830809116,482.0
1,0.0,0.9177055034471764,-0.14543231405290188,481.0
1,0.0,-0.7143604644755969,-0.6438445016641062,480.0
1,0.0,0.9177055034471764,-0.3946384078585041,479.0
1,0.0,-2.550434678388717,-2.1390810644977183,478.0
1,0.0,-0.10233572650455697,-0.3946384078585041,477.0
1,0.0,-1.4283893254418103,0.6021859673639035,476.0
1,0.0,-2.2444223094031965,1.1005981549751078,475.0
1,0.0,0.9177055034471764,-2.1390810644977183,474.0
1,0.0,1.121713749437523,1.5990103425863111,473.0
1,0.0,0.3056807654761363,0.1037737797526992,472.0
1,0.0,0.7136972574568297,0.3529798735583014,471.0
1,0.0,0.5096890114664829,0.6021859673639035,470.0
1,0.0,-0.3063439724949036,-0.3946384078585041,469.0
1,0.0,-1.1223769564562902,-0.14543231405290188,468.0
1,0.0,-0.40834809549007695,0.1037737797526992,467.0
1,0.0,0.3056807654761363,0.8513920611695057,466.0
1,0.0,0.10167251948578968,0.8513920611695057,465.0
1,0.0,-0.6123563414804236,-0.8930505954697084,464.0
1,0.0,0.5096890114664829,1.349804248780709,463.0
1,0.0,-1.061174482659187,-1.1422566892753103,462.0
1,0.0,-1.326385202446637,-2.1390810644977183,461.0
1,0.0,-0.3063439724949036,1.8482164363919131,460.0
1,0.0,-0.7143604644755969,0.8513920611695057,459.0
1,0.0,0.9177055034471764,-0.6438445016641062,458.0
1,0.0,-2.203620660205128,0.6021859673639035,457.0
1,0.0,0.10167251948578968,0.1037737797526992,456.0
1,0.0,1.3257219954278696,-0.6438445016641062,455.0
1,0.0,-0.20433984949973028,0.8513920611695057,454.0
1,0.0,-1.4283893254418103,-1.640668876886514,453.0
1,0.0,-1.1835794302533944,-2.8866993459145243,452.0
1,0.0,-0.5103522184852503,-1.3914627830809116,451.0
1,0.0,0.5096890114664829,-0.6438445016641062,450.0
1,0.0,-0.3063439724949036,0.3529798735583014,449.0
1,0.0,-0.9183687104659436,0.3529798735583014,448.0
1,0.0,1.529730241418216,1.349804248780709,447.0
1,0.0,-0.10233572650455697,-0.6438445016641062,446.0
1,0.0,-0.5103522184852503,0.3529798735583014,445.0
1,0.0,0.5096890114664829,-0.6438445016641062,444.0
1,0.0,0.9177055034471764,-0.3946384078585041,443.0
1,0.0,0.10167251948578968,-1.640668876886514,442.0
1,0.0,0.10167251948578968,0.6021859673639035,441.0
1,0.0,0.5096890114664829,0.6021859673639035,440.0
1,0.0,-1.5303934484369834,-0.3946384078585041,439.0
1,0.0,0.9177055034471764,-0.8930505954697084,438.0
1,0.0,0.5096890114664829,-2.1390810644977183,437.0
1,0.0,0.9177055034471764,0.6021859673639035,436.0
1,0.0,0.10167251948578968,0.1037737797526992,435.0
1,0.0,0.7136972574568297,1.1005981549751078,434.0
1,0.0,-0.9183687104659436,1.1005981549751078,433.0
1,0.0,0.7136972574568297,-1.889874970692116,432.0
1,0.0,0.10167251948578968,0.8513920611695057,431.0
1,0.0,1.7337384874085628,1.1005981549751078,430.0
1,0.0,-1.5303934484369834,-0.6438445016641062,429.0
1,0.0,-0.5103522184852503,1.1005981549751078,428.0
1,0.0,0.3056807654761363,-0.6438445016641062,427.0
1,0.0,-1.5303934484369834,-1.3914627830809116,426.0
1,0.0,0.10167251948578968,-1.640668876886514,425.0
1,0.0,1.7337384874085628,1.349804248780709,424.0
1,0.0,0.5708914852635864,0.8513920611695057,423.0
1,0.0,0.9177055034471764,1.1005981549751078,422.0
1,0.0,-0.10233572650455697,-1.1422566892753103,421.0
1,0.0,0.3056807654761363,-1.640668876886514,420.0
1,0.0,-1.2243810794514636,-0.14543231405290188,419.0
1,0.0,0.203676642480963,-0.6438445016641062,418.0
1,0.0,0.5096890114664829,0.8513920611695057,417.0
1,0.0,-0.10233572650455697,-0.6438445016641062,416.0
1,0.0,0.9177055034471764,1.8482164363919131,415.0
1,0.0,0.10167251948578968,0.1037737797526992,414.0
1,0.0,-1.7344016944273302,0.3529798735583014,413.0
1,0.0,0.10167251948578968,0.3529798735583014,412.0
1,0.0,0.10167251948578968,-0.14543231405290188,411.0
1,0.0,-0.9183687104659436,0.1037737797526992,410.0
1,0.0,-0.10233572650455697,1.5990103425863111,409.0
1,0.0,0.10167251948578968,0.8513920611695057,408.0
1,0.0,0.7136972574568297,0.8513920611695057,407.0
1,0.0,-0.8163645874707702,-2.1390810644977183,406.0
1,0.0,1.3257219954278696,-0.3946384078585041,405.0
1,0.0,1.529730241418216,-0.3946384078585041,404.0
1,0.0,0.5096890114664829,0.1037737797526992,403.0
1,0.0,-1.6323975714321568,0.3529798735583014,402.0
1,1.0,0.3056807654761363,-1.3914627830809116,401.0
1,0.0,0.7136972574568297,0.3529798735583014,400.0
1,0.0,-0.9183687104659436,0.1037737797526992,399.0
1,0.0,0.4076848884713097,0.8513920611695057,398.0
1,0.0,-1.5303934484369834,-1.3914627830809116,397.0
1,0.0,-0.20433984949973028,0.6021859673639035,396.0
1,0.0,-0.7143604644755969,0.1037737797526992,395.0
1,0.0,-1.8364058174225035,-0.3946384078585041,394.0
1,0.0,-0.10233572650455697,1.5990103425863111,393.0
1,0.0,-0.7143604644755969,1.349804248780709,392.0
1,0.0,1.121713749437523,-0.3946384078585041,391.0
1,0.0,-0.3063439724949036,0.6021859673639035,390.0
1,0.0,0.3056807654761363,0.3529798735583014,389.0
1,0.0,-0.7755629382727003,0.1037737797526992,388.0
1,0.0,-3.3664676623501038,-0.8930505954697084,387.0
1,0.0,-0.5103522184852503,-2.1390810644977183,386.0
1,0.0,0.5096890114664829,1.1005981549751078,385.0
1,0.0,0.3056807654761363,0.8513920611695057,384.0
1,0.0,-0.10233572650455697,0.1037737797526992,383.0
1,0.0,-0.10233572650455697,-0.3946384078585041,382.0
1,0.0,-0.7143604644755969,-0.14543231405290188,381.0
1,0.0,-1.1223769564562902,-2.1390810644977183,380.0
1,0.0,0.9177055034471764,-1.889874970692116,379.0
1,0.0,0.5096890114664829,-1.1422566892753103,378.0
1,0.0,0.5096890114664829,-0.8930505954697084,377.0
1,0.0,-2.203620660205128,0.1037737797526992,376.0
1,0.0,0.5096890114664829,-0.3946384078585041,375.0
1,0.0,-0.7143604644755969,0.6021859673639035,374.0
1,0.0,0.7136972574568297,0.8513920611695057,373.0
1,0.0,0.9177055034471764,0.6021859673639035,372.0
1,0.0,0.3056807654761363,-0.6438445016641062,371.0
1,0.0,-0.5103522184852503,0.8513920611695057,370.0
1,0.0,-2.754442924379064,-1.640668876886514,369.0
1,0.0,-0.5103522184852503,0.3529798735583014,368.0
1,0.0,-2.550434678388717,1.1005981549751078,367.0
1,0.0,-0.4491497446881468,-1.3914627830809116,366.0
1,0.0,0.9177055034471764,0.8513920611695057,365.0
1,0.0,-0.10233572650455697,0.6021859673639035,364.0
1,0.0,0.10167251948578968,0.6021859673639035,363.0
1,0.0,1.529730241418216,1.1005981549751078,362.0
1,0.0,-0.9183687104659436,1.1005981549751078,361.0
1,0.0,0.5096890114664829,-1.640668876886514,360.0
1,0.0,0.5096890114664829,0.6021859673639035,359.0
1,0.0,-1.0203728334611168,0.1037737797526992,358.0
1,0.0,-0.7143604644755969,-2.1390810644977183,357.0
1,0.0,-0.7143604644755969,-0.14543231405290188,356.0
1,0.0,-1.938409940417677,1.1005981549751078,355.0
1,0.0,-1.0203728334611168,-1.1422566892753103,354.0
1,0.0,0.9177055034471764,0.8513920611695057,353.0
1,0.0,1.529730241418216,0.3529798735583014,352.0
1,0.0,-0.10233572650455697,1.349804248780709,351.0
1,0.0,1.3257219954278696,-1.3914627830809116,350.0
1,0.0,-0.9183687104659436,-0.6438445016641062,349.0
1,0.0,1.3257219954278696,0.3529798735583014,348.0
1,0.0,-0.3063439724949036,-0.14543231405290188,347.0
1,0.0,1.3257219954278696,0.8513920611695057,346.0
1,0.0,1.529730241418216,-0.3946384078585041,345.0
1,0.0,-3.0196536441665143,-0.3946384078585041,344.0
1,0.0,0.3056807654761363,-2.1390810644977183,343.0
1,0.0,0.5096890114664829,0.1037737797526992,342.0
1,0.0,-0.7143604644755969,0.1037737797526992,341.0
1,0.0,0.9177055034471764,-0.3946384078585041,340.0
1,0.0,-1.5303934484369834,-0.14543231405290188,339.0
1,0.0,-0.40834809549007695,-0.3946384078585041,338.0
1,0.0,-0.10233572650455697,0.3529798735583014,337.0
1,0.0,0.10167251948578968,-0.3946384078585041,336.0
1,0.0,-0.3063439724949036,0.1037737797526992,335.0
1,0.0,0.3056807654761363,-0.6438445016641062,334.0
1,0.0,1.3257219954278696,0.8513920611695057,333.0
1,0.0,-0.10233572650455697,-0.3946384078585041,332.0
1,0.0,-0.9183687104659436,-0.14543231405290188,331.0
1,0.0,-0.7143604644755969,-0.3946384078585041,330.0
1,0.0,-0.10233572650455697,1.1005981549751078,329.0
1,0.0,-0.10233572650455697,-2.1390810644977183,328.0
1,0.0,-0.7143604644755969,0.6021859673639035,327.0
1,0.0,-1.326385202446637,-0.14543231405290188,326.0
1,0.0,-0.5103522184852503,-0.8930505954697084,325.0
1,0.0,-0.5103522184852503,0.1037737797526992,324.0
1,0.0,-0.9183687104659436,-0.3946384078585041,323.0
1,0.0,1.3257219954278696,0.6021859673639035,322.0
1,0.0,0.9177055034471764,0.6021859673639035,321.0
1,0.0,-0.8163645874707702,-0.14543231405290188,320.0
1,0.0,0.5096890114664829,-1.889874970692116,319.0
1,0.0,-0.7143604644755969,0.8513920611695057,318.0
1,0.0,-0.5715546922823537,-1.3914627830809116,317.0
1,0.0,-0.7143604644755969,-0.14543231405290188,316.0
1,0.0,0.10167251948578968,1.1005981549751078,315.0
1,0.0,-0.00033160350938363367,-0.6438445016641062,314.0
1,0.0,0.9177055034471764,0.6021859673639035,313.0
1,0.0,0.7136972574568297,0.3529798735583014,312.0
1,0.0,-1.1223769564562902,0.6021859673639035,311.0
1,0.0,0.3056807654761363,-0.3946384078585041,310.0
1,0.0,-1.0203728334611168,-0.8930505954697084,309.0
1,0.0,1.7337384874085628,0.3529798735583014,308.0
1,0.0,1.3257219954278696,1.1005981549751078,307.0
1,0.0,-0.9183687104659436,0.3529798735583014,306.0
1,0.0,-0.7143604644755969,-0.6438445016641062,305.0
1,0.0,-0.9183687104659436,-1.3914627830809116,304.0
1,0.0,-1.7956041682244344,0.6021859673639035,303.0
1,0.0,-0.3063439724949036,-1.640668876886514,302.0
1,0.0,-1.938409940417677,0.8513920611695057,301.0
1,0.0,0.10167251948578968,0.1037737797526992,300.0
1,0.0,-0.20433984949973028,-2.8866993459145243,299.0
1,0.0,-0.7143604644755969,0.8513920611695057,298.0
1,0.0,0.10167251948578968,-1.1422566892753103,297.0
1,0.0,-1.5303934484369834,-0.3946384078585041,296.0
1,0.0,-0.10233572650455697,-0.14543231405290188,295.0
1,0.0,-0.5103522184852503,-2.6374932521089214,294.0
1,0.0,-0.10233572650455697,0.1037737797526992,293.0
1,0.0,0.9177055034471764,-0.14543231405290188,292.0
1,0.0,-2.550434678388717,-1.640668876886514,291.0
1,0.0,-1.1223769564562902,0.6021859673639035,290.0
1,0.0,1.9377467333989096,-1.1422566892753103,289.0
1,0.0,-0.7143604644755969,-0.6438445016641062,288.0
1,0.0,0.7136972574568297,-2.1390810644977183,287.0
1,0.0,-0.3063439724949036,-1.3914627830809116,286.0
1,0.0,-1.326385202446637,0.6021859673639035,285.0
1,0.0,0.9177055034471764,-0.6438445016641062,284.0
1,0.0,-1.1223769564562902,-1.1422566892753103,283.0
1,0.0,0.7136972574568297,0.3529798735583014,282.0
1,0.0,-0.10233572650455697,0.3529798735583014,281.0
1,0.0,-0.3063439724949036,1.8482164363919131,280.0
1,0.0,-1.5303934484369834,0.6021859673639035,279.0
1,0.0,0.3056807654761363,-0.14543231405290188,278.0
1,0.0,-1.6323975714321568,-0.3946384078585041,277.0
1,0.0,-0.10233572650455697,0.1037737797526992,276.0
1,0.0,-0.9183687104659436,-0.8930505954697084,275.0
1,0.0,1.529730241418216,1.5990103425863111,274.0
1,0.0,0.7136972574568297,-0.3946384078585041,273.0
1,0.0,2.141754979389256,0.6021859673639035,272.0
1,0.0,-0.5103522184852503,1.349804248780709,271.0
1,0.0,-0.3063439724949036,-0.3946384078585041,270.0
1,0.0,0.3056807654761363,-1.889874970692116,269.0
1,0.0,-0.5103522184852503,0.8513920611695057,268.0
1,0.0,-0.00033160350938363367,-0.3946384078585041,267.0
1,0.0,1.529730241418216,1.349804248780709,266.0
1,0.0,-0.7143604644755969,0.6021859673639035,265.0
1,0.0,-0.5103522184852503,-0.6438445016641062,264.0
1,0.0,0.9177055034471764,1.5990103425863111,263.0
1,0.0,0.7136972574568297,-1.1422566892753103,262.0
1,0.0,-2.550434678388717,-0.14543231405290188,261.0
1,0.0,0.3056807654761363,-2.1390810644977183,260.0
1,0.0,0.9177055034471764,0.8513920611695057,259.0
1,0.0,0.5096890114664829,0.6021859673639035,258.0
1,0.0,-1.1223769564562902,0.3529798735583014,257.0
1,0.0,0.203676642480963,1.1005981549751078,256.0
1,0.0,-1.1223769564562902,0.1037737797526992,255.0
1,0.0,-1.2243810794514636,-0.3946384078585041,254.0
1,0.0,-1.938409940417677,-2.6374932521089214,253.0
1,0.0,-2.34642643239837,0.1037737797526992,252.0
1,0.0,-2.754442924379064,-0.3946384078585041,251.0
1,0.0,-0.9183687104659436,-0.3946384078585041,250.0
1,0.0,-0.7143604644755969,0.6021859673639035,249.0
1,0.0,1.3257219954278696,0.8513920611695057,248.0
1,0.0,-0.9183687104659436,-2.1390810644977183,247.0
1,0.0,-0.3063439724949036,0.1037737797526992,246.0
1,0.0,0.7136972574568297,0.3529798735583014,245.0
1,0.0,0.7136972574568297,0.8513920611695057,244.0
1,0.0,-0.6123563414804236,-0.14543231405290188,243.0
1,0.0,-0.5103522184852503,-0.3946384078585041,242.0
1,0.0,-0.10233572650455697,0.8513920611695057,241.0
1,0.0,-0.7143604644755969,0.8513920611695057,240.0
1,0.0,-0.10233572650455697,1.1005981549751078,239.0
1,0.0,-1.0203728334611168,-2.3882871583033203,238.0
1,0.0,0.7136972574568297,0.8513920611695057,237.0
1,0.0,1.3257219954278696,0.1037737797526992,236.0
1,0.0,-2.1424181864080234,-0.14543231405290188,235.0
1,0.0,-0.7143604644755969,-0.8930505954697084,234.0
1,0.0,-2.6524388013838904,-2.1390810644977183,233.0
1,0.0,0.7136972574568297,0.3529798735583014,232.0
1,0.0,-0.10233572650455697,0.8513920611695057,231.0
1,0.0,-0.3063439724949036,-1.1422566892753103,230.0
1,0.0,0.9177055034471764,0.6021859673639035,229.0
1,0.0,-0.9183687104659436,-0.6438445016641062,228.0
1,0.0,-1.7344016944273302,-1.889874970692116,227.0
1,0.0,-0.3063439724949036,1.1005981549751078,226.0
1,0.0,1.121713749437523,1.349804248780709,225.0
1,0.0,-1.2243810794514636,0.8513920611695057,224.0
1,0.0,-0.3063439724949036,0.8513920611695057,223.0
1,0.0,-0.7143604644755969,-0.3946384078585041,222.0
1,0.0,-0.3063439724949036,-0.8930505954697084,221.0
1,0.0,-1.1223769564562902,-0.3946384078585041,220.0
1,0.0,-0.5103522184852503,-0.14543231405290188,219.0
1,0.0,-2.34642643239837,1.5990103425863111,218.0
1,0.0,-0.3063439724949036,0.8513920611695057,217.0
1,0.0,0.7136972574568297,-0.14543231405290188,216.0
1,0.0,-0.7143604644755969,-0.6438445016641062,215.0
1,0.0,0.7136972574568297,-2.3882871583033203,214.0
1,0.0,-0.3063439724949036,-0.3946384078585041,213.0
1,0.0,0.9177055034471764,0.3529798735583014,212.0
1,0.0,0.10167251948578968,-1.889874970692116,211.0
1,0.0,-0.3063439724949036,-0.14543231405290188,210.0
1,0.0,0.10167251948578968,0.8513920611695057,209.0
1,0.0,-0.10233572650455697,-1.3914627830809116,208.0
1,0.0,0.7136972574568297,0.8513920611695057,207.0
1,0.0,1.3257219954278696,0.1037737797526992,206.0
1,0.0,0.9177055034471764,1.349804248780709,205.0
1,0.0,0.3056807654761363,-0.6438445016641062,204.0
1,0.0,-0.3063439724949036,-0.14543231405290188,203.0
1,0.0,0.10167251948578968,-1.1422566892753103,202.0
1,0.0,0.5096890114664829,-0.14543231405290188,201.0
1,0.0,-0.9183687104659436,-0.8930505954697084,200.0
1,0.0,-0.3063439724949036,1.1005981549751078,199.0
1,0.0,0.3056807654761363,0.8513920611695057,198.0
1,0.0,-0.10233572650455697,-2.6374932521089214,197.0
1,0.0,0.7136972574568297,-0.8930505954697084,196.0
1,0.0,-0.3063439724949036,0.8513920611695057,195.0
1,0.0,0.10167251948578968,-0.3946384078585041,194.0
1,0.0,-2.34642643239837,0.3529798735583014,193.0
1,0.0,-1.9996124142147809,-3.1359054397201263,192.0
1,0.0,-0.10233572650455697,-0.3946384078585041,191.0
1,0.0,0.9177055034471764,0.6021859673639035,190.0
1,0.0,-2.1424181864080234,-0.3946384078585041,189.0
1,0.0,-1.1223769564562902,-0.8930505954697084,188.0
1,0.0,0.9177055034471764,1.349804248780709,187.0
1,0.0,-1.4283893254418103,0.8513920611695057,186.0
1,0.0,-1.7344016944273302,0.8513920611695057,185.0
1,0.0,-0.3063439724949036,0.1037737797526992,184.0
1,0.0,-1.326385202446637,-0.14543231405290188,183.0
1,0.0,-0.7143604644755969,-0.6438445016641062,182.0
1,0.0,-1.2243810794514636,-0.6438445016641062,181.0
1,0.0,1.529730241418216,0.6021859673639035,180.0
1,0.0,-0.3063439724949036,-0.6438445016641062,179.0
1,0.0,1.121713749437523,0.6021859673639035,178.0
1,0.0,0.3056807654761363,-0.3946384078585041,177.0
1,0.0,0.10167251948578968,0.1037737797526992,176.0
1,0.0,0.10167251948578968,-0.3946384078585041,175.0
1,0.0,1.7337384874085628,0.8513920611695057,174.0
1,0.0,-1.938409940417677,0.8513920611695057,173.0
1,0.0,0.7136972574568297,0.8513920611695057,172.0
1,0.0,-0.7143604644755969,1.349804248780709,171.0
1,0.0,1.529730241418216,1.5990103425863111,170.0
1,0.0,-0.3063439724949036,0.8513920611695057,169.0
1,0.0,2.141754979389256,1.349804248780709,168.0
1,0.0,-0.20433984949973028,0.8513920611695057,167.0
1,0.0,-0.5103522184852503,-1.1422566892753103,166.0
1,0.0,-0.7143604644755969,-0.8930505954697084,165.0
1,0.0,-0.20433984949973028,0.3529798735583014,164.0
1,0.0,1.3257219954278696,1.5990103425863111,163.0
1,0.0,-1.1223769564562902,-0.8930505954697084,162.0
1,0.0,-1.6731992206302257,-0.14543231405290188,161.0
1,0.0,-0.9183687104659436,1.349804248780709,160.0
1,0.0,-1.326385202446637,0.1037737797526992,159.0
1,0.0,0.7136972574568297,0.1037737797526992,158.0
1,0.0,-1.0203728334611168,0.1037737797526992,157.0
1,0.0,0.7136972574568297,-0.14543231405290188,156.0
1,0.0,0.7136972574568297,0.8513920611695057,155.0
1,0.0,-0.8163645874707702,-1.3914627830809116,154.0
1,0.0,0.10167251948578968,-1.1422566892753103,153.0
1,0.0,-0.5103522184852503,-1.640668876886514,152.0
1,0.0,-0.10233572650455697,-0.6438445016641062,151.0
1,0.0,0.5096890114664829,0.6021859673639035,150.0
1,0.0,0.3056807654761363,0.3529798735583014,149.0
1,0.0,-0.5103522184852503,-0.6438445016641062,148.0
1,0.0,0.3056807654761363,0.6021859673639035,147.0
1,0.0,-2.4484305553935437,-0.3946384078585041,146.0
1,0.0,-2.8564470473742367,-1.1422566892753103,145.0
1,0.0,-0.5103522184852503,0.1037737797526992,144.0
1,0.0,-0.7143604644755969,-0.8930505954697084,143.0
1,0.0,-0.20433984949973028,-1.3914627830809116,142.0
1,0.0,-0.3063439724949036,-0.6438445016641062,141.0
1,0.0,-0.10233572650455697,-0.6438445016641062,140.0
1,0.0,-0.00033160350938363367,-0.6438445016641062,139.0
1,0.0,-1.1223769564562902,-0.14543231405290188,138.0
1,0.0,-0.6123563414804236,-0.3946384078585041,137.0
1,0.0,0.5096890114664829,0.6021859673639035,136.0
1,0.0,-3.57047590834045,-0.8930505954697084,135.0
1,0.0,-1.2243810794514636,-1.640668876886514,134.0
1,0.0,-1.326385202446637,-0.14543231405290188,133.0
1,0.0,-0.7143604644755969,-0.14543231405290188,132.0
1,0.0,-0.10233572650455697,-0.6438445016641062,131.0
1,0.0,1.3257219954278696,1.349804248780709,130.0
1,0.0,0.3056807654761363,-1.640668876886514,129.0
1,0.0,-0.9183687104659436,0.3529798735583014,128.0
1,0.0,-1.7344016944273302,-0.6438445016641062,127.0
1,0.0,-0.5103522184852503,-0.8930505954697084,126.0
1,0.0,-0.10233572650455697,0.6021859673639035,125.0
1,0.0,-0.10233572650455697,-0.14543231405290188,124.0
1,0.0,0.3056807654761363,0.1037737797526992,123.0
1,0.0,1.529730241418216,-0.6438445016641062,122.0
1,0.0,0.10167251948578968,-1.640668876886514,121.0
1,0.0,-1.7344016944273302,-0.8930505954697084,120.0
1,0.0,0.10167251948578968,0.1037737797526992,119.0
1,0.0,-1.2243810794514636,0.1037737797526992,118.0
1,0.0,-1.5303934484369834,-0.8930505954697084,117.0
1,0.0,-0.5103522184852503,1.5990103425863111,116.0
1,0.0,0.9177055034471764,1.1005981549751078,115.0
1,0.0,0.3056807654761363,0.8513920611695057,114.0
1,0.0,0.10167251948578968,1.1005981549751078,113.0
1,0.0,1.121713749437523,-1.640668876886514,112.0
1,0.0,0.3056807654761363,-1.640668876886514,111.0
1,0.0,1.121713749437523,0.1037737797526992,110.0
1,1.0,-0.9183687104659436,0.6021859673639035,109.0
1,0.0,-2.1424181864080234,-0.6438445016641062,108.0
1,0.0,-1.1223769564562902,-0.14543231405290188,107.0
1,0.0,-1.1223769564562902,-0.3946384078585041,106.0
1,0.0,0.3056807654761363,-0.6438445016641062,105.0
1,0.0,1.529730241418216,2.3466286240031176,104.0
1,0.0,-0.3063439724949036,-1.640668876886514,103.0
1,0.0,-1.5303934484369834,0.1037737797526992,102.0
1,0.0,0.3056807654761363,0.3529798735583014,101.0
1,0.0,-0.5103522184852503,0.8513920611695057,100.0
1,0.0,-1.4283893254418103,-0.8930505954697084,99.0
1,0.0,-0.9183687104659436,-0.14543231405290188,98.0
1,0.0,-1.8364058174225035,-0.8930505954697084,97.0
1,0.0,-0.20433984949973028,-0.14543231405290188,96.0
1,0.0,-0.7143604644755969,-0.8930505954697084,95.0
1,0.0,0.3056807654761363,-2.1390810644977183,94.0
1,0.0,-0.3063439724949036,-0.14543231405290188,93.0
1,0.0,0.10167251948578968,0.1037737797526992,92.0
1,0.0,-0.9183687104659436,1.1005981549751078,91.0
1,1.0,-2.34642643239837,0.8513920611695057,90.0
1,0.0,0.9177055034471764,0.1037737797526992,89.0
1,0.0,1.9377467333989096,-0.14543231405290188,88.0
1,0.0,0.10167251948578968,-0.14543231405290188,87.0
1,0.0,-0.9183687104659436,-0.3946384078585041,86.0
1,0.0,-1.1223769564562902,0.1037737797526992,85.0
1,0.0,-0.5103522184852503,-1.1422566892753103,84.0
1,0.0,-0.7143604644755969,-1.1422566892753103,83.0
1,0.0,-1.1223769564562902,-0.14543231405290188,82.0
1,0.0,0.3056807654761363,0.8513920611695057,81.0
1,0.0,-0.10233572650455697,0.6021859673639035,80.0
1,0.0,0.7136972574568297,-1.1422566892753103,79.0
1,0.0,-1.4283893254418103,0.3529798735583014,78.0
1,1.0,-2.754442924379064,-0.3946384078585041,77.0
1,0.0,-0.10233572650455697,1.349804248780709,76.0
1,0.0,-0.10233572650455697,0.8513920611695057,75.0
1,0.0,0.10167251948578968,-2.3882871583033203,74.0
1,0.0,-1.4283893254418103,-0.8930505954697084,73.0
1,0.0,-2.2444223094031965,1.349804248780709,72.0
1,0.0,-1.4283893254418103,-0.3946384078585041,71.0
1,0.0,0.3056807654761363,-0.8930505954697084,70.0
1,0.0,0.10167251948578968,-0.3946384078585041,69.0
1,0.0,-0.3063439724949036,-0.8930505954697084,68.0
1,0.0,-1.5303934484369834,0.8513920611695057,67.0
1,0.0,0.3056807654761363,0.6021859673639035,66.0
1,0.0,-0.5103522184852503,1.1005981549751078,65.0
1,0.0,-0.5103522184852503,0.3529798735583014,64.0
1,0.0,1.529730241418216,0.8513920611695057,63.0
1,0.0,-0.9183687104659436,-1.889874970692116,62.0
1,0.0,0.9177055034471764,0.1037737797526992,61.0
1,0.0,-0.5103522184852503,0.3529798735583014,60.0
1,0.0,-0.7143604644755969,0.3529798735583014,59.0
1,0.0,-0.7143604644755969,-0.8930505954697084,58.0
1,0.0,-1.5303934484369834,-0.14543231405290188,57.0
1,0.0,-0.5103522184852503,1.349804248780709,56.0
1,0.0,-1.8364058174225035,0.3529798735583014,55.0
1,0.0,0.3056807654761363,0.8513920611695057,54.0
1,0.0,-0.5103522184852503,-1.1422566892753103,53.0
1,0.0,-0.7143604644755969,0.1037737797526992,52.0
1,0.0,-0.6123563414804236,-1.3914627830809116,51.0
1,0.0,-0.3063439724949036,-0.8930505954697084,50.0
1,0.0,-1.5303934484369834,-2.1390810644977183,49.0
1,0.0,-0.6123563414804236,-0.14543231405290188,48.0
1,0.0,1.3257219954278696,-1.1422566892753103,47.0
1,0.0,-0.3063439724949036,-0.8930505954697084,46.0
1,0.0,-0.10233572650455697,0.1037737797526992,45.0
1,0.0,-0.5103522184852503,-0.6438445016641062,44.0
1,0.0,-0.3063439724949036,0.6021859673639035,43.0
1,0.0,0.3056807654761363,-0.8930505954697084,42.0
1,0.0,-0.9183687104659436,-0.14543231405290188,41.0
1,0.0,-0.7143604644755969,0.6021859673639035,40.0
1,0.0,0.9177055034471764,0.6021859673639035,39.0
1,0.0,-0.8163645874707702,-0.8930505954697084,38.0
1,0.0,-0.7143604644755969,0.1037737797526992,37.0
1,0.0,1.3257219954278696,0.8513920611695057,36.0
1,0.0,0.5096890114664829,-0.8930505954697084,35.0
1,0.0,0.7136972574568297,-0.6438445016641062,34.0
1,0.0,0.3056807654761363,-0.14543231405290188,33.0
1,0.0,-1.938409940417677,-1.640668876886514,32.0
1,0.0,-2.0404140634128503,0.1037737797526992,31.0
1,0.0,0.3056807654761363,0.3529798735583014,30.0
1,0.0,0.10167251948578968,0.6021859673639035,29.0
1,0.0,1.121713749437523,0.6021859673639035,28.0
1,0.0,-2.550434678388717,-0.6438445016641062,27.0
1,0.0,-1.1223769564562902,-0.14543231405290188,26.0
1,0.0,-0.8163645874707702,-0.3946384078585041,25.0
1,0.0,-1.326385202446637,0.6021859673639035,24.0
1,0.0,-1.326385202446637,-1.3914627830809116,23.0
1,0.0,-2.8564470473742367,-1.1422566892753103,22.0
1,0.0,-1.6323975714321568,-0.6438445016641062,21.0
1,0.0,-0.9183687104659436,0.8513920611695057,20.0
1,0.0,-0.7143604644755969,-1.3914627830809116,19.0
1,0.0,-0.9183687104659436,-0.3946384078585041,18.0
1,0.0,-0.10233572650455697,-0.8930505954697084,17.0
1,0.0,-0.3063439724949036,1.1005981549751078,16.0
1,0.0,0.3056807654761363,-1.1422566892753103,15.0
1,0.0,-1.326385202446637,1.5990103425863111,14.0
1,0.0,-0.5103522184852503,-1.3914627830809116,13.0
1,0.0,0.7136972574568297,0.8513920611695057,12.0
1,0.0,-1.938409940417677,-0.6438445016641062,11.0
1,0.0,2.141754979389256,-1.1422566892753103,10.0
1,1.0,-2.1424181864080234,0.8513920611695057,9.0
1,0.0,-0.7143604644755969,-0.6438445016641062,8.0
1,0.0,-1.4283893254418103,0.6021859673639035,7.0
1,0.0,-1.5303934484369834,-0.6438445016641062,6.0
1,0.0,-0.3063439724949036,0.3529798735583014,5.0
1,1.0,-0.7143604644755969,0.6021859673639035,4.0
1,0.0,-0.10233572650455697,-0.3946384078585041,3.0
1,0.0,-1.326385202446637,0.8513920611695057,2.0
1,0.0,0.5096890114664829,-0.14543231405290188,1.0
