1,0,1.3257219954278696,-0.39463840785850407,-0.79
1,0,-0.10233572650455695,-0.6438445016641062,-1.15
1,0,-0.10233572650455695,1.1005981549751078,0.51
1,0,0.6116931344616563,1.1005981549751078,0.4
1,0,-0.5103522184852503,1.5990103425863111,0.8
1,0,-0.10233572650455695,0.10377377975269919,-0.2
1,0,-0.10233572650455695,0.8513920611695057,1.24
1,0,-0.5103522184852503,0.3529798735583014,2.58
1,0,-0.5103522184852503,-1.6406688768865139,-1.55
1,0,1.3257219954278696,0.3529798735583014,-0.51
1,0,-0.5103522184852503,1.1005981549751078,-0.85
1,0,-0.5103522184852503,-0.6438445016641062,-1.01
1,0,-0.3063439724949036,1.349804248780709,0.6
1,0,0.5096890114664829,0.8513920611695057,0.4
1,0,-0.7143604644755969,0.8513920611695057,0.37
1,0,-0.6123563414804236,0.10377377975269919,0.05
1,0,0.10167251948578969,-0.14543231405290188,-0.04
1,0,-0.9183687104659436,-0.39463840785850407,-0.46
1,0,-1.5303934484369834,0.3529798735583014,0.76
1,0,0.10167251948578969,-1.1422566892753105,0.45
1,0,0.4076848884713097,-0.39463840785850407,1.14
1,0,-0.10233572650455695,0.10377377975269919,0.24
1,0,1.121713749437523,1.1005981549751078,1.47
1,0,0.7136972574568297,0.8513920611695057,1.41
1,0,-1.1223769564562902,0.8513920611695057,2.07
1,0,0.5096890114664829,-1.889874970692116,1.38
1,0,-0.7143604644755969,-1.1422566892753105,-0.32
1,0,1.7337384874085628,0.10377377975269919,-2.08
1,0,-0.7143604644755969,-2.1390810644977183,-0.9
1,0,-0.8163645874707702,-0.14543231405290188,-0.08
1,0,-0.7143604644755969,-0.8930505954697084,-0.74
1,0,-0.7143604644755969,-0.14543231405290188,0.6
1,0,-0.40834809549007695,-0.39463840785850407,-0.37
1,0,-0.5103522184852503,-0.6438445016641062,0.02
1,0,-0.7143604644755969,-0.14543231405290188,-0.7
1,1,0.5096890114664829,-0.6438445016641062,0.25
1,0,0.3056807654761363,-0.14543231405290188,0.27
1,0,0.9177055034471763,0.3529798735583014,-1.27
1,0,1.5297302414182161,0.6021859673639035,-1.58
1,0,0.10167251948578969,0.3529798735583014,1.46
1,0,0.5096890114664829,-1.3914627830809116,1.05
1,0,-0.3063439724949036,-0.6438445016641062,0.71
1,0,-0.10233572650455695,-0.8930505954697084,0.39
1,0,-0.10233572650455695,1.5990103425863111,-0.72
1,0,-0.3063439724949036,-0.6438445016641062,1.96
1,0,-0.40834809549007695,-0.8930505954697084,0.0
1,0,-0.3063439724949036,-0.39463840785850407,0.74
1,0,-0.00033160350938363367,0.8513920611695057,1.5
1,0,-0.7143604644755969,0.8513920611695057,0.13
1,0,-0.7143604644755969,-1.1422566892753105,0.26
1,0,-1.326385202446637,-0.14543231405290188,1.3
1,0,-0.9183687104659436,1.8482164363919134,1.3
1,0,1.121713749437523,1.349804248780709,0.78
1,0,0.10167251948578969,1.1005981549751078,-1.11
1,0,-0.3063439724949036,-0.14543231405290188,-0.02
1,0,0.10167251948578969,-1.3914627830809116,0.68
1,0,1.3257219954278696,0.6021859673639035,1.46
1,0,-0.7143604644755969,0.3529798735583014,-0.02
1,0,-0.20433984949973028,-0.8930505954697084,1.02
1,0,0.10167251948578969,-0.39463840785850407,1.29
1,0,-0.10233572650455695,-0.6438445016641062,-0.61
1,0,0.9177055034471763,1.349804248780709,1.34
1,0,2.141754979389256,0.10377377975269919,-0.02
1,0,-1.7344016944273302,0.8513920611695057,-0.89
1,0,1.0197096264423495,1.1005981549751078,0.07
1,0,0.9177055034471763,0.8513920611695057,0.07
1,0,0.3056807654761363,-1.3914627830809116,0.37
1,0,-0.10233572650455695,0.8513920611695057,-0.56
1,0,-0.5103522184852503,-0.8930505954697084,0.8
1,0,-1.0203728334611168,-0.14543231405290188,0.29
1,0,-0.10233572650455695,-1.1422566892753105,0.24
1,1,-0.9183687104659436,1.5990103425863111,0.19
1,0,-2.4484305553935433,-1.3914627830809116,-0.09
1,0,0.10167251948578969,0.8513920611695057,-0.05
1,0,-0.9183687104659436,-0.6438445016641062,1.37
1,0,1.121713749437523,0.10377377975269919,0.16
1,0,0.3056807654761363,-0.39463840785850407,1.58
1,0,-0.3063439724949036,0.10377377975269919,0.57
1,0,-1.326385202446637,-1.3914627830809116,0.25
1,0,-0.5103522184852503,-1.3914627830809116,-0.58
1,0,0.7136972574568297,-2.3882871583033203,0.64
1,0,-1.326385202446637,0.8513920611695057,1.59
1,0,0.3056807654761363,1.1005981549751078,0.33
1,0,-0.00033160350938363367,0.3529798735583014,1.68
1,0,0.7136972574568297,-0.14543231405290188,1.3
1,0,0.10167251948578969,-0.6438445016641062,0.7
1,0,-0.5103522184852503,1.349804248780709,0.47
1,0,0.5096890114664829,-0.39463840785850407,0.26
1,0,-0.00033160350938363367,-0.39463840785850407,-0.38
1,0,0.7136972574568297,0.3529798735583014,0.21
1,0,-0.5103522184852503,0.6021859673639035,-0.12
1,0,-0.5103522184852503,0.10377377975269919,-0.26
1,0,-0.7143604644755969,1.349804248780709,0.11
1,0,1.5297302414182161,-0.8930505954697084,-0.39
1,0,1.121713749437523,0.8513920611695057,-0.26
1,0,-0.10233572650455695,-0.8930505954697084,-0.86
1,0,-2.34642643239837,0.8513920611695057,0.26
1,0,0.5096890114664829,-1.1422566892753105,0.75
1,0,1.3257219954278696,0.3529798735583014,-0.45
1,0,0.7136972574568297,0.6021859673639035,1.0
1,0,0.7136972574568297,-3.3851115335257282,-1.79
1,0,-0.3063439724949036,0.8513920611695057,-0.73
1,0,-0.10233572650455695,-1.1422566892753105,0.37
1,0,-0.9183687104659436,-0.39463840785850407,-0.51
1,0,0.4076848884713097,0.10377377975269919,0.66
1,0,0.5096890114664829,0.6021859673639035,0.06
1,0,0.3056807654761363,-0.39463840785850407,1.02
1,0,-2.4484305553935433,1.349804248780709,0.17
1,0,0.3056807654761363,-1.6406688768865139,-0.59
1,0,-0.979571184263047,-0.39463840785850407,0.1
1,0,-1.326385202446637,-0.8930505954697084,0.26
1,0,0.3056807654761363,1.1005981549751078,-0.31
1,0,0.3056807654761363,1.1005981549751078,-0.65
1,0,-1.326385202446637,0.3529798735583014,0.91
1,0,1.9377467333989096,1.349804248780709,1.27
1,0,1.121713749437523,1.1005981549751078,0.8
1,0,-0.9183687104659436,-1.3914627830809116,1.35
1,0,0.3056807654761363,-0.39463840785850407,-0.96
1,0,1.5297302414182161,1.1005981549751078,0.55
1,0,0.5096890114664829,-0.39463840785850407,1.17
1,0,0.4076848884713097,0.8513920611695057,-0.38
1,0,-0.9183687104659436,-0.6438445016641062,0.31
1,0,0.9177055034471763,0.8513920611695057,-0.03
1,0,-2.7544429243790636,-1.6406688768865139,0.17
1,0,-0.9183687104659436,-0.39463840785850407,0.92
1,0,1.9377467333989096,0.10377377975269919,1.08
1,0,0.3056807654761363,-0.39463840785850407,1.04
1,0,-1.9384099404176767,0.3529798735583014,0.49
1,0,1.3257219954278696,-0.39463840785850407,-1.37
1,0,-0.7143604644755969,0.10377377975269919,0.52
1,0,-0.7143604644755969,-1.3914627830809116,1.51
1,0,-0.9183687104659436,0.3529798735583014,-0.49
1,0,-0.7143604644755969,-1.1422566892753105,-0.03
1,0,-0.3063439724949036,0.3529798735583014,0.46
1,0,0.9177055034471763,1.5990103425863111,0.82
1,0,0.10167251948578969,0.3529798735583014,-1.13
1,0,-0.10233572650455695,0.10377377975269919,0.69
1,0,1.121713749437523,0.8513920611695057,-0.32
1,0,-0.7143604644755969,-0.6438445016641062,0.58
1,0,0.7136972574568297,0.10377377975269919,1.62
1,0,1.9377467333989096,1.1005981549751078,-1.47
1,0,-0.7143604644755969,0.6021859673639035,0.78
1,0,0.7136972574568297,0.3529798735583014,1.26
1,0,0.7136972574568297,-0.14543231405290188,-0.19
1,0,-0.5103522184852503,0.10377377975269919,-1.23
1,0,-0.9183687104659436,0.3529798735583014,-0.47
1,0,-0.5103522184852503,-1.1422566892753105,0.24
1,0,0.3056807654761363,-0.39463840785850407,-0.98
1,0,-0.7143604644755969,0.10377377975269919,-0.53
1,0,0.5096890114664829,-0.14543231405290188,0.55
1,0,0.10167251948578969,1.349804248780709,1.19
1,0,0.10167251948578969,-1.6406688768865139,-0.3
1,0,-1.326385202446637,1.1005981549751078,0.57
1,0,-0.3063439724949036,0.3529798735583014,1.16
1,0,0.3056807654761363,-0.8930505954697084,-0.39
1,0,-0.9183687104659436,-0.8930505954697084,0.74
1,0,-1.7344016944273302,0.10377377975269919,-0.12
1,0,1.3257219954278696,-2.886699345914524,2.11
1,0,0.10167251948578969,0.3529798735583014,1.15
1,0,0.10167251948578969,1.5990103425863111,1.58
1,0,0.9177055034471763,1.5990103425863111,1.95
1,0,-1.5303934484369834,-0.8930505954697084,-0.74
1,0,0.10167251948578969,-0.8930505954697084,-1.39
1,0,-0.10233572650455695,0.3529798735583014,2.71
1,0,1.7337384874085628,0.6021859673639035,-0.18
1,0,-0.3063439724949036,-0.8930505954697084,0.42
1,0,0.10167251948578969,0.3529798735583014,0.35
1,0,0.5096890114664829,0.10377377975269919,0.18
1,0,2.141754979389256,0.6021859673639035,0.77
1,0,1.9377467333989096,0.8513920611695057,-1.1
1,0,-0.00033160350938363367,0.10377377975269919,1.66
1,0,0.9177055034471763,0.6021859673639035,-0.02
1,0,1.5297302414182161,0.3529798735583014,0.14
1,0,-3.0604552933645834,-1.3914627830809116,-1.65
1,0,-0.7143604644755969,1.8482164363919134,-0.62
1,0,-0.10233572650455695,-0.6438445016641062,0.79
1,0,0.7136972574568297,1.5990103425863111,0.23
1,0,0.10167251948578969,-0.39463840785850407,0.72
1,0,-0.9183687104659436,-0.6438445016641062,-0.79
1,0,-1.1223769564562902,-0.14543231405290188,1.26
1,0,-0.5103522184852503,0.8513920611695057,1.01
1,0,-0.10233572650455695,0.3529798735583014,0.12
1,0,-0.9183687104659436,0.3529798735583014,-1.61
1,0,-0.20433984949973028,1.5990103425863111,0.65
1,0,0.5096890114664829,-1.889874970692116,1.59
1,0,-0.6123563414804236,-0.14543231405290188,0.33
1,0,-0.9183687104659436,-0.39463840785850407,1.52
1,0,1.5297302414182161,-0.6438445016641062,1.16
1,0,1.121713749437523,0.10377377975269919,0.92
1,0,0.5096890114664829,-1.3914627830809116,0.75
1,0,-0.5103522184852503,-0.8930505954697084,0.25
1,0,1.5297302414182161,0.3529798735583014,1.41
1,0,0.3056807654761363,-0.6438445016641062,-0.06
1,0,0.3056807654761363,-1.1422566892753105,0.06
1,0,-0.3063439724949036,1.1005981549751078,1.9
1,0,-0.9183687104659436,-2.3882871583033203,-0.73
1,0,-0.10233572650455695,-0.8930505954697084,-0.18
1,0,0.7136972574568297,-0.14543231405290188,0.46
1,0,0.7136972574568297,-1.3914627830809116,-1.19
1,0,-0.7143604644755969,-0.6438445016641062,0.01
1,0,-0.9183687104659436,-0.6438445016641062,0.08
1,0,-0.7143604644755969,-0.6438445016641062,1.29
1,0,-0.3063439724949036,0.3529798735583014,-0.55
1,0,0.9177055034471763,-0.8930505954697084,-0.5
1,0,-0.7143604644755969,-0.14543231405290188,-0.18
1,0,-0.9183687104659436,-0.14543231405290188,-0.71
1,0,-0.7143604644755969,-1.889874970692116,0.25
1,0,-0.5103522184852503,0.6021859673639035,0.05
1,0,0.5096890114664829,1.5990103425863111,0.36
1,0,1.3257219954278696,0.10377377975269919,-0.06
1,0,-0.3063439724949036,-1.1422566892753105,-0.73
1,0,-0.10233572650455695,0.3529798735583014,-0.56
1,0,0.203676642480963,-0.6438445016641062,0.17
1,0,-1.2243810794514636,-1.1422566892753105,-0.15
1,0,0.3056807654761363,0.3529798735583014,0.45
1,0,-0.5103522184852503,-0.14543231405290188,-0.66
1,0,0.3056807654761363,-1.1422566892753105,0.27
1,0,-0.5103522184852503,-0.39463840785850407,0.26
1,0,-0.3063439724949036,-1.1422566892753105,-0.67
1,0,-0.10233572650455695,-1.1422566892753105,-0.03
1,0,0.7136972574568297,0.3529798735583014,0.66
1,0,-0.10233572650455695,0.10377377975269919,0.28
1,0,-0.10233572650455695,1.1005981549751078,0.63
1,0,1.7337384874085628,0.6021859673639035,0.43
1,0,1.9377467333989096,0.8513920611695057,-0.56
1,0,-0.5103522184852503,-0.8930505954697084,-0.24
1,0,-0.3063439724949036,1.1005981549751078,2.11
1,0,-1.6323975714321568,0.10377377975269919,1.24
1,0,-0.7143604644755969,0.3529798735583014,-0.06
1,0,0.5096890114664829,0.6021859673639035,0.73
1,0,0.9177055034471763,1.1005981549751078,1.32
1,0,0.3056807654761363,0.10377377975269919,0.65
1,0,-0.7143604644755969,0.8513920611695057,-0.16
1,0,-2.1424181864080234,-1.3914627830809116,1.41
1,0,0.10167251948578969,-0.6438445016641062,0.52
1,0,0.3056807654761363,-0.14543231405290188,-0.01
1,0,-0.7143604644755969,-0.14543231405290188,0.15
1,0,1.3257219954278696,0.6021859673639035,-0.67
1,0,0.10167251948578969,0.6021859673639035,0.16
1,0,-0.20433984949973028,-2.3882871583033203,-0.24
1,0,-0.7143604644755969,-0.8930505954697084,1.27
1,0,-0.7143604644755969,-0.8930505954697084,-2.06
1,0,0.5096890114664829,0.10377377975269919,-0.24
1,0,0.10167251948578969,0.8513920611695057,0.57
1,0,0.3056807654761363,0.3529798735583014,0.52
1,0,-0.10233572650455695,-0.6438445016641062,-0.91
1,0,0.5096890114664829,-0.14543231405290188,-0.12
1,0,1.3257219954278696,1.1005981549751078,0.74
1,0,-1.5303934484369834,0.3529798735583014,0.58
1,0,0.3056807654761363,-0.6438445016641062,0.93
1,0,-0.10233572650455695,0.8513920611695057,1.41
1,0,1.9377467333989096,-2.3882871583033203,0.51
1,0,0.3056807654761363,0.6021859673639035,0.64
1,0,0.5096890114664829,0.10377377975269919,-1.2
1,0,-0.10233572650455695,1.1005981549751078,1.19
1,0,-0.3063439724949036,0.6021859673639035,-0.12
1,0,1.3257219954278696,-0.6438445016641062,0.75
1,0,0.7136972574568297,0.3529798735583014,0.04
1,0,2.141754979389256,0.10377377975269919,0.27
1,0,-0.10233572650455695,1.349804248780709,0.85
1,0,0.5096890114664829,-1.1422566892753105,1.49
1,0,1.3257219954278696,0.10377377975269919,1.13
1,0,1.3257219954278696,-2.6374932521089214,0.58
1,0,1.7337384874085628,-0.14543231405290188,2.61
1,0,0.5096890114664829,-0.8930505954697084,1.59
1,0,-0.3063439724949036,1.8482164363919134,2.12
1,0,-1.42838932544181,-1.1422566892753105,-0.75
1,0,0.9177055034471763,0.10377377975269919,0.74
1,0,0.3056807654761363,-1.1422566892753105,-1.12
1,0,-0.3063439724949036,-0.8930505954697084,-0.49
1,0,1.3257219954278696,0.3529798735583014,1.09
1,0,-0.3063439724949036,-0.6438445016641062,0.47
1,0,-0.3063439724949036,-0.8930505954697084,-0.74
1,0,-1.5303934484369834,-0.14543231405290188,0.51
1,0,-0.9183687104659436,-0.39463840785850407,0.66
1,0,-0.10233572650455695,-2.3882871583033203,0.75
1,0,0.10167251948578969,-0.39463840785850407,-0.39
1,0,-2.4484305553935433,-1.1422566892753105,-0.08
1,0,-0.10233572650455695,-1.3914627830809116,-0.44
1,0,-0.5103522184852503,-0.8930505954697084,0.23
1,0,0.10167251948578969,-1.889874970692116,0.3
1,0,0.9177055034471763,1.5990103425863111,0.78
1,0,0.3056807654761363,1.5990103425863111,-0.39
1,0,-0.10233572650455695,-0.6438445016641062,-0.55
1,0,-0.5103522184852503,0.8513920611695057,-1.01
1,0,-0.7143604644755969,-0.39463840785850407,-0.07
1,0,0.9177055034471763,0.10377377975269919,1.98
1,0,1.3257219954278696,0.3529798735583014,-0.62
1,0,1.9377467333989096,-2.1390810644977183,1.91
1,0,0.7136972574568297,-0.39463840785850407,0.87
1,0,-0.10233572650455695,-1.6406688768865139,-1.34
1,0,1.121713749437523,-0.8930505954697084,0.18
1,0,-0.9183687104659436,-0.14543231405290188,0.53
1,0,0.9177055034471763,-0.6438445016641062,0.36
1,0,-0.5103522184852503,1.5990103425863111,-1.05
1,0,-0.10233572650455695,-1.1422566892753105,-1.04
1,0,0.3056807654761363,0.3529798735583014,0.04
1,0,0.3056807654761363,-0.39463840785850407,0.99
1,0,-0.3063439724949036,-1.3914627830809116,0.39
1,0,-1.1223769564562902,0.10377377975269919,0.34
1,0,-2.1424181864080234,-2.1390810644977183,-0.96
1,0,0.10167251948578969,0.10377377975269919,-1.04
1,0,0.5096890114664829,1.1005981549751078,-1.76
1,0,-0.7143604644755969,1.1005981549751078,0.22
1,0,1.5297302414182161,1.1005981549751078,1.04
1,0,-0.7143604644755969,-0.14543231405290188,1.85
1,0,0.9177055034471763,0.6021859673639035,1.09
1,0,0.7136972574568297,0.3529798735583014,1.57
1,0,-1.0611744826591867,0.10377377975269919,-0.44
1,0,-0.3063439724949036,0.6021859673639035,0.3
1,0,0.10167251948578969,0.8513920611695057,0.15
1,0,-0.7143604644755969,-0.39463840785850407,0.3
1,0,1.3257219954278696,0.6021859673639035,-1.53
1,0,-1.326385202446637,-1.3914627830809116,-3.13
1,0,0.5096890114664829,0.8513920611695057,0.94
1,0,-0.10233572650455695,0.10377377975269919,0.29
1,0,0.5096890114664829,0.8513920611695057,-1.52
1,0,-0.3063439724949036,-1.1422566892753105,0.4
1,0,0.10167251948578969,-2.3882871583033203,-1.14
1,0,0.5096890114664829,-1.6406688768865139,1.82
1,0,-2.1424181864080234,-0.14543231405290188,-0.21
1,0,0.10167251948578969,1.1005981549751078,1.69
1,0,1.121713749437523,-0.6438445016641062,1.4
1,0,1.3257219954278696,-0.39463840785850407,-0.11
1,0,-2.1424181864080234,1.8482164363919134,0.39
1,0,-1.1223769564562902,-1.6406688768865139,-1.1
1,0,0.9177055034471763,-0.14543231405290188,-1.21
1,0,1.3257219954278696,1.349804248780709,0.6
1,0,-0.10233572650455695,-2.1390810644977183,-0.33
1,0,-0.3063439724949036,-0.6438445016641062,1.3
1,0,-0.5103522184852503,-1.1422566892753105,-0.27
1,0,-1.326385202446637,1.1005981549751078,1.12
1,0,-0.10233572650455695,-0.39463840785850407,-0.13
1,0,1.121713749437523,1.349804248780709,-0.08
1,0,0.5096890114664829,0.8513920611695057,1.57
1,0,-0.5103522184852503,-0.39463840785850407,1.17
1,0,-0.9183687104659436,0.3529798735583014,-0.21
1,0,-0.7143604644755969,0.10377377975269919,-0.03
1,0,-1.42838932544181,0.10377377975269919,-0.69
1,0,0.9177055034471763,0.8513920611695057,0.81
1,0,0.10167251948578969,-0.8930505954697084,0.8
1,0,-0.3063439724949036,1.1005981549751078,-1.78
1,0,0.9177055034471763,0.10377377975269919,-0.23
1,0,-0.5103522184852503,0.6021859673639035,-1.87
1,0,-0.3063439724949036,0.3529798735583014,0.82
1,0,-0.5103522184852503,1.349804248780709,1.79
1,0,-0.7143604644755969,-0.39463840785850407,0.27
1,0,-2.1424181864080234,0.6021859673639035,-1.05
1,0,0.9177055034471763,1.349804248780709,-0.69
1,0,-0.10233572650455695,-0.39463840785850407,0.09
1,0,0.5096890114664829,-2.1390810644977183,-0.05
1,0,-1.42838932544181,0.10377377975269919,0.49
1,0,-0.5103522184852503,-0.39463840785850407,-0.41
1,0,-0.3063439724949036,0.10377377975269919,0.94
1,0,-0.7143604644755969,-2.1390810644977183,-0.05
1,0,0.10167251948578969,-1.889874970692116,1.11
1,0,1.3257219954278696,1.1005981549751078,0.78
1,0,-0.7143604644755969,-0.39463840785850407,1.15
1,0,-0.10233572650455695,-1.1422566892753105,-0.52
1,0,1.5297302414182161,0.8513920611695057,0.57
1,0,-0.3063439724949036,-1.3914627830809116,1.34
1,0,-1.5303934484369834,-1.3914627830809116,-0.28
1,0,0.5096890114664829,0.8513920611695057,2.04
1,0,1.7337384874085628,0.6021859673639035,1.08
1,0,0.3056807654761363,-0.14543231405290188,0.45
1,0,1.121713749437523,0.6021859673639035,1.67
1,0,-2.2444223094031965,-0.8930505954697084,-0.23
1,0,-0.9183687104659436,-0.39463840785850407,-0.06
1,0,-0.6123563414804236,-1.1422566892753105,0.46
1,0,-0.10233572650455695,0.3529798735583014,0.01
1,0,1.3257219954278696,-0.8930505954697084,-0.41
1,0,-1.326385202446637,-0.14543231405290188,-0.65
1,0,1.121713749437523,-0.8930505954697084,-1.58
1,0,-0.9183687104659436,-1.3914627830809116,-0.03
1,0,-0.5103522184852503,1.1005981549751078,0.57
1,0,0.9177055034471763,1.8482164363919134,-0.5
1,0,-0.5103522184852503,-0.8930505954697084,1.01
1,0,-0.7143604644755969,0.3529798735583014,-1.39
1,0,-0.5103522184852503,1.1005981549751078,0.59
1,0,0.3056807654761363,-0.14543231405290188,0.26
1,0,1.5297302414182161,-0.39463840785850407,2.15
1,0,-1.0203728334611168,1.5990103425863111,0.2
1,0,-0.5103522184852503,-0.6438445016641062,1.74
1,1,-0.5103522184852503,-0.14543231405290188,-0.1
1,0,0.9177055034471763,-0.6438445016641062,-0.22
1,0,-1.0203728334611168,0.3529798735583014,0.34
1,0,0.9177055034471763,1.5990103425863111,1.06
1,0,-0.9183687104659436,1.5990103425863111,0.28
1,0,0.3056807654761363,0.10377377975269919,0.18
1,0,0.9177055034471763,0.10377377975269919,-0.24
1,0,0.10167251948578969,-0.6438445016641062,-0.18
1,0,-0.5103522184852503,-1.1422566892753105,1.31
1,0,0.9177055034471763,1.8482164363919134,0.51
1,0,-1.5303934484369834,-0.39463840785850407,-0.69
1,0,-0.5103522184852503,0.6021859673639035,0.12
1,0,1.121713749437523,0.8513920611695057,0.14
1,0,-0.10233572650455695,0.10377377975269919,-0.56
1,0,-0.10233572650455695,-0.8930505954697084,1.19
1,0,-0.5103522184852503,1.1005981549751078,0.74
1,0,0.10167251948578969,0.6021859673639035,0.16
1,0,1.121713749437523,-0.6438445016641062,0.91
1,0,0.7136972574568297,1.5990103425863111,0.46
1,0,1.7337384874085628,0.8513920611695057,-0.07
1,0,0.5096890114664829,0.6021859673639035,-0.83
1,0,-1.1223769564562902,-0.39463840785850407,0.07
1,0,-0.3063439724949036,-0.14543231405290188,-0.42
1,0,0.5096890114664829,-1.3914627830809116,-0.87
1,0,0.10167251948578969,0.3529798735583014,0.14
1,0,-0.10233572650455695,1.5990103425863111,1.36
1,0,-0.20433984949973028,-0.39463840785850407,-0.53
1,0,1.121713749437523,0.10377377975269919,1.35
1,0,0.7136972574568297,-0.14543231405290188,1.76
1,0,-0.10233572650455695,0.8513920611695057,-0.56
1,0,0.3056807654761363,0.3529798735583014,0.81
1,0,-0.10233572650455695,0.8513920611695057,0.61
1,0,0.3056807654761363,0.10377377975269919,0.46
1,0,-0.8163645874707702,0.6021859673639035,0.09
1,0,1.121713749437523,-0.39463840785850407,0.41
1,0,1.121713749437523,-1.1422566892753105,0.94
1,0,0.5096890114664829,0.10377377975269919,-0.47
1,0,1.5297302414182161,1.349804248780709,0.31
1,0,1.3257219954278696,-0.6438445016641062,1.05
1,0,-0.5103522184852503,-1.6406688768865139,1.85
1,0,-0.7143604644755969,1.8482164363919134,1.01
1,0,0.10167251948578969,-1.1422566892753105,0.52
1,0,1.3257219954278696,1.1005981549751078,0.08
1,0,0.3056807654761363,0.6021859673639035,0.28
1,0,-1.5303934484369834,0.10377377975269919,1.11
1,0,-0.10233572650455695,-0.14543231405290188,-0.42
1,0,0.203676642480963,1.5990103425863111,-0.05
1,0,0.7136972574568297,0.6021859673639035,1.26
1,0,0.9177055034471763,0.8513920611695057,1.44
1,0,-0.7143604644755969,-0.6438445016641062,0.15
1,0,-1.0203728334611168,0.10377377975269919,-0.44
1,0,-1.0611744826591867,-1.889874970692116,-0.79
1,0,0.5096890114664829,0.3529798735583014,1.38
1,0,1.3257219954278696,-1.3914627830809116,0.22
1,0,-0.3063439724949036,-2.3882871583033203,-0.1
1,0,0.7136972574568297,-1.889874970692116,1.54
1,0,-0.10233572650455695,1.8482164363919134,0.47
1,0,-0.10233572650455695,-2.1390810644977183,0.34
1,0,-0.9183687104659436,-0.14543231405290188,-0.14
1,0,-0.9183687104659436,-2.886699345914524,1.23
1,0,1.3257219954278696,-0.6438445016641062,1.61
1,0,-0.9183687104659436,-0.8930505954697084,-0.32
1,0,-0.10233572650455695,0.10377377975269919,-0.29
1,0,1.7337384874085628,0.3529798735583014,-0.69
1,0,-1.326385202446637,-0.14543231405290188,-0.96
1,0,0.9177055034471763,-0.39463840785850407,0.68
1,0,0.3056807654761363,1.5990103425863111,0.4
1,0,0.3056807654761363,-0.6438445016641062,-0.12
1,0,-0.8163645874707702,-1.3914627830809116,2.32
1,0,-0.7143604644755969,0.10377377975269919,-0.01
1,0,-0.5103522184852503,0.3529798735583014,0.81
1,0,-0.8163645874707702,-1.1422566892753105,0.16
1,0,0.7136972574568297,0.10377377975269919,-0.65
1,0,0.9177055034471763,-0.39463840785850407,0.16
1,0,0.10167251948578969,0.10377377975269919,-0.1
1,0,2.141754979389256,0.8513920611695057,2.42
1,0,-0.8163645874707702,0.10377377975269919,-0.23
1,0,-0.40834809549007695,-0.6438445016641062,-0.67
1,0,0.9177055034471763,1.5990103425863111,-1.21
1,0,-0.7143604644755969,1.5990103425863111,0.48
1,0,0.5096890114664829,0.10377377975269919,-0.32
1,0,1.121713749437523,1.349804248780709,0.36
1,0,-0.5103522184852503,0.3529798735583014,-0.23
1,0,-0.10233572650455695,-1.3914627830809116,0.77
1,0,1.7337384874085628,1.5990103425863111,1.08
1,0,-1.326385202446637,0.3529798735583014,1.31
1,0,-0.3063439724949036,-1.6406688768865139,-0.13
1,0,0.5096890114664829,1.1005981549751078,0.75
1,0,-0.00033160350938363367,0.3529798735583014,0.35
1,0,1.5297302414182161,-0.8930505954697084,0.92
1,0,0.8157013804520029,1.349804248780709,1.13
1,0,0.9177055034471763,-0.6438445016641062,1.45
1,0,-0.5103522184852503,0.3529798735583014,0.39
1,0,0.3056807654761363,-0.14543231405290188,1.19
1,0,0.10167251948578969,-0.6438445016641062,2.35
1,0,1.121713749437523,0.6021859673639035,0.67
1,0,-0.3063439724949036,-0.14543231405290188,-0.54
1,0,-0.5103522184852503,1.1005981549751078,0.58
1,0,1.121713749437523,1.5990103425863111,1.06
1,0,1.7337384874085628,0.6021859673639035,-0.78
1,0,0.4076848884713097,0.6021859673639035,0.2
1,0,-1.1223769564562902,0.6021859673639035,0.05
1,0,-0.3063439724949036,-1.3914627830809116,1.12
1,0,1.7337384874085628,0.3529798735583014,-0.64
1,0,-0.5103522184852503,1.1005981549751078,-0.53
1,0,-1.326385202446637,1.1005981549751078,-1.31
1,0,0.5096890114664829,0.8513920611695057,0.55
1,0,0.7136972574568297,-0.39463840785850407,-0.58
1,0,0.9177055034471763,0.6021859673639035,1.44
1,0,-0.5103522184852503,0.6021859673639035,-0.13
1,0,1.5297302414182161,0.6021859673639035,-0.38
1,0,1.121713749437523,1.5990103425863111,0.67
1,0,-0.10233572650455695,-0.14543231405290188,0.65
1,0,-0.10233572650455695,-1.6406688768865139,1.69
1,0,0.3056807654761363,-1.1422566892753105,-0.36
1,0,2.141754979389256,-0.8930505954697084,1.26
1,0,0.7136972574568297,-0.39463840785850407,0.35
1,0,1.3257219954278696,0.6021859673639035,0.3
1,0,-0.10233572650455695,0.3529798735583014,0.57
1,0,-0.5103522184852503,0.10377377975269919,-0.2
1,0,1.7337384874085628,1.1005981549751078,1.83
1,0,-0.7143604644755969,-0.8930505954697084,1.61
1,0,0.7136972574568297,-0.14543231405290188,-0.24
1,0,0.10167251948578969,1.1005981549751078,0.34
1,0,0.9177055034471763,1.1005981549751078,0.47
1,0,-0.10233572650455695,-0.39463840785850407,-0.07
1,0,-2.34642643239837,0.3529798735583014,0.75
1,0,1.9377467333989096,0.8513920611695057,-0.89
1,0,0.3056807654761363,-1.3914627830809116,0.01
1,0,-1.8772074666205727,-0.39463840785850407,1.54
1,0,-1.5303934484369834,0.6021859673639035,1.39
1,0,1.121713749437523,1.5990103425863111,0.08
1,0,1.7337384874085628,-0.6438445016641062,0.17
1,0,0.9177055034471763,0.8513920611695057,-1.21
1,0,-0.10233572650455695,0.10377377975269919,-0.47
1,0,-0.7143604644755969,-1.889874970692116,1.91
1,0,-0.9183687104659436,0.3529798735583014,0.33
1,0,-0.10233572650455695,-0.6438445016641062,-0.13
1,0,-1.326385202446637,-1.3914627830809116,-1.28
1,0,-0.3063439724949036,-1.889874970692116,-1.3
1,0,-0.10233572650455695,0.6021859673639035,0.34
1,0,-1.2243810794514636,0.3529798735583014,0.34
1,0,-0.8163645874707702,-0.8930505954697084,-1.04
1,0,0.9177055034471763,0.3529798735583014,0.46
1,0,0.5096890114664829,0.10377377975269919,0.17
1,0,0.7136972574568297,1.349804248780709,-0.87
1,0,-1.7344016944273302,-0.8930505954697084,0.32
1,0,-0.7143604644755969,0.8513920611695057,-0.53
1,0,0.5096890114664829,0.8513920611695057,0.23
1,0,1.9377467333989096,-0.8930505954697084,0.04
1,0,0.3056807654761363,-1.1422566892753105,0.28
1,0,0.9177055034471763,0.10377377975269919,-0.43
1,0,-0.3063439724949036,-0.14543231405290188,0.25
1,0,0.5096890114664829,0.3529798735583014,0.42
1,0,0.7136972574568297,0.8513920611695057,-0.25
1,0,1.121713749437523,0.10377377975269919,-0.11
1,0,2.141754979389256,-0.39463840785850407,0.18
1,0,-0.9183687104659436,1.349804248780709,1.2
1,0,-0.3063439724949036,-0.14543231405290188,-1.3
1,0,-1.1223769564562902,-0.6438445016641062,0.54
1,0,-0.10233572650455695,1.349804248780709,0.69
1,0,0.7136972574568297,-0.14543231405290188,-0.08
1,0,1.5297302414182161,-1.3914627830809116,0.77
1,0,-0.5103522184852503,-0.8930505954697084,1.7
1,0,0.7136972574568297,-0.39463840785850407,-0.63
1,0,-0.5103522184852503,0.3529798735583014,1.39
1,0,-0.5103522184852503,0.8513920611695057,-0.23
1,0,-1.5303934484369834,0.8513920611695057,0.53
1,0,0.9177055034471763,-0.6438445016641062,1.07
1,0,0.3056807654761363,0.10377377975269919,1.03
1,0,0.10167251948578969,-0.6438445016641062,0.47
1,0,0.9177055034471763,-0.39463840785850407,1.54
1,0,-1.1223769564562902,-1.6406688768865139,0.11
1,0,1.5297302414182161,0.6021859673639035,1.61
1,0,0.10167251948578969,1.1005981549751078,-0.83
1,0,0.3056807654761363,0.10377377975269919,0.58
1,0,-1.42838932544181,-0.39463840785850407,-0.53
1,0,1.121713749437523,0.8513920611695057,0.4
1,0,-0.9183687104659436,-1.6406688768865139,-0.98
1,0,-1.326385202446637,1.1005981549751078,-0.37
1,0,-1.9384099404176767,-2.3882871583033203,-0.09
1,0,0.5096890114664829,1.1005981549751078,1.31
1,0,-2.1424181864080234,-0.39463840785850407,-1.27
1,0,0.9177055034471763,1.349804248780709,1.29
1,0,-0.5103522184852503,-0.39463840785850407,-0.81
1,0,0.3056807654761363,-0.14543231405290188,-0.13
1,0,0.3056807654761363,-0.14543231405290188,0.65
1,0,1.5297302414182161,-1.889874970692116,-0.13
1,0,-0.10233572650455695,1.8482164363919134,0.79
1,0,-0.5103522184852503,-0.6438445016641062,-0.29
1,0,0.3056807654761363,1.1005981549751078,-0.91
1,0,1.5297302414182161,0.3529798735583014,0.43
1,0,-0.7143604644755969,0.3529798735583014,-0.94
1,0,-1.7344016944273302,-0.39463840785850407,-1.02
1,0,-1.0203728334611168,-1.1422566892753105,-0.45
1,0,-0.5103522184852503,0.8513920611695057,0.8
1,0,-0.3063439724949036,0.6021859673639035,0.48
1,0,0.9177055034471763,-0.8930505954697084,0.5
1,0,-1.6323975714321568,0.8513920611695057,-0.26
1,0,0.5096890114664829,0.10377377975269919,1.05
1,0,0.5096890114664829,0.3529798735583014,0.15
1,0,0.5096890114664829,1.1005981549751078,-0.91
1,0,-1.5303934484369834,-1.1422566892753105,-0.11
1,0,-0.9183687104659436,0.6021859673639035,0.57
1,0,-0.10233572650455695,1.349804248780709,0.66
1,0,-0.9183687104659436,-2.1390810644977183,-0.14
1,0,1.7337384874085628,-2.6374932521089214,-0.45
1,0,1.5297302414182161,1.5990103425863111,2.08
1,0,0.5096890114664829,1.1005981549751078,-0.04
1,0,0.10167251948578969,1.349804248780709,0.07
1,0,1.9377467333989096,-0.39463840785850407,2.24
1,0,0.7136972574568297,0.8513920611695057,-1.09
1,0,0.7136972574568297,0.3529798735583014,1.63
1,0,-1.1223769564562902,-0.6438445016641062,-0.95
1,0,-1.326385202446637,-1.3914627830809116,-1.99
1,0,-0.10233572650455695,0.3529798735583014,0.48
1,0,-0.5103522184852503,0.3529798735583014,-1.23
1,0,0.7136972574568297,0.3529798735583014,0.08
1,0,-0.7143604644755969,-0.8930505954697084,-0.14
1,0,-0.6123563414804236,-0.39463840785850407,1.88
1,0,0.7136972574568297,0.6021859673639035,1.11
1,0,-0.3063439724949036,-0.39463840785850407,-0.23
1,0,1.9377467333989096,1.1005981549751078,0.4
1,0,-0.7143604644755969,-0.14543231405290188,-0.48
1,0,-1.42838932544181,1.1005981549751078,1.37
1,0,0.9177055034471763,1.1005981549751078,-0.39
1,0,0.7136972574568297,-0.14543231405290188,0.9
1,0,0.5096890114664829,-2.886699345914524,-0.41
1,0,1.3257219954278696,0.3529798735583014,-0.28
1,0,2.141754979389256,1.5990103425863111,2.11
1,0,-0.3063439724949036,0.8513920611695057,0.96
1,0,-0.5103522184852503,-0.8930505954697084,2.18
1,0,0.5096890114664829,-0.39463840785850407,-0.41
1,0,1.121713749437523,-0.39463840785850407,0.34
1,0,0.7136972574568297,-2.3882871583033203,-0.76
1,0,-0.3063439724949036,-0.39463840785850407,0.92
1,0,0.10167251948578969,-0.6438445016641062,-0.69
1,0,-0.7143604644755969,-0.14543231405290188,-0.38
1,0,-1.326385202446637,-0.14543231405290188,0.75
1,0,-1.6323975714321568,-0.39463840785850407,-0.6
1,0,1.5297302414182161,1.349804248780709,0.11
1,0,0.10167251948578969,0.10377377975269919,-0.07
1,0,-0.10233572650455695,-0.6438445016641062,0.77
1,0,0.10167251948578969,-0.14543231405290188,0.2
1,0,-0.20433984949973028,-0.39463840785850407,1.33
1,0,-0.40834809549007695,0.6021859673639035,0.65
1,0,-1.1223769564562902,-0.6438445016641062,0.2
1,0,-1.1223769564562902,-1.6406688768865139,-0.37
1,0,-0.10233572650455695,0.10377377975269919,-0.02
1,0,1.9377467333989096,0.3529798735583014,-0.75
1,0,-0.10233572650455695,0.6021859673639035,-0.24
1,0,1.3257219954278696,1.8482164363919134,0.59
1,0,-3.26446353935493,-0.14543231405290188,-0.27
1,0,0.5096890114664829,-0.14543231405290188,1.31
1,0,-0.3063439724949036,-1.1422566892753105,0.71
1,0,0.10167251948578969,-0.39463840785850407,1.23
1,0,0.3056807654761363,0.8513920611695057,0.52
1,0,1.3257219954278696,0.6021859673639035,-0.18
1,0,0.3056807654761363,-0.6438445016641062,-0.13
1,0,-2.1424181864080234,-0.14543231405290188,-0.7
1,0,-0.10233572650455695,0.10377377975269919,-0.17
1,0,-0.10233572650455695,0.8513920611695057,-1.31
1,0,0.7136972574568297,0.6021859673639035,-0.1
1,0,0.10167251948578969,1.349804248780709,-0.52
1,0,-1.5303934484369834,-0.39463840785850407,-0.43
1,0,1.121713749437523,0.3529798735583014,0.08
1,0,-1.5303934484369834,-0.14543231405290188,0.19
1,0,1.3257219954278696,1.349804248780709,0.74
1,0,-0.7143604644755969,0.8513920611695057,0.37
1,0,0.5096890114664829,-0.39463840785850407,-0.08
1,0,-0.5103522184852503,0.6021859673639035,1.56
1,0,1.6317343644133895,1.1005981549751078,-0.08
1,0,-0.7143604644755969,0.6021859673639035,1.01
1,0,-1.326385202446637,0.10377377975269919,1.16
1,0,0.4076848884713097,-0.14543231405290188,1.24
1,0,0.9177055034471763,0.6021859673639035,1.81
1,0,0.5096890114664829,1.8482164363919134,0.24
1,0,-2.7544429243790636,1.349804248780709,-0.13
1,0,0.9177055034471763,0.6021859673639035,-0.61
1,0,0.5096890114664829,0.10377377975269919,0.62
1,0,-1.42838932544181,-0.6438445016641062,-0.4
1,0,0.8157013804520029,0.8513920611695057,0.75
1,0,-0.5103522184852503,-0.6438445016641062,0.73
1,0,-2.95845117036941,-1.1422566892753105,-1.65
1,0,-1.1223769564562902,-0.14543231405290188,-0.44
1,0,-0.9183687104659436,1.349804248780709,1.06
1,0,-0.3063439724949036,1.1005981549751078,1.58
1,0,0.9177055034471763,0.6021859673639035,2.37
1,0,0.5096890114664829,1.349804248780709,0.52
1,0,0.3056807654761363,0.6021859673639035,-1.11
1,0,-1.1223769564562902,-0.39463840785850407,-1.07
1,0,-0.3063439724949036,0.6021859673639035,1.02
1,0,-1.0611744826591867,-0.14543231405290188,-1.51
1,0,-0.10233572650455695,-0.14543231405290188,1.36
1,0,-2.1424181864080234,1.5990103425863111,-0.23
1,0,0.3056807654761363,0.3529798735583014,-1.1
1,0,1.121713749437523,0.6021859673639035,1.07
1,0,0.5096890114664829,-1.1422566892753105,1.09
1,0,1.5297302414182161,-0.14543231405290188,0.78
1,0,-0.8163645874707702,0.8513920611695057,0.3
1,0,-0.5103522184852503,1.349804248780709,2.0
1,0,2.141754979389256,1.349804248780709,1.36
1,0,-0.3063439724949036,0.8513920611695057,1.1
1,0,-0.6123563414804236,0.10377377975269919,-0.03
1,0,-1.7344016944273302,0.6021859673639035,1.16
1,0,-1.0203728334611168,-0.8930505954697084,-0.79
1,0,-1.1223769564562902,0.10377377975269919,1.53
1,0,0.5096890114664829,-0.14543231405290188,-0.06
1,0,-0.10233572650455695,0.10377377975269919,0.69
1,0,1.3257219954278696,-0.14543231405290188,-0.45
1,0,1.3257219954278696,0.3529798735583014,0.4
1,0,0.10167251948578969,0.3529798735583014,0.88
1,0,1.7337384874085628,-0.14543231405290188,-0.72
1,0,0.5096890114664829,0.3529798735583014,0.1
1,0,-0.9183687104659436,-0.39463840785850407,-0.77
1,0,0.7136972574568297,0.3529798735583014,0.99
1,0,0.5096890114664829,0.3529798735583014,0.22
1,0,0.5096890114664829,0.10377377975269919,0.48
1,0,0.5096890114664829,-0.39463840785850407,-0.06
1,0,-0.3063439724949036,1.8482164363919134,1.88
1,0,0.10167251948578969,-0.14543231405290188,-1.1
1,0,0.7136972574568297,1.349804248780709,1.6
1,0,-0.10233572650455695,0.3529798735583014,1.23
1,0,-0.8163645874707702,0.10377377975269919,-0.1
1,0,-0.9183687104659436,-1.1422566892753105,-0.91
1,0,-2.0404140634128503,0.8513920611695057,0.98
1,0,-0.5103522184852503,-0.14543231405290188,1.02
1,0,-0.3063439724949036,-0.6438445016641062,0.09
1,1,-0.10233572650455695,0.8513920611695057,-0.56
1,0,2.141754979389256,-0.8930505954697084,1.79
1,0,1.7337384874085628,1.1005981549751078,-0.32
1,0,-0.3063439724949036,0.10377377975269919,0.1
1,0,0.10167251948578969,-1.3914627830809116,-0.98
1,0,-0.9183687104659436,0.6021859673639035,-0.76
1,0,-1.42838932544181,-1.3914627830809116,0.39
1,0,0.3056807654761363,-0.14543231405290188,-0.8
1,0,-0.10233572650455695,0.10377377975269919,0.6
1,0,-0.10233572650455695,-0.6438445016641062,1.26
1,0,-0.5103522184852503,-0.14543231405290188,-0.21
1,0,0.7136972574568297,1.1005981549751078,-1.0
1,0,0.5096890114664829,1.349804248780709,-0.41
1,0,-1.1223769564562902,-0.39463840785850407,0.03
1,0,0.9177055034471763,-0.8930505954697084,-0.58
1,0,-0.3063439724949036,0.6021859673639035,0.26
1,0,-0.6123563414804236,-0.8930505954697084,-0.31
1,0,0.7136972574568297,-0.39463840785850407,-0.07
1,0,-0.3063439724949036,1.1005981549751078,0.1
1,0,1.7337384874085628,1.349804248780709,2.21
1,0,-0.5103522184852503,0.10377377975269919,0.88
1,0,-0.10233572650455695,-0.14543231405290188,-0.47
1,0,1.121713749437523,0.8513920611695057,2.11
1,0,0.10167251948578969,0.10377377975269919,1.02
1,0,1.3257219954278696,0.3529798735583014,0.32
1,0,-0.3063439724949036,1.5990103425863111,0.88
1,0,-0.6123563414804236,-1.1422566892753105,0.17
1,0,0.9177055034471763,-0.39463840785850407,-0.26
1,0,0.10167251948578969,-0.6438445016641062,-0.73
1,0,-0.10233572650455695,-0.6438445016641062,-1.13
1,0,-0.3063439724949036,0.3529798735583014,-0.34
1,0,-0.979571184263047,-1.1422566892753105,-2.5
1,0,0.3056807654761363,1.8482164363919134,0.82
1,0,0.3056807654761363,1.349804248780709,-0.39
1,0,-1.326385202446637,0.6021859673639035,0.63
1,0,0.7136972574568297,0.8513920611695057,0.33
1,0,0.9177055034471763,-1.3914627830809116,-1.61
1,0,-1.326385202446637,-1.1422566892753105,-1.31
1,0,0.10167251948578969,-0.39463840785850407,0.01
1,0,2.141754979389256,-0.14543231405290188,-0.21
1,0,-0.6123563414804236,1.5990103425863111,0.76
1,0,0.7136972574568297,0.8513920611695057,1.36
1,0,-0.5103522184852503,-1.6406688768865139,2.4
1,0,0.3056807654761363,-0.39463840785850407,-0.38
1,0,-1.0203728334611168,-1.3914627830809116,0.87
1,0,-0.40834809549007695,0.6021859673639035,-0.29
1,0,2.141754979389256,1.1005981549751078,0.04
1,0,1.121713749437523,-0.6438445016641062,0.6
1,0,-0.5103522184852503,0.3529798735583014,-0.09
1,0,-0.7143604644755969,0.3529798735583014,-0.47
1,0,0.10167251948578969,-1.889874970692116,-0.14
1,0,1.3257219954278696,0.8513920611695057,-0.58
1,0,-0.10233572650455695,1.1005981549751078,2.39
1,0,-0.00033160350938363367,0.3529798735583014,-0.08
1,0,-1.1223769564562902,0.8513920611695057,0.4
1,0,1.121713749437523,0.6021859673639035,-0.94
1,0,-1.2243810794514636,-0.39463840785850407,-1.72
1,0,-0.9183687104659436,-0.8930505954697084,-0.23
1,0,-0.5103522184852503,0.8513920611695057,0.36
1,0,-0.10233572650455695,-2.1390810644977183,0.89
1,0,0.9177055034471763,1.1005981549751078,0.51
1,0,0.3056807654761363,1.8482164363919134,2.08
1,0,0.9177055034471763,-0.6438445016641062,1.6
1,0,-0.9183687104659436,0.6021859673639035,-0.45
1,0,-0.5715546922823537,-1.3914627830809116,-0.53
1,0,0.3056807654761363,0.8513920611695057,2.07
1,0,1.7337384874085628,0.6021859673639035,-0.97
1,0,0.7136972574568297,0.8513920611695057,0.3
1,0,-0.5103522184852503,0.6021859673639035,0.81
1,0,0.9177055034471763,0.3529798735583014,-0.16
1,0,-0.7143604644755969,1.349804248780709,0.16
1,0,-0.3063439724949036,1.1005981549751078,0.62
1,0,0.5096890114664829,1.5990103425863111,1.66
1,0,-1.7344016944273302,0.3529798735583014,0.51
1,0,-1.5303934484369834,-0.39463840785850407,1.99
1,0,0.10167251948578969,-0.6438445016641062,0.47
1,0,-0.9183687104659436,-1.1422566892753105,0.08
1,0,-1.326385202446637,0.8513920611695057,-0.8
1,0,0.5096890114664829,0.10377377975269919,-0.49
1,0,1.5297302414182161,-0.39463840785850407,-0.09
1,0,-0.3063439724949036,-1.3914627830809116,-0.15
1,0,0.3056807654761363,0.3529798735583014,-0.7
1,0,-0.5103522184852503,-0.39463840785850407,0.07
1,0,-1.5303934484369834,-0.6438445016641062,-1.17
1,0,1.7337384874085628,0.8513920611695057,1.83
1,0,0.5096890114664829,0.3529798735583014,0.94
1,0,1.7337384874085628,-1.889874970692116,0.21
1,0,-0.5103522184852503,1.349804248780709,-0.06
1,0,0.9177055034471763,-3.135905439720126,1.06
1,0,-2.693240450581959,-1.3914627830809116,1.57
1,0,1.3257219954278696,0.8513920611695057,-0.64
1,0,-0.9183687104659436,0.8513920611695057,0.49
1,0,-1.7344016944273302,0.6021859673639035,-0.3
1,0,0.5096890114664829,0.10377377975269919,0.49
1,0,0.10167251948578969,-0.6438445016641062,1.38
1,0,-0.10233572650455695,1.5990103425863111,1.91
1,0,-1.326385202446637,0.8513920611695057,-0.45
1,0,-0.3063439724949036,-1.6406688768865139,1.01
1,0,-2.550434678388717,-1.6406688768865139,-0.58
1,0,-0.40834809549007695,0.6021859673639035,0.3
1,0,1.9377467333989096,0.6021859673639035,0.94
1,0,-0.5103522184852503,1.8482164363919134,-0.74
1,0,-0.5103522184852503,0.6021859673639035,1.08
1,0,2.141754979389256,0.3529798735583014,0.14
1,0,0.10167251948578969,1.8482164363919134,1.39
1,0,-0.7143604644755969,0.10377377975269919,1.15
1,0,0.5096890114664829,-0.39463840785850407,1.7
1,0,-2.1424181864080234,-0.8930505954697084,0.32
1,0,0.10167251948578969,-0.14543231405290188,0.42
1,0,-1.0203728334611168,-0.14543231405290188,-0.7
1,0,-0.10233572650455695,0.8513920611695057,-1.18
1,0,-0.9183687104659436,0.6021859673639035,0.29
1,0,0.3056807654761363,1.349804248780709,0.79
1,0,0.10167251948578969,-1.889874970692116,-1.69
1,0,0.3056807654761363,0.8513920611695057,0.62
1,0,-1.1223769564562902,0.10377377975269919,-1.16
1,0,-0.5103522184852503,0.6021859673639035,-0.12
1,0,-1.326385202446637,0.3529798735583014,-0.18
1,0,-2.34642643239837,-0.8930505954697084,-1.03
1,0,0.9177055034471763,0.3529798735583014,-0.52
1,0,-1.2243810794514636,-0.14543231405290188,1.13
1,0,-1.387587676243741,-0.8930505954697084,-0.58
1,0,1.121713749437523,0.3529798735583014,0.97
1,0,-0.3063439724949036,0.10377377975269919,-0.76
1,0,-1.1223769564562902,0.3529798735583014,-0.49
1,0,-0.5103522184852503,-1.3914627830809116,-0.38
1,0,0.9177055034471763,1.349804248780709,-0.69
1,0,0.7136972574568297,-0.14543231405290188,-0.92
1,0,0.3056807654761363,-3.3851115335257282,0.35
1,0,0.3056807654761363,-0.14543231405290188,0.56
1,0,1.3257219954278696,0.8513920611695057,0.82
1,0,2.141754979389256,-0.39463840785850407,1.57
1,0,1.3257219954278696,1.349804248780709,1.86
1,0,-0.10233572650455695,0.6021859673639035,-0.98
1,0,0.9177055034471763,-0.8930505954697084,-0.24
1,0,-1.7344016944273302,-0.6438445016641062,-1.59
1,0,-0.5103522184852503,0.3529798735583014,0.26
1,0,0.5096890114664829,-0.8930505954697084,-1.45
1,0,-0.10233572650455695,0.8513920611695057,0.03
1,0,0.3056807654761363,0.3529798735583014,0.85
1,0,-1.326385202446637,0.6021859673639035,-0.59
1,0,-0.9183687104659436,-0.39463840785850407,-0.75
1,0,-1.2243810794514636,-0.8930505954697084,-0.25
1,0,-0.5103522184852503,0.8513920611695057,-1.22
1,0,-0.5103522184852503,0.8513920611695057,-0.73
1,0,0.4076848884713097,-0.14543231405290188,0.36
1,0,-1.8364058174225035,-0.14543231405290188,-1.64
1,0,2.141754979389256,1.5990103425863111,0.02
1,0,0.3056807654761363,1.5990103425863111,-0.71
1,0,-0.10233572650455695,1.349804248780709,1.19
1,0,0.7136972574568297,-0.39463840785850407,2.75
1,0,0.9177055034471763,0.6021859673639035,0.67
1,0,-1.5303934484369834,-0.39463840785850407,0.75
1,0,-0.5103522184852503,-1.889874970692116,-0.55
1,0,-1.1223769564562902,-0.6438445016641062,-0.33
1,0,0.9177055034471763,1.8482164363919134,1.7
1,0,-0.6123563414804236,0.8513920611695057,-0.91
1,0,-0.3063439724949036,-1.6406688768865139,1.69
1,0,0.7136972574568297,-1.1422566892753105,-0.41
1,0,0.5096890114664829,0.6021859673639035,0.77
1,0,0.9177055034471763,-0.14543231405290188,-0.83
1,0,-1.326385202446637,-1.3914627830809116,-2.02
1,0,0.3056807654761363,0.3529798735583014,0.19
1,0,-0.9183687104659436,-1.3914627830809116,1.41
1,0,-1.5303934484369834,-0.14543231405290188,-1.03
1,0,-0.7143604644755969,-0.8930505954697084,0.77
1,0,-1.5303934484369834,-1.3914627830809116,-0.01
1,0,0.9177055034471763,-0.39463840785850407,0.16
1,0,-0.10233572650455695,-1.1422566892753105,0.02
1,0,1.3257219954278696,-0.6438445016641062,-0.72
1,0,1.121713749437523,-0.14543231405290188,1.1
1,0,-1.7344016944273302,1.5990103425863111,-0.14
1,0,0.3056807654761363,-1.3914627830809116,0.57
1,0,-0.10233572650455695,1.349804248780709,1.33
1,0,-0.8163645874707702,-0.6438445016641062,-0.15
1,0,-1.1223769564562902,-1.1422566892753105,-1.53
1,0,-0.5103522184852503,0.3529798735583014,-0.47
1,0,1.5297302414182161,0.6021859673639035,-0.53
1,0,0.7136972574568297,0.6021859673639035,-1.14
1,0,0.4076848884713097,-0.39463840785850407,0.98
1,0,-1.1223769564562902,0.3529798735583014,-0.37
1,0,-0.5103522184852503,-0.39463840785850407,0.12
1,0,1.121713749437523,-0.6438445016641062,0.39
1,0,0.10167251948578969,-1.3914627830809116,-1.07
1,0,0.10167251948578969,0.8513920611695057,-0.36
1,0,1.121713749437523,1.1005981549751078,-0.91
1,0,0.7136972574568297,1.1005981549751078,1.81
1,0,1.121713749437523,0.10377377975269919,0.87
1,0,2.141754979389256,-0.39463840785850407,-0.91
1,0,-1.5303934484369834,1.5990103425863111,-0.49
1,0,-0.3063439724949036,0.3529798735583014,0.11
1,0,-0.3063439724949036,-2.6374932521089214,0.15
1,0,0.5096890114664829,1.1005981549751078,-1.78
1,0,1.9377467333989096,0.8513920611695057,0.75
1,0,1.9377467333989096,0.3529798735583014,0.93
1,0,1.0197096264423495,-0.14543231405290188,2.35
1,0,-0.5103522184852503,-0.8930505954697084,-0.51
1,0,0.5096890114664829,1.1005981549751078,0.39
1,0,0.5096890114664829,-0.39463840785850407,-0.12
1,0,0.5096890114664829,-1.1422566892753105,-0.39
1,0,1.9377467333989096,0.6021859673639035,0.62
1,0,0.10167251948578969,0.3529798735583014,1.33
1,0,-0.10233572650455695,0.3529798735583014,0.94
1,0,0.5096890114664829,0.8513920611695057,-0.78
1,0,-0.10233572650455695,-0.14543231405290188,0.08
1,0,1.5297302414182161,0.10377377975269919,0.19
1,0,-0.9183687104659436,1.349804248780709,-0.89
1,0,-1.9384099404176767,-2.6374932521089214,-0.66
1,0,0.5096890114664829,-1.1422566892753105,0.04
1,0,0.9177055034471763,1.5990103425863111,-1.08
1,0,0.5096890114664829,0.6021859673639035,0.36
1,0,-0.9183687104659436,1.1005981549751078,1.26
1,0,0.10167251948578969,-0.6438445016641062,0.96
1,0,0.10167251948578969,1.349804248780709,0.55
1,0,0.7136972574568297,-0.39463840785850407,-1.15
1,0,0.3056807654761363,-0.39463840785850407,-0.39
1,0,-1.326385202446637,1.5990103425863111,1.4
1,0,-0.7143604644755969,0.10377377975269919,1.31
1,0,-0.5103522184852503,-0.6438445016641062,1.22
1,0,-0.8163645874707702,-1.3914627830809116,-0.97
1,0,0.9177055034471763,1.5990103425863111,0.31
1,0,-1.1223769564562902,1.1005981549751078,1.62
1,0,-0.9183687104659436,1.5990103425863111,-0.42
1,0,-1.326385202446637,0.10377377975269919,-0.86
1,0,0.9177055034471763,1.1005981549751078,-1.1
1,0,-0.9183687104659436,-1.3914627830809116,0.16
1,0,0.10167251948578969,1.1005981549751078,-0.31
1,0,0.5096890114664829,-0.8930505954697084,1.61
1,0,0.9177055034471763,-0.14543231405290188,-0.1
1,0,-0.3063439724949036,0.10377377975269919,1.06
1,0,-0.7143604644755969,-0.14543231405290188,2.05
1,0,-2.2444223094031965,1.5990103425863111,-2.23
1,0,0.10167251948578969,0.8513920611695057,-0.05
1,0,0.5096890114664829,0.8513920611695057,0.28
1,0,0.7136972574568297,-0.8930505954697084,0.74
1,0,-0.3063439724949036,0.3529798735583014,-0.08
1,0,-0.10233572650455695,-1.889874970692116,0.37
1,0,0.10167251948578969,1.8482164363919134,1.7
1,0,0.10167251948578969,1.1005981549751078,-0.73
1,0,1.121713749437523,0.6021859673639035,-0.85
1,0,0.9177055034471763,0.6021859673639035,1.23
1,0,0.7136972574568297,0.3529798735583014,1.43
1,0,-0.5103522184852503,1.5990103425863111,-1.38
1,0,1.3257219954278696,-1.889874970692116,1.52
1,0,1.7337384874085628,1.8482164363919134,-0.39
1,0,-0.9183687104659436,-0.8930505954697084,-1.39
1,0,1.5297302414182161,-0.6438445016641062,0.64
1,1,-3.3664676623501033,0.3529798735583014,-0.27
1,0,1.9377467333989096,0.8513920611695057,1.27
1,0,1.3257219954278696,0.8513920611695057,-0.12
1,0,2.141754979389256,1.1005981549751078,-0.96
1,0,-0.5103522184852503,-1.1422566892753105,0.06
1,0,1.5297302414182161,-2.886699345914524,-0.55
1,0,0.9177055034471763,-0.39463840785850407,-0.12
1,0,1.121713749437523,0.10377377975269919,0.74
1,0,-1.42838932544181,0.6021859673639035,0.79
1,0,-0.9183687104659436,-0.14543231405290188,-0.92
1,0,-0.3063439724949036,-0.8930505954697084,-0.63
1,0,-0.10233572650455695,0.10377377975269919,-0.58
1,0,0.3056807654761363,-0.6438445016641062,-0.01
1,0,-0.7143604644755969,0.10377377975269919,1.18
1,0,-0.3063439724949036,-1.6406688768865139,-0.72
1,0,0.7136972574568297,-0.14543231405290188,-0.71
1,0,0.3056807654761363,1.349804248780709,0.94
1,0,-0.7143604644755969,-0.8930505954697084,0.74
1,0,0.10167251948578969,-1.1422566892753105,1.26
1,0,-0.7143604644755969,-0.14543231405290188,0.98
1,0,-1.326385202446637,-1.6406688768865139,0.52
1,0,-1.42838932544181,-0.39463840785850407,0.09
1,0,-0.9183687104659436,-0.8930505954697084,0.33
1,0,1.121713749437523,1.349804248780709,1.15
1,0,1.9377467333989096,0.6021859673639035,0.61
1,0,0.9177055034471763,0.8513920611695057,0.32
1,0,-0.8163645874707702,0.6021859673639035,0.74
1,0,-0.5103522184852503,0.8513920611695057,1.18
1,0,1.5297302414182161,0.8513920611695057,1.11
1,0,-1.326385202446637,-0.8930505954697084,1.12
1,0,-0.5103522184852503,1.8482164363919134,1.61
1,0,-0.6123563414804236,1.349804248780709,0.14
1,0,-0.10233572650455695,-0.14543231405290188,1.11
1,0,0.3056807654761363,-0.8930505954697084,-0.17
1,0,0.10167251948578969,0.6021859673639035,-0.07
1,0,-1.2243810794514636,0.10377377975269919,-1.04
1,0,-0.8163645874707702,-2.1390810644977183,0.8
1,0,1.121713749437523,-1.1422566892753105,0.71
1,0,0.9177055034471763,0.10377377975269919,1.23
1,0,-0.5103522184852503,0.6021859673639035,0.67
1,0,0.9177055034471763,-0.8930505954697084,0.55
1,0,-0.5103522184852503,-0.8930505954697084,-1.27
1,0,0.5096890114664829,-0.8930505954697084,-0.76
1,0,1.5297302414182161,1.1005981549751078,-0.94
1,0,-1.5303934484369834,-1.3914627830809116,-0.23
1,0,-1.0203728334611168,-1.3914627830809116,-0.23
1,0,0.7136972574568297,1.5990103425863111,2.39
1,0,0.7136972574568297,-1.3914627830809116,0.98
1,0,0.5096890114664829,0.3529798735583014,1.44
1,0,0.5096890114664829,-0.8930505954697084,0.76
1,0,0.3056807654761363,-0.8930505954697084,0.04
1,0,1.5297302414182161,-0.14543231405290188,0.19
1,0,0.10167251948578969,0.3529798735583014,-1.39
1,0,0.10167251948578969,0.10377377975269919,-0.1
1,0,0.3056807654761363,1.1005981549751078,2.55
1,0,0.3056807654761363,-0.8930505954697084,-1.75
1,0,-0.3063439724949036,-0.8930505954697084,-0.53
1,0,1.9377467333989096,0.10377377975269919,1.43
1,0,0.5096890114664829,-0.8930505954697084,0.45
1,0,-0.3063439724949036,-1.3914627830809116,-0.17
1,0,-0.3063439724949036,-0.14543231405290188,-0.72
1,0,0.7136972574568297,0.8513920611695057,0.26
1,0,-0.10233572650455695,0.3529798735583014,-0.08
1,0,-1.5303934484369834,0.10377377975269919,0.01
1,0,1.121713749437523,-0.14543231405290188,0.85
1,0,-0.3063439724949036,-0.14543231405290188,1.34
1,0,0.10167251948578969,1.349804248780709,0.9
1,0,-0.5103522184852503,0.10377377975269919,-1.16
1,0,-0.5103522184852503,-0.14543231405290188,0.38
1,0,-1.9384099404176767,0.8513920611695057,-1.01
1,0,-0.3063439724949036,-1.6406688768865139,1.45
1,0,-1.0203728334611168,-0.14543231405290188,-1.29
1,0,-0.3063439724949036,-0.8930505954697084,0.89
1,0,-1.1223769564562902,1.5990103425863111,1.64
1,0,-0.3063439724949036,-0.39463840785850407,0.03
1,0,-0.3063439724949036,0.8513920611695057,0.66
1,0,0.10167251948578969,-0.39463840785850407,0.73
1,0,-0.3063439724949036,0.6021859673639035,0.39
1,0,1.5297302414182161,-1.6406688768865139,2.06
1,0,0.3056807654761363,-1.3914627830809116,1.03
1,0,0.5096890114664829,-0.8930505954697084,0.6
1,0,-1.2243810794514636,-0.39463840785850407,0.8
1,0,-0.5103522184852503,-0.14543231405290188,1.15
1,0,0.9177055034471763,0.8513920611695057,1.34
1,0,-0.5103522184852503,0.3529798735583014,0.72
1,0,0.7136972574568297,0.8513920611695057,-0.47
1,0,0.5096890114664829,-0.39463840785850407,-0.95
1,0,0.3056807654761363,-1.3914627830809116,1.16
1,0,-0.40834809549007695,0.10377377975269919,1.22
1,0,0.10167251948578969,0.3529798735583014,-0.06
1,0,1.121713749437523,-2.886699345914524,-0.1
1,0,0.10167251948578969,1.349804248780709,0.48
1,0,0.3056807654761363,0.6021859673639035,0.95
1,0,1.5297302414182161,1.1005981549751078,-0.43
1,0,0.10167251948578969,-0.8930505954697084,0.21
1,0,0.7136972574568297,1.1005981549751078,0.47
1,0,0.5096890114664829,-1.889874970692116,-0.12
1,0,0.5096890114664829,1.349804248780709,0.3
1,0,-1.1223769564562902,-0.14543231405290188,1.23
1,0,-1.326385202446637,-0.14543231405290188,0.31
1,0,0.3056807654761363,1.8482164363919134,2.07
1,0,-0.7143604644755969,-2.6374932521089214,0.26
1,0,0.10167251948578969,0.6021859673639035,-0.65
1,0,-0.10233572650455695,-0.8930505954697084,-0.7
1,0,0.3056807654761363,-1.3914627830809116,-0.84
1,0,-0.10233572650455695,0.6021859673639035,1.36
1,0,-0.6123563414804236,0.6021859673639035,1.1
1,0,0.5096890114664829,-0.14543231405290188,0.94
1,0,-1.8364058174225035,-1.3914627830809116,-1.07
1,0,-0.9183687104659436,-0.39463840785850407,-0.59
1,0,2.141754979389256,1.349804248780709,0.15
1,0,1.5297302414182161,0.8513920611695057,0.34
1,0,1.5297302414182161,0.6021859673639035,-0.38
1,0,0.9177055034471763,1.349804248780709,0.66
1,0,-1.2651827286495327,-1.1422566892753105,2.63
1,0,-1.326385202446637,-0.8930505954697084,1.49
1,0,-1.1223769564562902,-0.14543231405290188,-0.84
1,0,-2.34642643239837,-2.3882871583033203,-0.99
1,0,0.3056807654761363,0.8513920611695057,1.22
1,0,1.3257219954278696,-1.3914627830809116,-0.17
1,0,0.3056807654761363,1.1005981549751078,-1.5
1,0,0.5096890114664829,0.6021859673639035,0.3
1,0,-0.10233572650455695,-1.3914627830809116,0.1
1,0,-0.5103522184852503,0.10377377975269919,2.16
1,0,1.3257219954278696,-0.14543231405290188,-0.88
1,0,-0.5103522184852503,0.8513920611695057,0.01
1,0,0.9177055034471763,-1.3914627830809116,0.74
1,0,-1.2243810794514636,-0.14543231405290188,0.29
1,0,-0.7143604644755969,0.6021859673639035,1.07
1,0,-0.10233572650455695,0.3529798735583014,-0.24
1,0,-0.3063439724949036,-1.1422566892753105,-1.13
1,0,0.5096890114664829,0.6021859673639035,1.65
1,0,0.5096890114664829,0.3529798735583014,0.91
1,0,0.10167251948578969,-0.8930505954697084,-0.6
1,0,0.203676642480963,0.10377377975269919,-0.02
1,0,0.10167251948578969,0.10377377975269919,0.18
1,0,-0.10233572650455695,-0.39463840785850407,-0.35
1,0,0.10167251948578969,-0.6438445016641062,-1.23
1,0,1.3257219954278696,-2.3882871583033203,1.26
1,0,-0.5103522184852503,-0.39463840785850407,0.31
1,0,1.121713749437523,-1.1422566892753105,-0.39
1,0,0.7136972574568297,-0.6438445016641062,-0.46
1,0,1.121713749437523,-0.39463840785850407,1.59
1,0,-0.10233572650455695,1.349804248780709,-0.31
1,0,0.3056807654761363,-0.6438445016641062,0.49
1,0,0.9177055034471763,0.6021859673639035,0.81
1,0,-0.9183687104659436,-1.889874970692116,0.61
1,0,-1.0203728334611168,0.10377377975269919,0.1
1,0,-0.3063439724949036,-0.14543231405290188,0.17
1,0,1.121713749437523,0.6021859673639035,0.46
1,0,2.141754979389256,1.1005981549751078,1.77
1,0,0.3056807654761363,-0.14543231405290188,0.29
1,0,-1.42838932544181,0.10377377975269919,-0.52
1,0,-2.4484305553935433,0.8513920611695057,-0.63
1,0,-1.1223769564562902,-0.6438445016641062,0.96
1,0,-0.5103522184852503,0.3529798735583014,-0.6
1,0,-0.7143604644755969,0.6021859673639035,0.47
1,0,0.7136972574568297,0.6021859673639035,-0.26
1,0,0.3056807654761363,1.349804248780709,0.59
1,0,-1.326385202446637,1.5990103425863111,0.22
1,0,-0.3063439724949036,0.3529798735583014,-1.42
1,0,1.7337384874085628,1.349804248780709,1.43
1,0,1.9377467333989096,0.6021859673639035,1.26
1,0,-3.1624594163597566,0.8513920611695057,-0.51
1,0,1.9377467333989096,1.8482164363919134,1.12
1,0,-0.10233572650455695,0.10377377975269919,1.1
1,0,-0.10233572650455695,0.6021859673639035,0.26
1,0,1.121713749437523,-1.6406688768865139,-1.06
1,0,0.9177055034471763,0.10377377975269919,1.12
1,0,-0.5103522184852503,-0.39463840785850407,0.5
1,0,0.3056807654761363,1.349804248780709,-2.14
1,0,-0.9183687104659436,-0.6438445016641062,0.56
1,0,0.8157013804520029,-0.8930505954697084,-0.37
1,0,0.3056807654761363,1.1005981549751078,1.15
1,0,-2.34642643239837,-1.1422566892753105,-0.46
1,0,1.5297302414182161,0.6021859673639035,0.15
1,0,0.9177055034471763,1.349804248780709,-1.02
1,0,-0.6123563414804236,0.10377377975269919,-0.95
1,0,0.9177055034471763,0.8513920611695057,1.12
1,0,-0.9183687104659436,-2.1390810644977183,-0.63
1,0,0.3056807654761363,-0.14543231405290188,1.62
1,0,-2.1424181864080234,1.1005981549751078,-0.42
1,0,-0.9183687104659436,1.349804248780709,0.56
1,0,1.5297302414182161,1.349804248780709,-1.13
1,0,1.121713749437523,0.3529798735583014,1.78
1,0,1.7337384874085628,1.1005981549751078,0.2
1,0,-1.2243810794514636,-0.8930505954697084,0.33
1,0,-0.5103522184852503,1.8482164363919134,0.09
1,0,0.9177055034471763,0.3529798735583014,1.29
1,0,-0.7143604644755969,-0.6438445016641062,-0.56
1,0,0.7136972574568297,1.5990103425863111,1.2
1,0,0.7136972574568297,-0.6438445016641062,0.27
1,0,-1.8364058174225035,-0.8930505954697084,-0.28
1,0,0.7136972574568297,0.6021859673639035,1.11
1,0,1.9377467333989096,0.3529798735583014,0.87
1,0,-0.10233572650455695,1.1005981549751078,-1.92
1,0,-1.6323975714321568,-1.3914627830809116,0.05
1,0,-1.1223769564562902,1.349804248780709,1.62
1,0,0.7136972574568297,-0.14543231405290188,-0.75
1,0,-1.7344016944273302,0.10377377975269919,0.03
1,0,-0.3063439724949036,-0.14543231405290188,-0.69
1,0,-0.3063439724949036,-0.39463840785850407,0.53
1,0,-1.0203728334611168,-1.1422566892753105,-0.28
1,0,-0.7143604644755969,0.3529798735583014,0.89
1,0,0.5096890114664829,1.1005981549751078,0.68
1,0,0.10167251948578969,-0.14543231405290188,-1.46
1,0,0.5096890114664829,0.6021859673639035,1.54
1,0,-0.5103522184852503,-0.14543231405290188,0.57
1,0,0.5096890114664829,-0.6438445016641062,1.17
1,0,0.10167251948578969,-0.14543231405290188,0.17
1,0,-0.7143604644755969,0.10377377975269919,1.13
1,0,-1.326385202446637,0.3529798735583014,0.44
1,0,-0.9183687104659436,0.6021859673639035,0.66
1,0,0.5096890114664829,-0.14543231405290188,2.23
1,0,1.7337384874085628,-1.3914627830809116,0.81
1,0,-1.7344016944273302,0.10377377975269919,-2.15
1,0,0.5096890114664829,-0.8930505954697084,1.96
1,0,-1.326385202446637,-0.14543231405290188,-1.26
1,0,0.5096890114664829,0.10377377975269919,1.46
1,0,0.7136972574568297,1.349804248780709,1.57
1,0,-0.3063439724949036,1.8482164363919134,1.61
1,0,0.9177055034471763,0.3529798735583014,1.25
1,0,1.121713749437523,-0.8930505954697084,1.89
1,0,0.9177055034471763,1.1005981549751078,-0.66
1,0,-0.10233572650455695,-1.3914627830809116,-0.07
1,0,0.10167251948578969,-1.1422566892753105,-0.58
1,0,0.7136972574568297,-0.6438445016641062,0.08
1,0,1.5297302414182161,0.8513920611695057,0.98
1,0,0.9177055034471763,-1.1422566892753105,1.21
1,0,0.5096890114664829,-0.14543231405290188,-1.08
1,0,-0.10233572650455695,0.6021859673639035,-0.33
1,0,2.141754979389256,0.8513920611695057,0.44
1,0,-0.10233572650455695,1.1005981549751078,2.0
1,0,-0.3063439724949036,0.3529798735583014,0.71
1,0,1.3257219954278696,0.3529798735583014,-0.26
1,0,-0.7143604644755969,0.10377377975269919,0.85
1,0,-1.7344016944273302,-1.1422566892753105,-0.78
1,0,-0.3063439724949036,-2.3882871583033203,0.01
1,0,-0.5103522184852503,-0.39463840785850407,-0.06
1,0,-0.3063439724949036,-0.6438445016641062,-1.11
1,0,-1.5303934484369834,-0.39463840785850407,-0.1
1,0,-1.326385202446637,-0.8930505954697084,0.3
1,0,-0.10233572650455695,0.3529798735583014,1.09
1,0,-0.00033160350938363367,-0.8930505954697084,0.96
1,0,0.5096890114664829,1.349804248780709,2.44
1,0,-0.9183687104659436,1.5990103425863111,1.56
1,0,-1.7344016944273302,1.349804248780709,1.72
1,0,0.5096890114664829,-0.14543231405290188,0.32
1,0,-1.5303934484369834,-1.1422566892753105,-0.09
1,0,-0.5103522184852503,0.10377377975269919,0.22
1,0,0.3056807654761363,0.3529798735583014,0.31
1,0,0.3056807654761363,0.6021859673639035,1.41
1,0,1.121713749437523,-1.3914627830809116,0.48
1,0,-0.40834809549007695,0.10377377975269919,-0.44
1,0,-2.550434678388717,0.3529798735583014,-0.58
1,0,-0.00033160350938363367,-0.6438445016641062,-0.46
1,0,-0.5103522184852503,0.10377377975269919,0.76
1,0,-0.9183687104659436,1.349804248780709,1.52
1,0,-1.1223769564562902,-0.14543231405290188,-0.44
1,0,0.10167251948578969,-0.14543231405290188,-0.72
1,0,1.3257219954278696,-2.3882871583033203,2.65
1,0,0.5096890114664829,0.8513920611695057,1.19
1,0,1.7337384874085628,0.6021859673639035,0.59
1,0,1.121713749437523,-0.6438445016641062,0.22
1,0,-2.550434678388717,0.6021859673639035,1.15
1,0,0.7136972574568297,-0.6438445016641062,-0.07
1,0,0.3056807654761363,-0.14543231405290188,0.62
1,0,-0.00033160350938363367,-0.6438445016641062,0.81
1,0,1.3257219954278696,0.8513920611695057,2.5
1,0,0.6116931344616563,-0.6438445016641062,0.07
1,0,0.7136972574568297,0.3529798735583014,-0.11
1,0,1.3257219954278696,0.10377377975269919,-0.15
1,0,-0.10233572650455695,-0.8930505954697084,-0.69
1,0,-0.9183687104659436,-0.6438445016641062,-0.41
1,0,-0.9183687104659436,1.349804248780709,-0.31
1,0,1.3257219954278696,-1.1422566892753105,0.65
1,0,-1.2243810794514636,0.10377377975269919,1.11
1,0,-0.7143604644755969,0.6021859673639035,-1.43
1,0,0.7136972574568297,-0.6438445016641062,0.34
1,0,0.3056807654761363,-3.135905439720126,0.6
1,0,-0.9183687104659436,-0.6438445016641062,-0.59
1,0,0.10167251948578969,0.10377377975269919,0.74
1,0,-1.7344016944273302,-0.39463840785850407,-0.01
1,0,0.5096890114664829,1.349804248780709,-0.6
1,0,-0.5103522184852503,-0.39463840785850407,-1.45
1,0,0.7136972574568297,-0.14543231405290188,-1.33
1,0,-1.2243810794514636,-0.14543231405290188,0.04
1,0,0.9177055034471763,-0.39463840785850407,0.27
1,0,1.3257219954278696,0.3529798735583014,1.79
1,0,-2.1424181864080234,0.8513920611695057,-0.2
1,0,0.203676642480963,-0.6438445016641062,-0.34
1,0,-1.4691909746398792,-0.8930505954697084,-0.59
1,0,0.9177055034471763,1.349804248780709,-1.04
1,0,-0.10233572650455695,0.8513920611695057,0.43
1,0,-1.5303934484369834,-0.39463840785850407,-0.1
1,0,0.10167251948578969,1.1005981549751078,-0.05
1,0,0.3056807654761363,-0.14543231405290188,-0.59
1,0,0.3056807654761363,1.349804248780709,1.8
1,0,-0.7143604644755969,-0.14543231405290188,-0.76
1,0,0.3056807654761363,1.5990103425863111,0.6
1,0,0.9177055034471763,-0.39463840785850407,0.56
1,0,-0.40834809549007695,1.349804248780709,-1.14
1,0,0.7136972574568297,-0.6438445016641062,-0.39
1,0,-0.7143604644755969,-0.6438445016641062,-0.4
1,0,2.141754979389256,0.6021859673639035,1.02
1,0,0.10167251948578969,-0.39463840785850407,-0.47
1,0,0.10167251948578969,-1.1422566892753105,0.67
1,0,1.121713749437523,0.10377377975269919,0.8
1,0,0.10167251948578969,0.3529798735583014,-0.36
1,0,-0.9183687104659436,-1.3914627830809116,1.2
1,0,0.7136972574568297,-0.6438445016641062,-0.39
1,0,2.141754979389256,0.3529798735583014,2.08
1,1,1.9377467333989096,-1.1422566892753105,-1.13
1,0,-0.20433984949973028,1.1005981549751078,1.61
1,0,-0.5103522184852503,0.8513920611695057,0.68
1,0,0.5096890114664829,-0.14543231405290188,1.71
1,0,-1.8364058174225035,-0.6438445016641062,0.25
1,1,-1.5303934484369834,-0.6438445016641062,0.16
1,0,-0.3063439724949036,-2.3882871583033203,-0.47
1,0,0.9177055034471763,1.349804248780709,0.19
1,0,1.7337384874085628,-0.6438445016641062,0.58
1,0,1.121713749437523,0.3529798735583014,0.75
1,0,-1.326385202446637,-0.6438445016641062,0.6
1,0,-0.9183687104659436,-0.8930505954697084,-0.39
1,0,0.10167251948578969,1.349804248780709,-1.0
1,0,-1.1223769564562902,-1.3914627830809116,-0.66
1,0,-1.1223769564562902,-0.8930505954697084,-0.62
1,0,0.3056807654761363,-0.6438445016641062,-1.09
1,0,-1.9384099404176767,-2.3882871583033203,-1.13
1,0,-0.9183687104659436,0.6021859673639035,-0.43
1,0,2.141754979389256,0.8513920611695057,1.71
1,0,0.9177055034471763,-0.6438445016641062,-1.02
1,0,1.3257219954278696,0.6021859673639035,-0.26
1,0,0.10167251948578969,0.3529798735583014,-1.83
1,0,0.10167251948578969,-0.8930505954697084,0.99
1,0,0.5096890114664829,0.6021859673639035,1.03
1,0,-1.6323975714321568,1.349804248780709,-0.84
1,0,-0.10233572650455695,-0.8930505954697084,1.51
1,0,-0.7143604644755969,1.5990103425863111,0.12
1,0,-1.326385202446637,-0.6438445016641062,-0.85
1,0,0.10167251948578969,-0.8930505954697084,1.68
1,0,-0.9183687104659436,-0.6438445016641062,-1.1
1,0,1.121713749437523,-1.6406688768865139,0.58
1,0,-0.00033160350938363367,-1.1422566892753105,1.9
1,0,0.3056807654761363,-0.6438445016641062,-0.65
1,0,-0.7143604644755969,0.8513920611695057,0.0
1,0,0.5096890114664829,0.10377377975269919,-0.74
1,0,-0.3063439724949036,0.8513920611695057,1.46
1,0,0.10167251948578969,-2.1390810644977183,1.28
1,0,-0.9183687104659436,-0.6438445016641062,1.93
1,0,1.3257219954278696,0.3529798735583014,-0.12
1,0,1.3257219954278696,-0.14543231405290188,-1.08
1,0,-0.10233572650455695,-0.6438445016641062,0.1
1,0,-0.5103522184852503,0.8513920611695057,0.46
1,0,-0.10233572650455695,-0.14543231405290188,0.03
1,0,0.5096890114664829,-0.6438445016641062,-0.29
1,0,0.3056807654761363,-1.1422566892753105,-0.14
1,0,-1.42838932544181,0.10377377975269919,0.57
1,0,-0.5103522184852503,1.349804248780709,1.37
1,0,0.5096890114664829,0.8513920611695057,0.81
1,0,-1.326385202446637,-1.3914627830809116,0.31
1,0,0.9177055034471763,0.8513920611695057,0.7
1,0,0.7136972574568297,0.6021859673639035,0.52
1,0,0.3056807654761363,-0.6438445016641062,0.93
1,0,0.5096890114664829,1.349804248780709,-0.28
1,0,0.10167251948578969,-1.6406688768865139,-0.62
1,0,0.7136972574568297,-1.6406688768865139,-0.3
1,0,-1.8364058174225035,-0.8930505954697084,-0.66
1,0,0.10167251948578969,0.10377377975269919,-1.82
1,0,0.9177055034471763,0.10377377975269919,0.26
1,0,-0.10233572650455695,0.8513920611695057,0.66
1,0,-0.7143604644755969,0.6021859673639035,0.85
1,0,0.9177055034471763,-2.886699345914524,0.25
1,0,1.9377467333989096,1.5990103425863111,-0.32
1,0,-0.5103522184852503,1.1005981549751078,0.17
1,0,-0.3063439724949036,-0.6438445016641062,2.76
1,0,0.3056807654761363,-0.8930505954697084,-0.17
1,0,-2.0404140634128503,-0.39463840785850407,-0.79
1,0,0.10167251948578969,-0.6438445016641062,0.32
1,0,1.121713749437523,-1.1422566892753105,1.2
1,0,1.5297302414182161,1.8482164363919134,-0.19
1,0,0.10167251948578969,-0.8930505954697084,-1.73
1,0,-0.3063439724949036,-0.39463840785850407,0.68
1,0,-0.20433984949973028,-0.14543231405290188,0.63
1,0,1.3257219954278696,0.3529798735583014,0.77
1,0,0.10167251948578969,-0.14543231405290188,-0.07
1,0,-0.5103522184852503,0.10377377975269919,-0.85
1,0,0.4076848884713097,-3.883523721136932,-0.94
1,0,-0.9183687104659436,-0.39463840785850407,-0.78
1,0,0.7136972574568297,1.8482164363919134,0.09
1,0,-0.3063439724949036,-0.14543231405290188,0.48
1,0,-1.326385202446637,-1.6406688768865139,-0.43
1,0,-0.20433984949973028,-0.39463840785850407,-0.42
1,0,-0.5103522184852503,-0.14543231405290188,0.38
1,0,1.9377467333989096,-0.8930505954697084,0.71
1,0,-1.1223769564562902,-0.8930505954697084,0.64
1,0,-0.5103522184852503,-2.886699345914524,0.11
1,0,-0.5103522184852503,0.3529798735583014,1.08
1,0,0.9177055034471763,-1.1422566892753105,0.72
1,0,-0.10233572650455695,-1.1422566892753105,-0.28
1,0,-2.7544429243790636,-1.1422566892753105,0.84
1,0,0.3056807654761363,0.10377377975269919,0.34
1,0,0.10167251948578969,-0.39463840785850407,-0.48
1,0,-0.40834809549007695,0.10377377975269919,0.17
1,0,-1.326385202446637,0.8513920611695057,-0.79
1,0,-0.7143604644755969,-2.1390810644977183,1.41
1,0,-0.40834809549007695,-0.6438445016641062,-0.18
1,0,0.10167251948578969,-0.39463840785850407,-0.13
1,0,0.7136972574568297,-0.14543231405290188,0.97
1,0,0.10167251948578969,-2.1390810644977183,-0.79
1,0,1.3257219954278696,-0.39463840785850407,1.37
1,0,0.5096890114664829,0.3529798735583014,0.69
1,0,0.3056807654761363,0.3529798735583014,0.16
1,0,0.3056807654761363,-0.39463840785850407,-0.42
1,0,-1.9996124142147809,-0.6438445016641062,-0.04
1,0,-0.10233572650455695,0.6021859673639035,0.87
1,0,0.10167251948578969,0.6021859673639035,-0.21
1,0,1.121713749437523,-2.1390810644977183,-0.86
1,0,-0.3063439724949036,0.10377377975269919,0.96
1,0,-0.7143604644755969,0.3529798735583014,-0.19
1,0,1.121713749437523,-0.6438445016641062,0.19
1,0,0.3056807654761363,-0.39463840785850407,0.17
1,0,0.7136972574568297,0.6021859673639035,1.44
1,0,-0.3063439724949036,0.6021859673639035,-0.35
1,0,-0.3063439724949036,0.3529798735583014,-0.25
1,0,-0.9183687104659436,-0.14543231405290188,-0.4
1,0,-0.7143604644755969,0.8513920611695057,1.4
1,0,1.3257219954278696,0.6021859673639035,1.37
1,0,1.3257219954278696,1.5990103425863111,0.54
1,0,-0.7143604644755969,-1.1422566892753105,-1.42
1,0,-0.5103522184852503,0.3529798735583014,-0.49
1,0,-2.693240450581959,-0.39463840785850407,0.47
1,0,-0.9183687104659436,-1.3914627830809116,-0.24
1,0,1.5297302414182161,-0.14543231405290188,0.14
1,0,-1.1223769564562902,-1.6406688768865139,-1.15
1,0,0.3056807654761363,-0.39463840785850407,1.84
1,0,-1.6323975714321568,0.10377377975269919,0.16
1,0,-3.1624594163597566,-2.6374932521089214,-0.67
1,0,0.9177055034471763,1.349804248780709,0.45
1,0,-0.9183687104659436,0.8513920611695057,1.27
1,0,1.9377467333989096,1.5990103425863111,1.84
1,0,1.9377467333989096,1.5990103425863111,0.7
1,0,-0.00033160350938363367,0.10377377975269919,0.25
1,0,-0.10233572650455695,-0.8930505954697084,0.83
1,0,-1.5303934484369834,-0.8930505954697084,0.55
1,0,-0.5103522184852503,0.3529798735583014,-0.33
1,0,0.10167251948578969,-0.14543231405290188,1.65
1,0,0.3056807654761363,-1.1422566892753105,1.04
1,0,-1.326385202446637,-2.886699345914524,0.9
1,0,1.5297302414182161,-1.3914627830809116,0.73
1,0,0.3056807654761363,0.6021859673639035,0.46
1,0,-0.9183687104659436,0.3529798735583014,-0.56
1,0,0.9177055034471763,1.1005981549751078,0.34
1,0,-1.1223769564562902,-2.886699345914524,1.28
1,0,0.9177055034471763,-0.39463840785850407,-0.43
1,0,-0.5103522184852503,-0.6438445016641062,0.26
1,0,0.5096890114664829,1.1005981549751078,-0.12
1,0,-0.10233572650455695,-0.14543231405290188,-1.15
1,0,0.7136972574568297,0.10377377975269919,1.33
1,0,-0.7143604644755969,-1.6406688768865139,-0.24
1,0,0.7136972574568297,0.6021859673639035,1.19
1,0,0.5096890114664829,-0.8930505954697084,-0.13
1,0,0.5096890114664829,-1.1422566892753105,0.26
1,0,-0.10233572650455695,0.3529798735583014,0.26
1,0,0.10167251948578969,-0.39463840785850407,-0.36
1,0,1.7337384874085628,0.8513920611695057,1.0
1,0,1.3257219954278696,-0.6438445016641062,0.3
1,0,0.10167251948578969,-0.39463840785850407,1.31
1,0,-0.7143604644755969,-1.6406688768865139,-1.3
1,0,0.3056807654761363,0.6021859673639035,-0.71
1,0,-1.5303934484369834,0.6021859673639035,-0.88
1,0,0.9177055034471763,-1.1422566892753105,0.08
1,0,0.5096890114664829,-0.39463840785850407,0.35
1,0,-0.10233572650455695,0.6021859673639035,0.23
1,0,0.5096890114664829,-2.886699345914524,0.48
1,0,-0.5103522184852503,-0.6438445016641062,0.22
1,0,-1.5303934484369834,0.10377377975269919,-0.04
1,0,0.10167251948578969,1.1005981549751078,2.02
1,0,-0.9183687104659436,1.349804248780709,1.58
1,0,0.3056807654761363,1.349804248780709,1.25
1,0,0.5096890114664829,0.8513920611695057,0.98
1,0,-1.5303934484369834,0.10377377975269919,0.01
1,0,0.10167251948578969,-1.1422566892753105,-0.91
1,0,-0.5103522184852503,-0.8930505954697084,-1.24
1,0,-1.1223769564562902,-0.6438445016641062,0.25
1,0,-0.10233572650455695,0.8513920611695057,0.61
1,0,-0.7143604644755969,1.349804248780709,1.36
1,0,-0.9183687104659436,-0.6438445016641062,-0.45
1,0,0.3056807654761363,-0.6438445016641062,-0.9
1,0,1.5297302414182161,1.5990103425863111,0.05
1,0,0.203676642480963,-1.889874970692116,0.12
1,0,0.7136972574568297,-0.8930505954697084,1.3
1,0,-1.1223769564562902,0.6021859673639035,-0.77
1,0,0.5096890114664829,-0.14543231405290188,1.64
1,0,0.3056807654761363,-0.14543231405290188,0.01
1,0,-0.9183687104659436,-0.14543231405290188,-0.03
1,0,2.141754979389256,0.3529798735583014,0.7
1,0,-0.7143604644755969,-0.14543231405290188,0.25
1,0,-1.1223769564562902,-0.39463840785850407,0.49
1,0,0.3056807654761363,0.3529798735583014,0.49
1,0,1.9377467333989096,1.8482164363919134,0.66
1,0,-0.9183687104659436,0.3529798735583014,0.46
1,0,0.9177055034471763,-0.8930505954697084,-0.69
1,0,0.7136972574568297,0.3529798735583014,-0.55
1,0,0.9177055034471763,0.10377377975269919,0.8
1,0,-0.979571184263047,0.3529798735583014,-1.0
1,0,0.7136972574568297,-0.8930505954697084,-0.64
1,0,0.5096890114664829,-0.8930505954697084,1.18
1,0,1.121713749437523,0.6021859673639035,0.74
1,0,-2.1424181864080234,-1.3914627830809116,-0.39
1,0,1.7337384874085628,1.1005981549751078,-0.85
1,0,-1.5915959222340876,-0.39463840785850407,-1.17
1,0,0.10167251948578969,0.10377377975269919,-0.32
1,0,0.10167251948578969,-0.6438445016641062,0.66
