1,0,1.3278490792679647,1.352739763046058,3.07
1,0,1.7322193848461676,1.1037888614337967,2.64
1,0,-0.6940024486230495,1.1037888614337967,2.39
1,0,0.9234787736897618,-0.638867449852038,2.36
1,0,-0.0874469902557452,-0.638867449852038,2.28
1,0,-0.9972801778067015,-0.3899165482397758,2.26
1,0,0.7212936209006604,-0.3899165482397758,2.24
1,0,0.3169233153224576,-1.8836219579133484,2.22
1,0,1.7322193848461676,1.352739763046058,2.21
1,0,1.3278490792679647,0.35693615659700995,2.21
1,0,1.7322193848461676,1.1037888614337967,2.2
1,0,2.1365896904243704,1.1037888614337967,2.18
1,0,-0.28963214304484663,-0.3899165482397758,2.16
1,0,-0.491817295833948,0.10798525498474769,2.16
1,0,0.7212936209006604,-1.3857201546888238,2.15
1,0,0.9234787736897618,1.352739763046058,2.1
1,0,-0.28963214304484663,0.6058870582092722,2.09
1,0,-1.4420875139427245,0.35693615659700995,2.09
1,0,0.9234787736897618,1.8506415662705826,2.08
1,0,0.7212936209006604,0.8548379598215345,2.05
1,0,0.3169233153224576,-0.3899165482397758,2.04
1,0,2.1365896904243704,1.1037888614337967,2.02
1,0,0.3169233153224576,0.10798525498474769,2.02
1,0,-0.28963214304484663,-0.3899165482397758,2.01
1,0,-0.28963214304484663,-0.14096564662751349,2.0
1,0,-0.28963214304484663,1.6016906646583202,1.99
1,0,0.1147381625333562,0.10798525498474769,1.97
1,0,1.1256639264788633,-0.3899165482397758,1.97
1,0,0.519108468111559,0.10798525498474769,1.96
1,0,-0.0874469902557452,0.6058870582092722,1.96
1,0,2.1365896904243704,1.8506415662705826,1.94
1,0,0.3169233153224576,0.35693615659700995,1.94
1,0,2.1365896904243704,-1.1367692530765625,1.94
1,0,-0.8961876014121508,-0.8878183514643003,1.92
1,0,0.519108468111559,-0.14096564662751349,1.92
1,0,0.519108468111559,0.35693615659700995,1.9
1,0,-0.39072471943939735,-0.638867449852038,1.88
1,0,-0.5929098722284988,-0.3899165482397758,1.88
1,0,0.7212936209006604,1.1037888614337967,1.86
1,0,-1.502743059779455,-0.3899165482397758,1.86
1,0,1.7322193848461676,0.8548379598215345,1.85
1,0,2.1365896904243704,1.1037888614337967,1.84
1,0,1.7322193848461676,1.1037888614337967,1.83
1,0,0.3169233153224576,-1.3857201546888238,1.83
1,0,-0.8961876014121508,0.10798525498474769,1.83
1,0,-0.0874469902557452,0.6058870582092722,1.82
1,0,0.3169233153224576,-1.1367692530765625,1.82
1,0,-0.0874469902557452,0.35693615659700995,1.81
1,0,1.1256639264788633,0.10798525498474769,1.8
1,0,-0.0874469902557452,0.35693615659700995,1.8
1,0,-0.491817295833948,1.352739763046058,1.79
1,0,1.3278490792679647,0.35693615659700995,1.79
1,0,2.1365896904243704,-0.8878183514643003,1.79
1,0,0.9234787736897618,0.6058870582092722,1.78
1,0,0.3169233153224576,0.6058870582092722,1.78
1,0,1.1256639264788633,2.099592467882844,1.77
1,0,0.519108468111559,1.1037888614337967,1.77
1,0,-0.6940024486230495,0.6058870582092722,1.75
1,0,0.519108468111559,1.6016906646583202,1.74
1,0,1.7322193848461676,1.6016906646583202,1.73
1,0,1.7322193848461676,0.10798525498474769,1.72
1,0,-0.8961876014121508,1.1037888614337967,1.72
1,0,0.7212936209006604,0.10798525498474769,1.71
1,0,0.3169233153224576,0.35693615659700995,1.71
1,0,0.1147381625333562,-1.8836219579133484,1.7
1,0,-0.28963214304484663,-0.3899165482397758,1.7
1,0,0.9234787736897618,0.6058870582092722,1.7
1,0,0.519108468111559,-0.3899165482397758,1.7
1,0,0.519108468111559,0.10798525498474769,1.7
1,0,0.7212936209006604,1.1037888614337967,1.7
1,0,1.3278490792679647,2.099592467882844,1.7
1,0,-0.8961876014121508,1.8506415662705826,1.69
1,0,-0.491817295833948,-2.381523761137873,1.69
1,0,-2.513668823724962,1.6016906646583202,1.69
1,0,0.3169233153224576,-0.3899165482397758,1.66
1,0,-0.0874469902557452,0.8548379598215345,1.66
1,0,1.3278490792679647,-2.132572859525611,1.65
1,0,-1.3005579069903537,0.35693615659700995,1.64
1,0,0.519108468111559,-0.14096564662751349,1.64
1,0,-1.0983727542012522,0.10798525498474769,1.64
1,0,1.3278490792679647,1.352739763046058,1.63
1,0,-0.0874469902557452,-0.3899165482397758,1.63
1,0,0.519108468111559,-0.3899165482397758,1.62
1,0,0.3169233153224576,-0.8878183514643003,1.62
1,0,-1.0983727542012522,1.352739763046058,1.62
1,0,1.3278490792679647,-0.3899165482397758,1.61
1,0,-0.28963214304484663,1.8506415662705826,1.61
1,0,2.1365896904243704,1.1037888614337967,1.6
1,0,0.3169233153224576,1.6016906646583202,1.6
1,0,0.7212936209006604,1.6016906646583202,1.59
1,0,-2.109298518146759,-1.3857201546888238,1.59
1,0,-0.28963214304484663,0.10798525498474769,1.59
1,0,0.1147381625333562,1.6016906646583202,1.58
1,0,-0.28963214304484663,-2.8794255643623963,1.57
1,0,-0.491817295833948,-1.1367692530765625,1.57
1,0,1.3278490792679647,1.8506415662705826,1.57
1,0,-0.0874469902557452,0.10798525498474769,1.57
1,0,-1.3005579069903537,-0.14096564662751349,1.55
1,0,2.1365896904243704,-0.14096564662751349,1.55
1,0,0.7212936209006604,0.6058870582092722,1.55
1,0,-0.28963214304484663,0.6058870582092722,1.54
1,0,-0.491817295833948,1.8506415662705826,1.54
1,0,0.519108468111559,0.8548379598215345,1.53
1,0,0.7212936209006604,0.10798525498474769,1.53
1,0,-0.491817295833948,0.10798525498474769,1.52
1,0,-2.0082059417522085,-0.14096564662751349,1.52
1,0,0.1147381625333562,1.352739763046058,1.52
1,0,0.519108468111559,-0.8878183514643003,1.51
1,0,-0.9972801778067015,-0.638867449852038,1.49
1,0,0.519108468111559,-1.3857201546888238,1.49
1,0,0.9234787736897618,0.8548379598215345,1.48
1,0,-0.6940024486230495,-0.638867449852038,1.48
1,0,1.934404537635269,1.8506415662705826,1.47
1,0,-0.0874469902557452,0.8548379598215345,1.47
1,0,0.3169233153224576,0.6058870582092722,1.44
1,0,0.519108468111559,1.1037888614337967,1.44
1,0,0.519108468111559,1.8506415662705826,1.44
1,0,0.3169233153224576,-0.638867449852038,1.43
1,0,-0.7546579944597793,-0.14096564662751349,1.43
1,0,0.7212936209006604,-1.1367692530765625,1.43
1,0,0.519108468111559,0.6058870582092722,1.42
1,0,1.7322193848461676,-0.638867449852038,1.42
1,0,-0.0874469902557452,0.35693615659700995,1.42
1,0,0.3169233153224576,-1.1367692530765625,1.42
1,0,-0.28963214304484663,-0.8878183514643003,1.42
1,0,-0.6940024486230495,-2.132572859525611,1.41
1,0,1.7322193848461676,0.35693615659700995,1.4
1,0,0.1147381625333562,1.1037888614337967,1.38
1,0,0.7212936209006604,1.352739763046058,1.37
1,0,1.1256639264788633,-1.634671056301086,1.37
1,0,-0.8961876014121508,-0.638867449852038,1.37
1,0,0.7212936209006604,-0.14096564662751349,1.36
1,0,0.3169233153224576,-0.638867449852038,1.35
1,0,-0.491817295833948,0.35693615659700995,1.34
1,0,-0.28963214304484663,0.35693615659700995,1.34
1,0,0.519108468111559,0.6058870582092722,1.34
1,0,-1.0983727542012522,1.1037888614337967,1.33
1,0,0.7212936209006604,1.1037888614337967,1.33
1,0,0.1147381625333562,0.6058870582092722,1.33
1,0,-1.0983727542012522,0.10798525498474769,1.32
1,0,0.9234787736897618,1.1037888614337967,1.32
1,0,-0.28963214304484663,1.6016906646583202,1.32
1,0,0.3169233153224576,0.10798525498474769,1.32
1,0,0.3169233153224576,0.8548379598215345,1.31
1,0,-0.8961876014121508,0.10798525498474769,1.31
1,0,0.3169233153224576,-0.14096564662751349,1.31
1,0,1.5300342320570661,0.6058870582092722,1.31
1,0,1.5300342320570661,-0.3899165482397758,1.3
1,0,0.3169233153224576,0.8548379598215345,1.3
1,0,1.3278490792679647,1.352739763046058,1.3
1,0,-1.502743059779455,-2.381523761137873,1.3
1,0,0.1147381625333562,0.35693615659700995,1.3
1,0,-0.0874469902557452,0.6058870582092722,1.3
1,0,0.3169233153224576,-0.14096564662751349,1.3
1,0,0.3169233153224576,0.6058870582092722,1.29
1,0,0.1147381625333562,0.6058870582092722,1.29
1,0,0.9234787736897618,1.352739763046058,1.29
1,0,0.1147381625333562,-1.1367692530765625,1.29
1,0,1.1256639264788633,1.1037888614337967,1.28
1,0,-0.6940024486230495,1.6016906646583202,1.28
1,0,0.7212936209006604,0.35693615659700995,1.28
1,0,-0.0874469902557452,1.352739763046058,1.28
1,0,0.9234787736897618,0.10798525498474769,1.27
1,0,-1.3612134528270843,-0.638867449852038,1.27
1,0,0.519108468111559,1.352739763046058,1.27
1,0,0.519108468111559,0.10798525498474769,1.27
1,0,1.1256639264788633,1.1037888614337967,1.27
1,0,1.3278490792679647,-2.381523761137873,1.26
1,0,0.1147381625333562,0.35693615659700995,1.25
1,0,0.3169233153224576,1.352739763046058,1.25
1,0,-0.6940024486230495,-0.8878183514643003,1.25
1,0,0.3169233153224576,0.6058870582092722,1.24
1,0,0.1147381625333562,0.35693615659700995,1.23
1,0,-0.6940024486230495,1.1037888614337967,1.23
1,0,0.9234787736897618,-0.638867449852038,1.23
1,0,-0.7950950250176001,-0.3899165482397758,1.23
1,0,-0.0874469902557452,0.35693615659700995,1.23
1,0,-0.28963214304484663,-0.8878183514643003,1.23
1,0,0.519108468111559,-1.634671056301086,1.22
1,0,-0.491817295833948,1.8506415662705826,1.22
1,0,1.1256639264788633,1.6016906646583202,1.21
1,0,-0.491817295833948,-0.14096564662751349,1.21
1,0,0.1147381625333562,0.6058870582092722,1.21
1,0,0.3169233153224576,0.6058870582092722,1.2
1,0,0.2158307389279069,0.8548379598215345,1.2
1,0,0.1147381625333562,-1.3857201546888238,1.2
1,0,1.1256639264788633,0.10798525498474769,1.2
1,0,-0.6940024486230495,-2.381523761137873,1.2
1,0,1.1256639264788633,1.1037888614337967,1.2
1,0,-0.28963214304484663,-0.8878183514643003,1.19
1,0,0.3169233153224576,0.8548379598215345,1.19
1,0,-1.0983727542012522,-0.8878183514643003,1.18
1,0,1.3278490792679647,-0.14096564662751349,1.18
1,0,-1.3005579069903537,1.1037888614337967,1.18
1,0,0.7212936209006604,0.35693615659700995,1.17
1,0,1.3278490792679647,1.1037888614337967,1.16
1,0,-0.28963214304484663,0.35693615659700995,1.16
1,0,-1.7049282125685565,0.6058870582092722,1.16
1,0,-0.28963214304484663,-0.14096564662751349,1.16
1,0,0.013645586138805496,0.10798525498474769,1.15
1,0,1.934404537635269,1.1037888614337967,1.15
1,0,-0.491817295833948,0.35693615659700995,1.15
1,0,-0.0874469902557452,-0.638867449852038,1.15
1,0,1.1256639264788633,1.352739763046058,1.14
1,0,0.9234787736897618,0.6058870582092722,1.14
1,0,0.7212936209006604,1.1037888614337967,1.14
1,0,1.1256639264788633,-0.14096564662751349,1.14
1,0,-0.0874469902557452,-0.14096564662751349,1.14
1,0,1.3278490792679647,0.8548379598215345,1.13
1,0,1.1256639264788633,1.6016906646583202,1.13
1,0,-0.28963214304484663,-0.8878183514643003,1.12
1,0,1.5300342320570661,1.352739763046058,1.12
1,0,0.519108468111559,-0.14096564662751349,1.11
1,0,0.7212936209006604,-0.14096564662751349,1.11
1,0,0.7212936209006604,-1.8836219579133484,1.11
1,0,-0.491817295833948,0.6058870582092722,1.11
1,0,-0.8961876014121508,0.10798525498474769,1.11
1,0,-0.491817295833948,1.1037888614337967,1.1
1,0,0.7212936209006604,-0.14096564662751349,1.1
1,0,0.3169233153224576,-1.3857201546888238,1.1
1,0,-0.9972801778067015,1.1037888614337967,1.1
1,0,-0.28963214304484663,0.35693615659700995,1.1
1,0,0.7212936209006604,-0.638867449852038,1.09
1,0,-0.8961876014121508,-0.8878183514643003,1.09
1,0,-0.8961876014121508,-1.1367692530765625,1.08
1,0,0.6202010445061097,-0.14096564662751349,1.08
1,0,1.1256639264788633,0.35693615659700995,1.08
1,0,-0.28963214304484663,0.35693615659700995,1.07
1,0,-0.0874469902557452,-0.638867449852038,1.07
1,0,-0.7950950250176001,-0.3899165482397758,1.07
1,0,0.9234787736897618,1.352739763046058,1.07
1,0,0.7212936209006604,0.10798525498474769,1.06
1,0,-1.502743059779455,0.8548379598215345,1.06
1,0,1.1256639264788633,1.6016906646583202,1.06
1,0,-0.28963214304484663,0.10798525498474769,1.06
1,0,-0.6940024486230495,0.8548379598215345,1.06
1,0,0.519108468111559,-0.3899165482397758,1.05
1,0,0.1147381625333562,0.10798525498474769,1.05
1,0,-1.7049282125685565,1.6016906646583202,1.05
1,0,-0.491817295833948,0.35693615659700995,1.04
1,0,1.7322193848461676,0.10798525498474769,1.04
1,0,2.1365896904243704,-3.1283764659746587,1.04
1,0,0.9234787736897618,0.10798525498474769,1.04
1,0,-0.0874469902557452,-0.14096564662751349,1.04
1,0,-2.21039109454131,-0.3899165482397758,1.03
1,0,1.3278490792679647,1.6016906646583202,1.03
1,0,-0.491817295833948,1.352739763046058,1.03
1,0,0.1147381625333562,-0.638867449852038,1.03
1,0,0.519108468111559,0.10798525498474769,1.03
1,0,-1.0983727542012522,0.35693615659700995,1.03
1,0,0.519108468111559,0.6058870582092722,1.03
1,1,0.1147381625333562,0.35693615659700995,1.02
1,0,-0.28963214304484663,0.6058870582092722,1.02
1,0,-0.0874469902557452,1.6016906646583202,1.02
1,0,0.519108468111559,-1.634671056301086,1.02
1,0,-1.3005579069903537,1.1037888614337967,1.01
1,0,0.1147381625333562,1.352739763046058,1.01
1,0,0.7212936209006604,1.6016906646583202,1.0
1,0,-0.491817295833948,0.6058870582092722,1.0
1,0,-1.3005579069903537,-0.8878183514643003,1.0
1,0,0.519108468111559,0.10798525498474769,0.99
1,0,-0.8961876014121508,0.10798525498474769,0.99
1,0,0.1147381625333562,-0.8878183514643003,0.99
1,1,0.3169233153224576,-0.638867449852038,0.99
1,0,1.5300342320570661,0.35693615659700995,0.99
1,0,-1.502743059779455,-0.14096564662751349,0.98
1,1,0.3169233153224576,-1.1367692530765625,0.98
1,0,-1.0983727542012522,-1.1367692530765625,0.98
1,0,-0.8961876014121508,1.352739763046058,0.98
1,0,0.7212936209006604,-1.3857201546888238,0.98
1,0,-1.3005579069903537,-0.638867449852038,0.98
1,0,1.5300342320570661,0.8548379598215345,0.98
1,0,1.5300342320570661,0.35693615659700995,0.97
1,0,0.1147381625333562,0.6058870582092722,0.97
1,0,-0.491817295833948,-0.14096564662751349,0.96
1,0,0.7212936209006604,1.6016906646583202,0.96
1,0,0.3169233153224576,-1.634671056301086,0.95
1,0,-1.502743059779455,1.8506415662705826,0.94
1,0,0.3169233153224576,-0.14096564662751349,0.94
1,0,0.519108468111559,0.35693615659700995,0.94
1,0,0.519108468111559,1.352739763046058,0.93
1,0,0.519108468111559,1.352739763046058,0.93
1,0,-0.0874469902557452,-0.8878183514643003,0.93
1,0,-0.6940024486230495,-1.3857201546888238,0.93
1,0,0.1147381625333562,1.6016906646583202,0.93
1,0,0.9234787736897618,0.6058870582092722,0.93
1,0,0.013645586138805496,-0.14096564662751349,0.92
1,0,-0.28963214304484663,-0.8878183514643003,0.92
1,0,-0.0874469902557452,-0.14096564662751349,0.92
1,0,-2.25082812509913,-1.1367692530765625,0.92
1,0,0.519108468111559,0.6058870582092722,0.92
1,0,1.1256639264788633,0.8548379598215345,0.92
1,0,1.1256639264788633,-1.634671056301086,0.91
1,0,0.519108468111559,1.8506415662705826,0.91
1,0,0.519108468111559,-0.3899165482397758,0.91
1,0,-0.6940024486230495,-0.638867449852038,0.9
1,0,1.934404537635269,1.352739763046058,0.9
1,0,0.519108468111559,-0.638867449852038,0.9
1,0,-0.6940024486230495,0.8548379598215345,0.9
1,0,0.7212936209006604,0.8548379598215345,0.9
1,0,-0.28963214304484663,0.6058870582092722,0.9
1,0,0.1147381625333562,1.352739763046058,0.9
1,0,-1.199465330595803,0.6058870582092722,0.89
1,0,-0.28963214304484663,1.6016906646583202,0.88
1,0,-0.491817295833948,-0.638867449852038,0.88
1,0,-0.6940024486230495,-0.3899165482397758,0.88
1,0,0.1147381625333562,0.35693615659700995,0.88
1,0,-1.7049282125685565,-1.3857201546888238,0.88
1,0,1.1256639264788633,-0.14096564662751349,0.88
1,0,-1.3005579069903537,1.1037888614337967,0.88
1,0,-1.7049282125685565,0.8548379598215345,0.87
1,0,0.7212936209006604,-0.638867449852038,0.87
1,0,-0.8961876014121508,0.35693615659700995,0.87
1,0,1.5300342320570661,-1.8836219579133484,0.87
1,0,0.7212936209006604,-0.8878183514643003,0.87
1,0,0.1147381625333562,-0.638867449852038,0.87
1,0,0.013645586138805496,0.6058870582092722,0.87
1,0,1.5300342320570661,-2.630474662750134,0.86
1,0,-0.8961876014121508,0.6058870582092722,0.86
1,0,-2.513668823724962,1.8506415662705826,0.86
1,0,-0.6940024486230495,0.6058870582092722,0.86
1,0,-0.7950950250176001,-1.1367692530765625,0.86
1,0,0.519108468111559,0.6058870582092722,0.86
1,0,0.1147381625333562,0.10798525498474769,0.86
1,0,0.7212936209006604,0.35693615659700995,0.85
1,0,0.9234787736897618,0.6058870582092722,0.85
1,0,0.519108468111559,1.1037888614337967,0.85
1,0,0.519108468111559,0.35693615659700995,0.85
1,0,0.1147381625333562,1.6016906646583202,0.85
1,0,0.519108468111559,-0.3899165482397758,0.84
1,0,-0.9972801778067015,-1.3857201546888238,0.84
1,0,0.9234787736897618,-0.3899165482397758,0.83
1,0,0.7212936209006604,1.352739763046058,0.83
1,1,-1.907113365357658,-0.3899165482397758,0.82
1,0,1.1256639264788633,-0.638867449852038,0.82
1,0,-0.5929098722284988,-0.14096564662751349,0.82
1,0,0.519108468111559,-2.381523761137873,0.82
1,0,0.1147381625333562,1.1037888614337967,0.81
1,0,-0.0874469902557452,0.8548379598215345,0.81
1,0,1.5300342320570661,0.35693615659700995,0.81
1,0,0.9234787736897618,-2.132572859525611,0.81
1,0,1.3278490792679647,0.8548379598215345,0.81
1,0,0.1147381625333562,0.10798525498474769,0.81
1,0,-1.3005579069903537,-0.3899165482397758,0.8
1,0,-1.0983727542012522,-0.8878183514643003,0.8
1,0,0.519108468111559,0.10798525498474769,0.8
1,0,0.7212936209006604,1.6016906646583202,0.8
1,0,-0.39072471943939735,0.8548379598215345,0.8
1,0,-0.28963214304484663,-0.3899165482397758,0.79
1,0,-0.0874469902557452,0.8548379598215345,0.79
1,0,-0.491817295833948,0.35693615659700995,0.79
1,0,0.9234787736897618,1.6016906646583202,0.78
1,0,-0.0874469902557452,0.8548379598215345,0.78
1,0,-0.28963214304484663,0.10798525498474769,0.78
1,0,1.5300342320570661,-0.14096564662751349,0.78
1,0,0.013645586138805496,0.8548379598215345,0.78
1,0,-0.28963214304484663,0.35693615659700995,0.77
1,0,-0.0874469902557452,1.1037888614337967,0.77
1,0,0.9234787736897618,-0.8878183514643003,0.77
1,0,-0.18853956665029592,0.10798525498474769,0.77
1,0,-2.25082812509913,-0.14096564662751349,0.76
1,0,0.3169233153224576,-0.638867449852038,0.76
1,0,-0.28963214304484663,-0.3899165482397758,0.76
1,0,-0.491817295833948,-1.1367692530765625,0.75
1,0,-0.491817295833948,1.1037888614337967,0.75
1,0,-1.907113365357658,-2.381523761137873,0.75
1,0,-0.0874469902557452,-0.3899165482397758,0.75
1,0,1.1256639264788633,0.6058870582092722,0.75
1,0,0.7212936209006604,1.1037888614337967,0.75
1,0,-0.8961876014121508,-1.1367692530765625,0.75
1,0,1.3278490792679647,0.8548379598215345,0.75
1,0,1.7322193848461676,1.352739763046058,0.74
1,0,0.3169233153224576,-0.14096564662751349,0.74
1,0,-0.7950950250176001,0.10798525498474769,0.74
1,0,-0.491817295833948,1.1037888614337967,0.74
1,0,1.7322193848461676,-0.8878183514643003,0.74
1,0,0.9234787736897618,1.1037888614337967,0.74
1,0,0.1147381625333562,-0.638867449852038,0.73
1,0,0.1147381625333562,-0.14096564662751349,0.73
1,0,-1.0983727542012522,-0.8878183514643003,0.73
1,0,-0.6940024486230495,-1.3857201546888238,0.73
1,0,0.013645586138805496,0.10798525498474769,0.73
1,0,-1.4016504833849044,0.6058870582092722,0.73
1,0,1.1256639264788633,0.6058870582092722,0.73
1,0,-1.7049282125685565,0.6058870582092722,0.73
1,0,-2.4125762473304113,-1.3857201546888238,0.73
1,0,-0.491817295833948,-1.634671056301086,0.73
1,0,0.7212936209006604,0.35693615659700995,0.73
1,0,0.9234787736897618,0.10798525498474769,0.72
1,0,-0.28963214304484663,1.352739763046058,0.72
1,0,2.1365896904243704,-0.14096564662751349,0.72
1,0,-0.0874469902557452,1.352739763046058,0.72
1,0,-1.0983727542012522,-1.1367692530765625,0.71
1,0,-0.0874469902557452,-0.14096564662751349,0.71
1,0,-0.491817295833948,1.1037888614337967,0.71
1,0,-0.0874469902557452,-1.1367692530765625,0.71
1,0,0.519108468111559,-0.14096564662751349,0.71
1,0,1.5300342320570661,1.6016906646583202,0.71
1,0,-0.28963214304484663,0.35693615659700995,0.71
1,0,0.1147381625333562,-0.14096564662751349,0.71
1,0,0.9234787736897618,0.8548379598215345,0.7
1,0,-0.8961876014121508,-0.8878183514643003,0.7
1,0,0.9234787736897618,1.352739763046058,0.7
1,0,0.3169233153224576,1.352739763046058,0.7
1,0,-1.502743059779455,-1.634671056301086,0.7
1,0,-0.28963214304484663,1.352739763046058,0.7
1,0,0.7212936209006604,1.352739763046058,0.7
1,0,-0.0874469902557452,1.6016906646583202,0.7
1,0,0.519108468111559,-0.638867449852038,0.69
1,0,-0.28963214304484663,0.8548379598215345,0.69
1,0,-0.0874469902557452,1.1037888614337967,0.69
1,0,0.519108468111559,0.6058870582092722,0.69
1,0,-0.8961876014121508,0.6058870582092722,0.69
1,1,-1.3005579069903537,1.352739763046058,0.69
1,0,-0.0874469902557452,0.6058870582092722,0.69
1,0,-1.0983727542012522,-0.8878183514643003,0.68
1,0,-0.8961876014121508,-1.1367692530765625,0.68
1,0,0.519108468111559,-1.634671056301086,0.68
1,0,0.3169233153224576,-0.638867449852038,0.68
1,0,-1.502743059779455,0.35693615659700995,0.68
1,0,-0.8961876014121508,-0.3899165482397758,0.68
1,0,0.9234787736897618,-1.3857201546888238,0.68
1,0,0.1147381625333562,-1.3857201546888238,0.68
1,0,1.1256639264788633,0.10798525498474769,0.67
1,0,-0.491817295833948,0.8548379598215345,0.67
1,0,0.1147381625333562,-0.638867449852038,0.67
1,0,0.3169233153224576,-0.638867449852038,0.67
1,0,1.934404537635269,0.8548379598215345,0.67
1,0,-0.0874469902557452,-0.8878183514643003,0.66
1,0,1.1256639264788633,0.6058870582092722,0.66
1,0,0.519108468111559,0.6058870582092722,0.65
1,0,-0.28963214304484663,1.352739763046058,0.65
1,0,0.3169233153224576,-0.14096564662751349,0.65
1,0,1.1256639264788633,-0.638867449852038,0.65
1,0,0.3169233153224576,0.10798525498474769,0.65
1,0,1.1256639264788633,-0.3899165482397758,0.64
1,0,1.1256639264788633,1.8506415662705826,0.64
1,0,1.7322193848461676,-0.14096564662751349,0.64
1,0,-1.4016504833849044,0.6058870582092722,0.64
1,0,-0.0874469902557452,-0.14096564662751349,0.64
1,0,1.5300342320570661,-0.638867449852038,0.64
1,0,-0.491817295833948,-1.1367692530765625,0.64
1,0,0.1147381625333562,-0.3899165482397758,0.64
1,0,-0.28963214304484663,-0.14096564662751349,0.64
1,0,-0.39072471943939735,0.10798525498474769,0.64
1,0,0.1147381625333562,0.6058870582092722,0.63
1,0,1.1256639264788633,0.6058870582092722,0.63
1,0,0.3169233153224576,0.10798525498474769,0.63
1,0,-1.5633986056161857,-1.1367692530765625,0.63
1,0,-0.0874469902557452,1.1037888614337967,0.63
1,0,-0.28963214304484663,-0.638867449852038,0.63
1,0,0.1147381625333562,1.352739763046058,0.63
1,0,1.934404537635269,0.8548379598215345,0.62
1,0,0.1147381625333562,0.6058870582092722,0.62
1,0,-0.28963214304484663,-0.14096564662751349,0.62
1,0,2.1365896904243704,-1.1367692530765625,0.62
1,0,0.9234787736897618,0.10798525498474769,0.62
1,0,0.9234787736897618,0.10798525498474769,0.62
1,0,1.1256639264788633,0.6058870582092722,0.61
1,0,-1.502743059779455,1.352739763046058,0.61
1,0,-1.907113365357658,0.8548379598215345,0.61
1,0,1.7322193848461676,1.6016906646583202,0.61
1,0,0.519108468111559,0.8548379598215345,0.61
1,0,-1.0983727542012522,1.1037888614337967,0.61
1,0,-0.6940024486230495,0.10798525498474769,0.61
1,0,-2.21039109454131,-0.14096564662751349,0.61
1,0,-1.199465330595803,0.6058870582092722,0.6
1,0,-0.0874469902557452,0.6058870582092722,0.6
1,0,1.7322193848461676,0.35693615659700995,0.6
1,0,-0.6940024486230495,-1.1367692530765625,0.6
1,0,-1.3005579069903537,-1.8836219579133484,0.6
1,0,-1.3005579069903537,-0.638867449852038,0.6
1,0,-0.0874469902557452,0.10798525498474769,0.6
1,0,-2.513668823724962,1.1037888614337967,0.6
1,0,0.519108468111559,0.10798525498474769,0.59
1,0,0.519108468111559,-2.381523761137873,0.59
1,0,2.1365896904243704,-0.14096564662751349,0.58
1,0,-0.0874469902557452,0.35693615659700995,0.58
1,0,-1.502743059779455,0.35693615659700995,0.58
1,0,-0.491817295833948,0.10798525498474769,0.58
1,0,0.1147381625333562,0.10798525498474769,0.58
1,0,0.3169233153224576,0.35693615659700995,0.57
1,0,-0.491817295833948,-0.14096564662751349,0.57
1,0,1.5300342320570661,1.352739763046058,0.57
1,0,-0.491817295833948,0.10798525498474769,0.57
1,0,-0.28963214304484663,-0.638867449852038,0.57
1,0,-0.8961876014121508,1.1037888614337967,0.57
1,0,0.1147381625333562,-0.14096564662751349,0.56
1,0,1.3278490792679647,0.8548379598215345,0.56
1,0,1.7322193848461676,-1.3857201546888238,0.56
1,0,-1.0983727542012522,-2.630474662750134,0.56
1,0,0.519108468111559,-2.381523761137873,0.56
1,0,-0.8961876014121508,-0.638867449852038,0.56
1,0,1.5300342320570661,1.1037888614337967,0.55
1,0,-1.0983727542012522,-0.3899165482397758,0.55
1,0,1.5300342320570661,0.35693615659700995,0.55
1,0,0.3169233153224576,0.35693615659700995,0.55
1,0,-1.502743059779455,-0.8878183514643003,0.55
1,0,-0.491817295833948,-0.3899165482397758,0.55
1,0,0.519108468111559,0.10798525498474769,0.55
1,0,1.1256639264788633,-0.3899165482397758,0.55
1,0,0.519108468111559,0.35693615659700995,0.54
1,0,-0.6940024486230495,-1.634671056301086,0.54
1,0,-1.0983727542012522,-0.638867449852038,0.54
1,0,0.519108468111559,1.6016906646583202,0.54
1,0,-0.28963214304484663,-1.1367692530765625,0.53
1,0,0.1147381625333562,0.8548379598215345,0.53
1,0,-0.5929098722284988,-0.8878183514643003,0.53
1,0,0.7212936209006604,0.35693615659700995,0.52
1,0,1.934404537635269,0.6058870582092722,0.52
1,0,0.1147381625333562,-1.1367692530765625,0.52
1,0,1.5300342320570661,0.10798525498474769,0.52
1,0,1.0245713500843125,0.10798525498474769,0.52
1,0,-1.907113365357658,0.35693615659700995,0.51
1,0,0.3169233153224576,-2.132572859525611,0.51
1,0,-0.28963214304484663,-0.14096564662751349,0.51
1,0,-0.6940024486230495,-1.1367692530765625,0.51
1,0,0.7212936209006604,0.8548379598215345,0.51
1,0,-1.907113365357658,-0.14096564662751349,0.51
1,0,0.1147381625333562,-1.3857201546888238,0.51
1,0,-0.0874469902557452,1.352739763046058,0.51
1,0,-0.28963214304484663,-1.3857201546888238,0.51
1,0,0.1147381625333562,-0.3899165482397758,0.51
1,0,0.9234787736897618,1.6016906646583202,0.5
1,0,-0.0874469902557452,0.10798525498474769,0.5
1,0,-1.3005579069903537,-2.630474662750134,0.5
1,0,0.1147381625333562,0.10798525498474769,0.5
1,0,-0.8961876014121508,0.8548379598215345,0.49
1,0,1.3278490792679647,0.6058870582092722,0.49
1,0,1.3278490792679647,0.10798525498474769,0.49
1,0,0.7212936209006604,-0.14096564662751349,0.49
1,0,1.5300342320570661,0.6058870582092722,0.49
1,0,0.9234787736897618,1.1037888614337967,0.48
1,0,0.3169233153224576,-0.14096564662751349,0.48
1,0,1.3278490792679647,-0.638867449852038,0.48
1,0,1.5300342320570661,0.6058870582092722,0.48
1,0,-0.8961876014121508,-0.3899165482397758,0.48
1,0,0.1147381625333562,1.352739763046058,0.48
1,0,1.1256639264788633,-0.3899165482397758,0.48
1,0,0.9234787736897618,0.10798525498474769,0.48
1,0,0.7212936209006604,0.8548379598215345,0.48
1,0,-0.6940024486230495,1.8506415662705826,0.48
1,0,0.3169233153224576,-0.3899165482397758,0.48
1,0,1.7322193848461676,0.6058870582092722,0.47
1,0,-0.9972801778067015,-0.3899165482397758,0.47
1,0,1.7322193848461676,-0.3899165482397758,0.47
1,0,0.519108468111559,-0.8878183514643003,0.47
1,0,0.1147381625333562,-2.381523761137873,0.47
1,0,0.519108468111559,-1.3857201546888238,0.47
1,0,-0.8961876014121508,0.8548379598215345,0.46
1,0,-0.28963214304484663,-0.3899165482397758,0.46
1,0,0.9234787736897618,1.1037888614337967,0.46
1,0,-1.3005579069903537,0.35693615659700995,0.46
1,0,-0.8961876014121508,0.35693615659700995,0.46
1,0,-2.0082059417522085,1.352739763046058,0.46
1,0,0.7212936209006604,1.1037888614337967,0.46
1,0,0.7212936209006604,1.6016906646583202,0.46
1,0,0.3169233153224576,0.6058870582092722,0.46
1,0,-2.7158539765140635,-0.638867449852038,0.46
1,0,-0.6940024486230495,-0.3899165482397758,0.46
1,0,0.7212936209006604,1.8506415662705826,0.45
1,0,0.3169233153224576,1.1037888614337967,0.45
1,0,0.9234787736897618,-0.638867449852038,0.45
1,0,0.519108468111559,-0.8878183514643003,0.45
1,0,-0.28963214304484663,-0.14096564662751349,0.44
1,0,-1.907113365357658,0.35693615659700995,0.44
1,0,1.1256639264788633,0.35693615659700995,0.44
1,0,0.9234787736897618,-0.3899165482397758,0.44
1,0,-0.0874469902557452,0.10798525498474769,0.44
1,0,-0.8961876014121508,-0.3899165482397758,0.44
1,0,-0.0874469902557452,0.35693615659700995,0.43
1,0,-0.491817295833948,0.6058870582092722,0.43
1,0,1.5300342320570661,1.8506415662705826,0.43
1,0,-0.7950950250176001,1.1037888614337967,0.43
1,0,-0.28963214304484663,0.6058870582092722,0.43
1,0,-0.28963214304484663,0.10798525498474769,0.43
1,0,-1.502743059779455,1.6016906646583202,0.42
1,0,0.9234787736897618,1.1037888614337967,0.42
1,0,-1.199465330595803,-1.634671056301086,0.42
1,0,1.5300342320570661,-0.14096564662751349,0.42
1,0,-0.28963214304484663,0.10798525498474769,0.42
1,0,1.3278490792679647,1.8506415662705826,0.42
1,0,0.3169233153224576,0.10798525498474769,0.42
1,0,0.519108468111559,-0.8878183514643003,0.42
1,0,2.1365896904243704,-2.630474662750134,0.41
1,0,-0.0874469902557452,1.1037888614337967,0.41
1,0,0.9234787736897618,0.8548379598215345,0.41
1,0,-0.28963214304484663,0.10798525498474769,0.41
1,0,2.1365896904243704,0.35693615659700995,0.4
1,0,-0.8961876014121508,-0.638867449852038,0.4
1,0,-0.491817295833948,0.10798525498474769,0.4
1,0,-1.0983727542012522,0.35693615659700995,0.4
1,0,-0.0874469902557452,-0.638867449852038,0.4
1,0,0.7212936209006604,1.352739763046058,0.4
1,0,0.3169233153224576,0.10798525498474769,0.4
1,0,-0.9972801778067015,-0.14096564662751349,0.4
1,0,2.1365896904243704,0.6058870582092722,0.4
1,0,-0.6940024486230495,0.10798525498474769,0.39
1,0,-0.28963214304484663,-1.3857201546888238,0.39
1,0,-0.7950950250176001,-1.1367692530765625,0.39
1,0,0.1147381625333562,0.8548379598215345,0.39
1,0,1.934404537635269,-0.3899165482397758,0.39
1,0,-0.8961876014121508,1.352739763046058,0.39
1,0,-0.0874469902557452,-1.3857201546888238,0.39
1,0,0.519108468111559,-1.3857201546888238,0.39
1,0,-1.0983727542012522,1.352739763046058,0.37
1,0,-0.28963214304484663,-0.8878183514643003,0.37
1,0,0.7212936209006604,1.352739763046058,0.36
1,0,-0.0874469902557452,-1.1367692530765625,0.36
1,0,1.5300342320570661,0.8548379598215345,0.36
1,0,0.9234787736897618,-0.638867449852038,0.36
1,0,0.3169233153224576,1.6016906646583202,0.36
1,0,-0.0874469902557452,-0.638867449852038,0.36
1,0,0.3169233153224576,-3.377327367586921,0.35
1,0,1.5300342320570661,-1.8836219579133484,0.35
1,0,0.1147381625333562,1.1037888614337967,0.35
1,0,-0.6940024486230495,-0.3899165482397758,0.35
1,0,0.519108468111559,-0.3899165482397758,0.35
1,0,-1.4016504833849044,-0.638867449852038,0.35
1,0,0.1147381625333562,1.1037888614337967,0.35
1,0,-0.39072471943939735,-0.14096564662751349,0.34
1,0,-0.491817295833948,0.6058870582092722,0.34
1,0,-0.8961876014121508,0.6058870582092722,0.34
1,0,0.3169233153224576,0.35693615659700995,0.34
1,0,0.3169233153224576,0.6058870582092722,0.34
1,0,-0.28963214304484663,-1.3857201546888238,0.33
1,0,0.9234787736897618,-0.638867449852038,0.33
1,0,1.1256639264788633,-1.8836219579133484,0.33
1,0,0.1147381625333562,1.1037888614337967,0.33
1,0,0.1147381625333562,1.1037888614337967,0.33
1,0,-0.28963214304484663,0.10798525498474769,0.33
1,0,0.4180158917170083,-0.3899165482397758,0.33
1,0,1.7322193848461676,1.352739763046058,0.33
1,0,0.7212936209006604,-1.8836219579133484,0.33
1,0,-0.8961876014121508,-1.1367692530765625,0.32
1,0,-1.502743059779455,-0.8878183514643003,0.32
1,0,0.1147381625333562,-0.3899165482397758,0.32
1,0,0.7212936209006604,-0.14096564662751349,0.32
1,0,0.1147381625333562,-1.1367692530765625,0.32
1,0,-1.3005579069903537,-0.638867449852038,0.32
1,0,-0.28963214304484663,-0.3899165482397758,0.31
1,0,-0.491817295833948,-0.3899165482397758,0.31
1,0,1.934404537635269,1.8506415662705826,0.31
1,0,0.1147381625333562,-0.638867449852038,0.31
1,0,1.5300342320570661,-0.14096564662751349,0.31
1,0,-1.0983727542012522,0.35693615659700995,0.31
1,0,0.519108468111559,1.8506415662705826,0.3
1,0,-0.28963214304484663,0.35693615659700995,0.3
1,0,1.7322193848461676,0.10798525498474769,0.3
1,0,1.3278490792679647,1.1037888614337967,0.29
1,0,-0.0874469902557452,0.6058870582092722,0.29
1,0,0.9234787736897618,1.1037888614337967,0.29
1,0,-0.28963214304484663,-1.3857201546888238,0.29
1,0,-0.491817295833948,0.6058870582092722,0.28
1,0,-1.0983727542012522,-0.14096564662751349,0.28
1,0,-1.0983727542012522,-1.634671056301086,0.28
1,0,-0.28963214304484663,-0.8878183514643003,0.28
1,0,0.519108468111559,-0.3899165482397758,0.28
1,0,-0.9972801778067015,0.6058870582092722,0.28
1,0,-0.491817295833948,0.10798525498474769,0.27
1,0,-0.0874469902557452,0.8548379598215345,0.27
1,0,-0.6940024486230495,-0.3899165482397758,0.27
1,0,0.3169233153224576,-0.14096564662751349,0.27
1,0,-0.491817295833948,0.6058870582092722,0.27
1,0,0.519108468111559,-0.14096564662751349,0.26
1,0,0.7212936209006604,0.6058870582092722,0.26
1,0,-0.18853956665029592,0.10798525498474769,0.26
1,0,0.9234787736897618,-0.14096564662751349,0.26
1,0,0.7212936209006604,0.35693615659700995,0.26
1,0,1.5300342320570661,-1.3857201546888238,0.25
1,0,1.1256639264788633,1.1037888614337967,0.25
1,0,-2.0082059417522085,0.6058870582092722,0.25
1,0,0.7212936209006604,0.6058870582092722,0.25
1,0,-0.5929098722284988,0.8548379598215345,0.25
1,0,0.519108468111559,0.35693615659700995,0.25
1,0,0.519108468111559,0.8548379598215345,0.24
1,0,0.7212936209006604,0.35693615659700995,0.24
1,0,-0.491817295833948,-1.1367692530765625,0.24
1,0,-1.502743059779455,-2.132572859525611,0.24
1,0,-1.907113365357658,-0.14096564662751349,0.23
1,0,1.7322193848461676,-0.14096564662751349,0.23
1,0,0.519108468111559,0.8548379598215345,0.23
1,0,0.9234787736897618,0.10798525498474769,0.23
1,0,0.7212936209006604,0.10798525498474769,0.22
1,0,-1.0983727542012522,0.10798525498474769,0.22
1,0,-1.0983727542012522,0.35693615659700995,0.22
1,0,0.1147381625333562,0.8548379598215345,0.22
1,0,-0.28963214304484663,-1.634671056301086,0.22
1,0,1.3278490792679647,0.6058870582092722,0.21
1,0,-0.491817295833948,0.8548379598215345,0.21
1,0,-0.0874469902557452,-1.3857201546888238,0.21
1,0,1.1256639264788633,0.6058870582092722,0.2
1,0,0.3169233153224576,-1.1367692530765625,0.2
1,0,1.7322193848461676,1.1037888614337967,0.2
1,1,-1.0983727542012522,-0.14096564662751349,0.2
1,0,-1.502743059779455,-1.1367692530765625,0.2
1,0,0.9234787736897618,0.8548379598215345,0.2
1,0,0.3169233153224576,0.6058870582092722,0.19
1,0,1.934404537635269,1.1037888614337967,0.19
1,0,0.519108468111559,-0.14096564662751349,0.19
1,0,-0.0874469902557452,0.35693615659700995,0.19
1,0,1.0245713500843125,-0.638867449852038,0.19
1,0,1.0245713500843125,0.35693615659700995,0.19
1,0,0.3169233153224576,0.6058870582092722,0.19
1,0,0.3169233153224576,-0.3899165482397758,0.19
1,0,1.1256639264788633,-0.3899165482397758,0.19
1,0,0.7212936209006604,-0.14096564662751349,0.19
1,0,-0.6940024486230495,0.10798525498474769,0.19
1,0,-1.7049282125685565,-1.634671056301086,0.19
1,0,-0.18853956665029592,1.6016906646583202,0.19
1,0,-1.6038356361740058,-1.1367692530765625,0.19
1,0,1.3278490792679647,-0.638867449852038,0.19
1,0,-1.0983727542012522,-1.3857201546888238,0.19
1,0,0.7212936209006604,0.35693615659700995,0.18
1,0,-0.28963214304484663,-0.3899165482397758,0.18
1,0,-0.02679144441901536,0.6058870582092722,0.17
1,0,0.519108468111559,0.10798525498474769,0.17
1,0,-0.0874469902557452,-0.3899165482397758,0.17
1,0,-1.199465330595803,-0.638867449852038,0.17
1,0,-0.0874469902557452,-0.14096564662751349,0.17
1,0,-0.39072471943939735,0.10798525498474769,0.17
1,0,0.3169233153224576,0.10798525498474769,0.17
1,0,1.7322193848461676,-0.638867449852038,0.17
1,1,-0.8961876014121508,1.1037888614337967,0.17
1,0,0.1147381625333562,-0.14096564662751349,0.17
1,0,0.3169233153224576,0.35693615659700995,0.16
1,0,-0.0874469902557452,1.6016906646583202,0.16
1,0,-0.9972801778067015,-1.1367692530765625,0.16
1,0,-1.0983727542012522,-1.634671056301086,0.16
1,0,0.3169233153224576,0.8548379598215345,0.16
1,0,-0.0874469902557452,-0.14096564662751349,0.16
1,0,1.5300342320570661,-0.8878183514643003,0.16
1,0,-0.28963214304484663,-0.8878183514643003,0.16
1,1,0.519108468111559,0.8548379598215345,0.15
1,0,1.7322193848461676,1.6016906646583202,0.15
1,0,0.3169233153224576,0.10798525498474769,0.15
1,1,0.7212936209006604,-1.3857201546888238,0.15
1,0,-0.6940024486230495,-0.638867449852038,0.15
1,0,1.934404537635269,0.6058870582092722,0.15
1,0,-0.0874469902557452,-1.1367692530765625,0.15
1,0,-0.491817295833948,1.1037888614337967,0.14
1,0,2.1365896904243704,0.8548379598215345,0.14
1,0,0.9234787736897618,0.35693615659700995,0.14
1,0,1.5300342320570661,1.6016906646583202,0.14
1,0,0.519108468111559,-0.638867449852038,0.14
1,0,-0.0874469902557452,-0.14096564662751349,0.14
1,0,0.519108468111559,0.35693615659700995,0.14
1,0,1.7322193848461676,0.8548379598215345,0.13
1,0,-0.491817295833948,1.352739763046058,0.13
1,0,0.519108468111559,1.6016906646583202,0.13
1,0,0.519108468111559,0.10798525498474769,0.13
1,0,-0.28963214304484663,-1.8836219579133484,0.13
1,0,0.3169233153224576,1.1037888614337967,0.13
1,0,-2.5743243695616926,-0.638867449852038,0.12
1,0,1.5300342320570661,-0.3899165482397758,0.12
1,0,1.1256639264788633,0.10798525498474769,0.12
1,0,0.1147381625333562,-0.8878183514643003,0.12
1,0,-1.3005579069903537,-1.634671056301086,0.12
1,0,-0.8961876014121508,0.6058870582092722,0.12
1,0,0.1147381625333562,-0.638867449852038,0.12
1,0,-0.8961876014121508,0.10798525498474769,0.11
1,0,0.6202010445061097,0.8548379598215345,0.11
1,0,-0.8961876014121508,-0.3899165482397758,0.11
1,0,0.1147381625333562,1.352739763046058,0.11
1,0,0.3169233153224576,-0.638867449852038,0.11
1,0,0.7212936209006604,-1.8836219579133484,0.1
1,0,-0.5929098722284988,-0.14096564662751349,0.1
1,0,-0.28963214304484663,0.10798525498474769,0.1
1,0,0.3169233153224576,0.35693615659700995,0.1
1,0,-1.6038356361740058,-2.630474662750134,0.1
1,0,-1.3005579069903537,1.8506415662705826,0.09
1,0,-0.0874469902557452,0.6058870582092722,0.09
1,0,0.519108468111559,-0.8878183514643003,0.09
1,0,0.7212936209006604,-0.14096564662751349,0.09
1,0,-0.9972801778067015,-0.3899165482397758,0.09
1,0,-0.8961876014121508,0.6058870582092722,0.09
1,0,0.9234787736897618,-1.1367692530765625,0.08
1,0,-0.5929098722284988,-0.8878183514643003,0.08
1,0,1.3278490792679647,-0.14096564662751349,0.08
1,0,-0.6940024486230495,0.6058870582092722,0.08
1,0,-0.28963214304484663,1.6016906646583202,0.08
1,0,0.3169233153224576,-0.638867449852038,0.07
1,0,-0.491817295833948,-0.3899165482397758,0.07
1,0,-0.6940024486230495,-2.381523761137873,0.07
1,0,-0.0874469902557452,-0.8878183514643003,0.07
1,0,-1.502743059779455,-0.8878183514643003,0.07
1,0,-0.28963214304484663,0.35693615659700995,0.07
1,0,-1.907113365357658,0.35693615659700995,0.06
1,0,0.9234787736897618,1.1037888614337967,0.06
1,0,-0.8961876014121508,-0.638867449852038,0.06
1,0,0.3169233153224576,-1.1367692530765625,0.06
1,0,0.3169233153224576,1.1037888614337967,0.06
1,0,0.1147381625333562,0.10798525498474769,0.06
1,0,-0.0874469902557452,0.35693615659700995,0.06
1,0,-0.0874469902557452,0.35693615659700995,0.06
1,0,0.3169233153224576,-1.1367692530765625,0.06
1,0,-0.7950950250176001,-0.3899165482397758,0.05
1,0,-1.199465330595803,1.1037888614337967,0.05
1,0,1.3278490792679647,-0.3899165482397758,0.05
1,0,-0.18853956665029592,-0.8878183514643003,0.04
1,0,0.1147381625333562,-1.3857201546888238,0.04
1,0,-0.8961876014121508,-0.14096564662751349,0.04
1,0,-1.3005579069903537,-0.638867449852038,0.04
1,0,0.4180158917170083,-0.14096564662751349,0.03
1,0,-1.502743059779455,-0.14096564662751349,0.03
1,0,1.934404537635269,0.10798525498474769,0.03
1,0,-1.7049282125685565,0.8548379598215345,0.03
1,0,0.1147381625333562,0.35693615659700995,0.02
1,0,-1.502743059779455,-0.14096564662751349,0.02
1,0,2.1365896904243704,1.6016906646583202,0.02
1,0,0.3169233153224576,0.8548379598215345,0.02
1,0,0.7212936209006604,0.35693615659700995,0.02
1,0,1.3278490792679647,0.35693615659700995,0.01
1,0,-1.907113365357658,0.10798525498474769,0.01
1,0,0.9234787736897618,0.35693615659700995,0.01
1,0,0.519108468111559,0.35693615659700995,0.01
1,0,-1.3005579069903537,1.1037888614337967,0.01
1,0,0.7212936209006604,-2.381523761137873,0.01
1,0,0.1147381625333562,0.8548379598215345,0.01
1,0,-0.28963214304484663,0.10798525498474769,0.01
1,0,-1.0983727542012522,1.352739763046058,0.01
1,0,1.1256639264788633,0.8548379598215345,0.0
1,0,-1.907113365357658,-0.14096564662751349,0.0
1,0,-2.0082059417522085,-1.3857201546888238,0.0
1,0,-1.3005579069903537,-0.638867449852038,0.0
1,0,-0.28963214304484663,-0.3899165482397758,0.0
1,0,-1.7049282125685565,-0.638867449852038,0.0
1,0,-1.8060207889631072,0.8548379598215345,0.0
1,0,0.9234787736897618,1.352739763046058,-0.02
1,0,0.519108468111559,-0.14096564662751349,-0.02
1,0,0.519108468111559,-0.638867449852038,-0.02
1,0,-1.7049282125685565,-0.8878183514643003,-0.02
1,0,0.3169233153224576,0.8548379598215345,-0.02
1,0,-2.109298518146759,0.35693615659700995,-0.03
1,0,-0.6940024486230495,-0.8878183514643003,-0.03
1,0,2.1365896904243704,0.10798525498474769,-0.03
1,0,-1.0983727542012522,0.8548379598215345,-0.03
1,0,1.934404537635269,-0.3899165482397758,-0.03
1,0,-0.491817295833948,-0.3899165482397758,-0.03
1,0,-1.3005579069903537,-1.3857201546888238,-0.03
1,0,-0.5929098722284988,-0.638867449852038,-0.03
1,0,-2.0082059417522085,-1.634671056301086,-0.03
1,0,-0.8961876014121508,-0.14096564662751349,-0.03
1,0,0.2158307389279069,-1.1367692530765625,-0.03
1,0,-1.3005579069903537,0.10798525498474769,-0.04
1,0,1.934404537635269,-0.3899165482397758,-0.04
1,0,0.1147381625333562,-0.14096564662751349,-0.04
1,0,-0.8961876014121508,-0.14096564662751349,-0.04
1,0,0.7212936209006604,1.1037888614337967,-0.04
1,0,0.519108468111559,0.35693615659700995,-0.05
1,0,1.3278490792679647,-1.634671056301086,-0.05
1,0,0.2158307389279069,1.6016906646583202,-0.05
1,0,0.3169233153224576,-1.1367692530765625,-0.05
1,0,-1.502743059779455,0.6058870582092722,-0.05
1,1,-0.491817295833948,-0.638867449852038,-0.06
1,0,-0.28963214304484663,-0.8878183514643003,-0.06
1,0,-0.28963214304484663,0.8548379598215345,-0.06
1,0,0.519108468111559,-0.14096564662751349,-0.06
1,0,0.1147381625333562,0.35693615659700995,-0.06
1,0,-1.199465330595803,-2.132572859525611,-0.06
1,0,0.1147381625333562,-2.630474662750134,-0.06
1,0,-1.502743059779455,-0.8878183514643003,-0.06
1,0,-0.0874469902557452,-1.3857201546888238,-0.07
1,0,0.519108468111559,0.35693615659700995,-0.07
1,0,-0.491817295833948,-0.638867449852038,-0.07
1,0,-0.6940024486230495,1.6016906646583202,-0.07
1,0,0.9234787736897618,0.6058870582092722,-0.07
1,0,0.9234787736897618,-0.3899165482397758,-0.07
1,0,-0.6940024486230495,0.10798525498474769,-0.07
1,0,-0.0874469902557452,0.35693615659700995,-0.07
1,0,-0.8961876014121508,-1.1367692530765625,-0.07
1,0,-1.0983727542012522,-0.8878183514643003,-0.08
1,0,-0.9972801778067015,1.352739763046058,-0.08
1,0,1.934404537635269,1.1037888614337967,-0.08
1,0,-0.6940024486230495,-0.14096564662751349,-0.08
1,0,0.7212936209006604,0.10798525498474769,-0.08
1,0,0.3169233153224576,0.6058870582092722,-0.08
1,0,-0.0874469902557452,-1.1367692530765625,-0.09
1,0,0.519108468111559,0.8548379598215345,-0.09
1,0,-1.0983727542012522,0.35693615659700995,-0.1
1,1,-1.8464578195209274,-2.132572859525611,-0.1
1,0,-0.0874469902557452,0.6058870582092722,-0.1
1,0,0.3169233153224576,-0.3899165482397758,-0.1
1,0,0.3169233153224576,-1.1367692530765625,-0.1
1,0,-0.491817295833948,-0.14096564662751349,-0.1
1,0,0.1147381625333562,-0.8878183514643003,-0.1
1,0,-1.4016504833849044,-1.634671056301086,-0.1
1,0,-0.0874469902557452,-0.14096564662751349,-0.1
1,1,-2.109298518146759,0.8548379598215345,-0.1
1,0,0.013645586138805496,0.35693615659700995,-0.1
1,0,-0.0874469902557452,-0.3899165482397758,-0.1
1,0,1.3278490792679647,1.352739763046058,-0.1
1,0,-1.3005579069903537,1.6016906646583202,-0.1
1,0,-0.8961876014121508,-1.1367692530765625,-0.1
1,0,1.3278490792679647,-1.1367692530765625,-0.11
1,0,0.3169233153224576,-0.8878183514643003,-0.11
1,0,-0.491817295833948,0.10798525498474769,-0.11
1,0,1.7322193848461676,-0.638867449852038,-0.11
1,0,1.7322193848461676,0.35693615659700995,-0.11
1,0,0.7212936209006604,-0.3899165482397758,-0.11
1,0,-0.8961876014121508,1.8506415662705826,-0.11
1,0,-0.491817295833948,-0.3899165482397758,-0.12
1,0,0.3169233153224576,-0.8878183514643003,-0.12
1,0,1.934404537635269,0.8548379598215345,-0.12
1,0,-1.502743059779455,-0.638867449852038,-0.12
1,0,0.3169233153224576,-0.638867449852038,-0.12
1,0,-2.109298518146759,-1.634671056301086,-0.13
1,0,-0.6940024486230495,0.35693615659700995,-0.13
1,0,0.519108468111559,-1.1367692530765625,-0.13
1,0,0.3169233153224576,0.6058870582092722,-0.14
1,0,-1.3005579069903537,0.35693615659700995,-0.14
1,0,0.519108468111559,0.6058870582092722,-0.14
1,0,2.1365896904243704,1.1037888614337967,-0.14
1,0,0.7212936209006604,0.6058870582092722,-0.14
1,0,-0.491817295833948,1.1037888614337967,-0.14
1,0,0.3169233153224576,0.10798525498474769,-0.14
1,0,-0.5929098722284988,0.35693615659700995,-0.14
1,0,0.3169233153224576,1.352739763046058,-0.14
1,0,-1.0983727542012522,-0.14096564662751349,-0.15
1,0,-1.502743059779455,1.6016906646583202,-0.15
1,0,0.3169233153224576,0.10798525498474769,-0.15
1,0,0.519108468111559,-1.1367692530765625,-0.15
1,0,-1.3005579069903537,1.6016906646583202,-0.15
1,0,-1.0983727542012522,-0.3899165482397758,-0.15
1,0,-0.6940024486230495,-0.14096564662751349,-0.15
1,1,-1.907113365357658,-2.381523761137873,-0.15
1,0,0.519108468111559,-1.1367692530765625,-0.15
1,0,0.1147381625333562,1.6016906646583202,-0.16
1,0,0.1147381625333562,-1.1367692530765625,-0.16
1,0,-0.6940024486230495,-0.14096564662751349,-0.16
1,0,-1.3005579069903537,-1.3857201546888238,-0.16
1,0,-0.6940024486230495,-1.1367692530765625,-0.16
1,0,0.9234787736897618,0.8548379598215345,-0.16
1,0,1.3278490792679647,-0.14096564662751349,-0.17
1,0,1.7322193848461676,-0.3899165482397758,-0.17
1,0,-0.8961876014121508,-0.638867449852038,-0.17
1,0,-0.28963214304484663,-1.1367692530765625,-0.17
1,0,0.3169233153224576,-0.14096564662751349,-0.17
1,0,-1.3005579069903537,1.352739763046058,-0.17
1,0,-0.0874469902557452,-2.132572859525611,-0.17
1,0,0.519108468111559,0.35693615659700995,-0.17
1,0,-0.0874469902557452,0.10798525498474769,-0.17
1,0,0.1147381625333562,-0.3899165482397758,-0.18
1,0,-0.28963214304484663,-0.638867449852038,-0.18
1,0,0.3169233153224576,0.6058870582092722,-0.18
1,0,-0.491817295833948,0.10798525498474769,-0.18
1,0,-0.8961876014121508,-0.14096564662751349,-0.18
1,0,-0.5929098722284988,-1.1367692530765625,-0.18
1,0,-0.491817295833948,-0.14096564662751349,-0.18
1,0,-0.491817295833948,1.6016906646583202,-0.18
1,0,0.1147381625333562,0.35693615659700995,-0.18
1,0,0.1147381625333562,1.1037888614337967,-0.19
1,0,2.1365896904243704,0.10798525498474769,-0.19
1,0,-0.28963214304484663,-0.3899165482397758,-0.19
1,0,-0.491817295833948,-1.8836219579133484,-0.2
1,0,0.7212936209006604,0.6058870582092722,-0.2
1,0,-0.7950950250176001,-1.8836219579133484,-0.2
1,0,0.519108468111559,0.35693615659700995,-0.2
1,0,-0.6940024486230495,-1.1367692530765625,-0.2
1,0,-0.8961876014121508,-0.3899165482397758,-0.2
1,0,0.1147381625333562,-1.1367692530765625,-0.2
1,0,-1.3005579069903537,0.10798525498474769,-0.2
1,0,0.3169233153224576,-0.3899165482397758,-0.21
1,0,0.9234787736897618,0.8548379598215345,-0.21
1,0,-0.5929098722284988,0.8548379598215345,-0.21
1,0,-0.6940024486230495,-0.14096564662751349,-0.21
1,0,-2.109298518146759,-0.638867449852038,-0.21
1,0,1.3278490792679647,1.352739763046058,-0.21
1,0,0.7212936209006604,-0.14096564662751349,-0.21
1,0,0.3169233153224576,1.352739763046058,-0.21
1,1,-1.0983727542012522,0.8548379598215345,-0.21
1,0,-0.0874469902557452,-0.638867449852038,-0.21
1,0,-0.0874469902557452,0.10798525498474769,-0.21
1,0,-1.502743059779455,1.352739763046058,-0.22
1,0,0.7212936209006604,1.1037888614337967,-0.22
1,0,-0.491817295833948,-1.8836219579133484,-0.22
1,0,1.934404537635269,1.1037888614337967,-0.22
1,0,-0.28963214304484663,-0.3899165482397758,-0.23
1,0,-0.0874469902557452,0.35693615659700995,-0.23
1,0,0.3169233153224576,-1.3857201546888238,-0.23
1,0,0.1147381625333562,0.35693615659700995,-0.23
1,0,-0.0874469902557452,-0.14096564662751349,-0.23
1,0,0.3169233153224576,0.10798525498474769,-0.23
1,0,-0.39072471943939735,-1.8836219579133484,-0.24
1,0,-0.8961876014121508,-1.1367692530765625,-0.24
1,0,-0.0874469902557452,-0.8878183514643003,-0.24
1,0,-1.7049282125685565,-1.3857201546888238,-0.24
1,0,-0.6940024486230495,1.1037888614337967,-0.24
1,0,0.7212936209006604,-0.14096564662751349,-0.24
1,0,1.5300342320570661,1.1037888614337967,-0.24
1,0,0.3169233153224576,0.6058870582092722,-0.24
1,0,1.1256639264788633,1.1037888614337967,-0.25
1,0,-1.4016504833849044,-0.638867449852038,-0.25
1,0,-0.28963214304484663,1.6016906646583202,-0.25
1,0,1.7322193848461676,1.1037888614337967,-0.25
1,0,0.9234787736897618,0.8548379598215345,-0.25
1,0,1.1256639264788633,0.6058870582092722,-0.25
1,0,-0.8961876014121508,-0.638867449852038,-0.26
1,0,-2.513668823724962,0.6058870582092722,-0.26
1,0,1.5300342320570661,-0.638867449852038,-0.26
1,0,2.1365896904243704,0.8548379598215345,-0.26
1,0,0.7212936209006604,-1.3857201546888238,-0.26
1,0,1.5300342320570661,0.6058870582092722,-0.26
1,0,0.3169233153224576,1.352739763046058,-0.27
1,0,-0.491817295833948,-0.14096564662751349,-0.27
1,0,0.1147381625333562,-0.3899165482397758,-0.27
1,0,1.934404537635269,-0.3899165482397758,-0.27
1,0,-1.7049282125685565,0.6058870582092722,-0.28
1,0,-0.491817295833948,1.6016906646583202,-0.28
1,0,0.7212936209006604,0.35693615659700995,-0.28
1,0,-2.3114836709358606,-0.638867449852038,-0.28
1,0,-0.9972801778067015,-0.638867449852038,-0.28
1,0,0.519108468111559,-0.638867449852038,-0.28
1,0,0.519108468111559,-0.14096564662751349,-0.28
1,0,-0.28963214304484663,-0.3899165482397758,-0.28
1,0,-1.3005579069903537,0.6058870582092722,-0.29
1,0,-0.6940024486230495,0.10798525498474769,-0.29
1,0,-0.28963214304484663,0.35693615659700995,-0.29
1,0,0.519108468111559,0.35693615659700995,-0.29
1,0,1.5300342320570661,1.352739763046058,-0.29
1,0,-0.39072471943939735,0.6058870582092722,-0.29
1,0,1.7322193848461676,0.8548379598215345,-0.29
1,0,1.1256639264788633,-0.14096564662751349,-0.29
1,0,0.3169233153224576,0.10798525498474769,-0.3
1,0,-0.8961876014121508,1.6016906646583202,-0.3
1,0,-1.907113365357658,0.35693615659700995,-0.3
1,0,-1.6038356361740058,-0.3899165482397758,-0.3
1,0,0.7212936209006604,1.1037888614337967,-0.31
1,0,0.3169233153224576,-1.1367692530765625,-0.31
1,0,2.1365896904243704,0.8548379598215345,-0.31
1,0,-0.9972801778067015,0.6058870582092722,-0.31
1,0,-0.491817295833948,-0.8878183514643003,-0.32
1,0,-0.6940024486230495,0.6058870582092722,-0.32
1,0,0.3169233153224576,1.352739763046058,-0.32
1,0,-0.8961876014121508,0.10798525498474769,-0.32
1,0,0.1147381625333562,1.1037888614337967,-0.32
1,0,0.1147381625333562,0.6058870582092722,-0.32
1,0,-0.0874469902557452,0.35693615659700995,-0.32
1,0,0.519108468111559,0.10798525498474769,-0.32
1,0,-1.907113365357658,0.6058870582092722,-0.32
1,0,-0.6940024486230495,0.10798525498474769,-0.33
1,0,-0.0874469902557452,-1.1367692530765625,-0.33
1,0,1.934404537635269,0.35693615659700995,-0.33
1,0,-0.6940024486230495,-0.3899165482397758,-0.33
1,0,-0.491817295833948,-1.1367692530765625,-0.33
1,0,-0.7950950250176001,-0.638867449852038,-0.34
1,0,-0.6940024486230495,0.6058870582092722,-0.34
1,0,-2.0082059417522085,-0.8878183514643003,-0.34
1,0,-1.3005579069903537,-0.14096564662751349,-0.34
1,0,-1.8060207889631072,-0.14096564662751349,-0.34
1,0,-0.28963214304484663,-1.1367692530765625,-0.35
1,0,0.7212936209006604,-0.3899165482397758,-0.35
1,0,0.7212936209006604,0.35693615659700995,-0.35
1,0,0.9234787736897618,-0.3899165482397758,-0.35
1,0,-0.8961876014121508,0.10798525498474769,-0.36
1,0,-0.6940024486230495,-1.634671056301086,-0.36
1,0,-1.0983727542012522,0.6058870582092722,-0.36
1,0,-0.9972801778067015,-0.3899165482397758,-0.36
1,0,-0.7950950250176001,-2.8794255643623963,-0.36
1,0,0.3169233153224576,-1.1367692530765625,-0.36
1,0,-0.6940024486230495,-0.8878183514643003,-0.36
1,0,0.9234787736897618,-0.8878183514643003,-0.36
1,0,-1.3005579069903537,-0.3899165482397758,-0.36
1,0,-1.3005579069903537,-0.3899165482397758,-0.37
1,0,0.9234787736897618,-0.14096564662751349,-0.37
1,0,-0.491817295833948,1.8506415662705826,-0.37
1,0,0.519108468111559,0.8548379598215345,-0.37
1,0,0.1147381625333562,0.35693615659700995,-0.37
1,0,-0.8961876014121508,0.35693615659700995,-0.38
1,0,-0.6940024486230495,0.6058870582092722,-0.38
1,0,-0.6940024486230495,-0.3899165482397758,-0.38
1,0,0.013645586138805496,-0.3899165482397758,-0.38
1,0,-0.28963214304484663,0.10798525498474769,-0.38
1,0,-0.28963214304484663,0.35693615659700995,-0.38
1,0,-2.7158539765140635,-2.8794255643623963,-0.38
1,0,-1.3005579069903537,-1.1367692530765625,-0.39
1,0,0.7212936209006604,-1.1367692530765625,-0.39
1,0,-2.109298518146759,-1.8836219579133484,-0.39
1,0,0.3169233153224576,-0.638867449852038,-0.39
1,0,-0.6940024486230495,0.10798525498474769,-0.39
1,0,0.9234787736897618,-0.3899165482397758,-0.39
1,0,-1.7049282125685565,-1.8836219579133484,-0.39
1,0,-0.18853956665029592,0.6058870582092722,-0.39
1,0,0.1147381625333562,-1.1367692530765625,-0.4
1,0,-0.491817295833948,-0.8878183514643003,-0.4
1,0,0.7212936209006604,-0.638867449852038,-0.4
1,0,-0.6940024486230495,-0.638867449852038,-0.4
1,0,0.9234787736897618,0.35693615659700995,-0.4
1,0,-0.8961876014121508,1.8506415662705826,-0.4
1,0,1.3278490792679647,0.35693615659700995,-0.4
1,0,-1.502743059779455,0.10798525498474769,-0.41
1,0,-1.0983727542012522,-2.132572859525611,-0.41
1,0,-0.0874469902557452,1.1037888614337967,-0.41
1,0,-1.4016504833849044,0.6058870582092722,-0.41
1,0,-0.9972801778067015,-1.1367692530765625,-0.41
1,0,-1.3005579069903537,-0.14096564662751349,-0.42
1,0,0.519108468111559,-0.638867449852038,-0.42
1,1,-2.513668823724962,-2.132572859525611,-0.42
1,0,1.7322193848461676,1.6016906646583202,-0.42
1,0,-0.0874469902557452,-1.3857201546888238,-0.42
1,0,2.1365896904243704,-0.3899165482397758,-0.43
1,0,-0.9972801778067015,0.8548379598215345,-0.43
1,0,0.1147381625333562,0.10798525498474769,-0.43
1,0,-0.491817295833948,1.352739763046058,-0.43
1,0,1.3278490792679647,1.8506415662705826,-0.43
1,1,-0.8961876014121508,-1.1367692530765625,-0.44
1,0,0.4180158917170083,0.8548379598215345,-0.44
1,0,0.519108468111559,-1.634671056301086,-0.44
1,0,-0.8961876014121508,-0.8878183514643003,-0.44
1,0,-0.28963214304484663,-1.1367692530765625,-0.44
1,0,-0.18853956665029592,-0.638867449852038,-0.44
1,0,0.3169233153224576,0.10798525498474769,-0.44
1,1,-2.918039129303165,-0.3899165482397758,-0.44
1,0,1.3278490792679647,0.6058870582092722,-0.45
1,0,0.7212936209006604,0.10798525498474769,-0.46
1,0,0.013645586138805496,-0.638867449852038,-0.46
1,0,-0.6940024486230495,-0.8878183514643003,-0.46
1,0,1.3278490792679647,0.8548379598215345,-0.46
1,0,-1.3612134528270843,0.8548379598215345,-0.46
1,0,-2.3114836709358606,-1.1367692530765625,-0.46
1,0,0.1147381625333562,0.35693615659700995,-0.47
1,0,1.5300342320570661,1.6016906646583202,-0.47
1,0,-1.0983727542012522,0.10798525498474769,-0.47
1,0,0.519108468111559,0.8548379598215345,-0.48
1,0,0.7212936209006604,-0.14096564662751349,-0.48
1,0,-0.0874469902557452,0.10798525498474769,-0.48
1,0,0.9234787736897618,1.352739763046058,-0.48
1,0,-0.28963214304484663,0.10798525498474769,-0.48
1,0,-0.28963214304484663,0.10798525498474769,-0.48
1,0,-1.0983727542012522,-0.14096564662751349,-0.49
1,0,-0.0874469902557452,-0.3899165482397758,-0.49
1,0,-2.513668823724962,-0.8878183514643003,-0.49
1,0,0.1147381625333562,-2.381523761137873,-0.49
1,0,0.519108468111559,0.10798525498474769,-0.49
1,0,-1.3005579069903537,1.1037888614337967,-0.49
1,0,0.7212936209006604,0.8548379598215345,-0.49
1,0,-1.7049282125685565,-0.8878183514643003,-0.49
1,0,1.7322193848461676,0.6058870582092722,-0.5
1,0,-0.7546579944597793,-2.381523761137873,-0.5
1,0,0.9234787736897618,-1.1367692530765625,-0.5
1,0,0.013645586138805496,-0.3899165482397758,-0.5
1,0,-0.28963214304484663,-0.14096564662751349,-0.51
1,0,0.1147381625333562,1.352739763046058,-0.52
1,0,0.9234787736897618,0.8548379598215345,-0.52
1,0,-1.907113365357658,-1.8836219579133484,-0.52
1,0,-0.5929098722284988,-1.8836219579133484,-0.53
1,0,1.1256639264788633,0.6058870582092722,-0.53
1,0,-1.4016504833849044,-0.3899165482397758,-0.53
1,0,-0.5524728416706779,-1.3857201546888238,-0.53
1,0,-2.7158539765140635,-1.634671056301086,-0.53
1,0,-1.3005579069903537,1.1037888614337967,-0.54
1,0,0.3169233153224576,-0.8878183514643003,-0.54
1,0,0.7212936209006604,0.35693615659700995,-0.54
1,0,-0.0874469902557452,-1.1367692530765625,-0.54
1,0,-0.28963214304484663,0.10798525498474769,-0.54
1,0,0.7212936209006604,-0.14096564662751349,-0.55
1,0,1.3278490792679647,0.6058870582092722,-0.55
1,0,0.7212936209006604,-1.3857201546888238,-0.56
1,1,-2.109298518146759,0.10798525498474769,-0.56
1,0,1.5300342320570661,1.352739763046058,-0.56
1,0,-0.8961876014121508,-1.3857201546888238,-0.56
1,0,0.3169233153224576,-0.8878183514643003,-0.56
1,0,-0.28963214304484663,-1.634671056301086,-0.56
1,0,-0.28963214304484663,0.6058870582092722,-0.57
1,0,1.5300342320570661,0.35693615659700995,-0.57
1,0,1.5300342320570661,0.10798525498474769,-0.57
1,0,1.1256639264788633,1.6016906646583202,-0.57
1,0,-0.491817295833948,0.8548379598215345,-0.57
1,0,1.934404537635269,-1.1367692530765625,-0.58
1,0,0.3169233153224576,-0.3899165482397758,-0.58
1,0,0.7212936209006604,-0.3899165482397758,-0.58
1,0,0.1147381625333562,-1.1367692530765625,-0.58
1,0,-2.21039109454131,-0.14096564662751349,-0.58
1,0,-2.918039129303165,-1.1367692530765625,-0.58
1,0,1.3278490792679647,0.8548379598215345,-0.58
1,0,0.9234787736897618,-0.8878183514643003,-0.58
1,0,-0.6940024486230495,-1.1367692530765625,-0.58
1,0,-0.6940024486230495,1.1037888614337967,-0.58
1,0,-0.491817295833948,-1.1367692530765625,-0.58
1,0,-0.28963214304484663,1.1037888614337967,-0.59
1,0,-0.8961876014121508,-0.3899165482397758,-0.59
1,0,-0.8961876014121508,0.10798525498474769,-0.59
1,0,0.7212936209006604,-0.3899165482397758,-0.59
1,0,0.1147381625333562,0.6058870582092722,-0.6
1,0,-0.6940024486230495,-0.638867449852038,-0.6
1,0,-1.239902361153623,-0.638867449852038,-0.6
1,0,-0.0874469902557452,-2.132572859525611,-0.6
1,0,-0.0874469902557452,0.6058870582092722,-0.6
1,0,-0.8961876014121508,0.6058870582092722,-0.6
1,0,-0.8961876014121508,-0.14096564662751349,-0.6
1,0,-0.0874469902557452,0.10798525498474769,-0.6
1,0,-0.28963214304484663,-0.14096564662751349,-0.61
1,0,0.9234787736897618,-0.8878183514643003,-0.61
1,0,-0.5929098722284988,-2.132572859525611,-0.61
1,0,-2.21039109454131,-0.14096564662751349,-0.62
1,0,-0.6940024486230495,1.8506415662705826,-0.62
1,0,-0.0874469902557452,-0.638867449852038,-0.62
1,0,-1.502743059779455,-0.14096564662751349,-0.62
1,0,1.3278490792679647,1.1037888614337967,-0.62
1,1,-1.7049282125685565,1.352739763046058,-0.62
1,0,-0.491817295833948,0.8548379598215345,-0.62
1,0,-1.907113365357658,-3.1283764659746587,-0.63
1,0,0.519108468111559,-0.3899165482397758,-0.63
1,0,1.3278490792679647,1.1037888614337967,-0.63
1,0,0.1147381625333562,-0.14096564662751349,-0.64
1,1,-1.3005579069903537,-0.14096564662751349,-0.64
1,0,-1.0983727542012522,0.10798525498474769,-0.64
1,0,0.1147381625333562,0.8548379598215345,-0.64
1,0,0.1147381625333562,1.6016906646583202,-0.65
1,0,0.1147381625333562,-0.3899165482397758,-0.65
1,0,0.7212936209006604,0.6058870582092722,-0.65
1,0,-1.907113365357658,-0.8878183514643003,-0.66
1,0,1.1256639264788633,-0.14096564662751349,-0.66
1,0,0.3169233153224576,-1.3857201546888238,-0.66
1,0,-0.6940024486230495,1.8506415662705826,-0.66
1,0,-1.199465330595803,-0.8878183514643003,-0.66
1,0,-2.21039109454131,-1.1367692530765625,-0.67
1,0,-2.3114836709358606,-2.630474662750134,-0.67
1,0,-0.39072471943939735,-0.14096564662751349,-0.67
1,0,1.3278490792679647,0.8548379598215345,-0.67
1,0,-1.0983727542012522,-0.14096564662751349,-0.67
1,0,-1.6038356361740058,-0.3899165482397758,-0.68
1,0,-0.8961876014121508,0.10798525498474769,-0.68
1,0,0.7212936209006604,0.35693615659700995,-0.68
1,0,-0.6940024486230495,0.8548379598215345,-0.68
1,0,0.7212936209006604,1.352739763046058,-0.69
1,0,-1.0983727542012522,-1.3857201546888238,-0.69
1,0,1.5300342320570661,0.35693615659700995,-0.69
1,0,1.3278490792679647,1.6016906646583202,-0.69
1,0,0.8223861972952111,0.10798525498474769,-0.69
1,0,1.3278490792679647,0.6058870582092722,-0.69
1,0,0.3169233153224576,-0.8878183514643003,-0.69
1,0,-0.8961876014121508,-0.14096564662751349,-0.69
1,0,-1.7049282125685565,0.6058870582092722,-0.71
1,0,0.9234787736897618,0.6058870582092722,-0.72
1,0,-0.28963214304484663,0.6058870582092722,-0.72
1,0,-0.0874469902557452,1.6016906646583202,-0.72
1,0,0.9234787736897618,0.6058870582092722,-0.72
1,0,-0.8961876014121508,-1.634671056301086,-0.73
1,0,-0.28963214304484663,1.1037888614337967,-0.73
1,0,-0.7950950250176001,0.8548379598215345,-0.73
1,0,-0.0874469902557452,0.10798525498474769,-0.73
1,0,0.1147381625333562,1.1037888614337967,-0.73
1,1,-0.6940024486230495,-0.3899165482397758,-0.73
1,0,0.2158307389279069,0.35693615659700995,-0.74
1,0,0.7212936209006604,-0.14096564662751349,-0.74
1,0,-0.491817295833948,-0.14096564662751349,-0.74
1,0,1.1256639264788633,-1.634671056301086,-0.75
1,0,-0.8961876014121508,-0.3899165482397758,-0.75
1,0,-1.3005579069903537,-0.3899165482397758,-0.75
1,0,0.519108468111559,-1.3857201546888238,-0.75
1,0,-1.0983727542012522,-0.14096564662751349,-0.75
1,1,-1.3005579069903537,0.8548379598215345,-0.75
1,0,-0.8961876014121508,-1.8836219579133484,-0.75
1,0,-0.0874469902557452,-2.132572859525611,-0.76
1,0,0.9234787736897618,-0.14096564662751349,-0.76
1,0,0.3169233153224576,-0.638867449852038,-0.76
1,0,0.519108468111559,-1.634671056301086,-0.76
1,0,-0.8961876014121508,0.6058870582092722,-0.76
1,0,-0.28963214304484663,0.10798525498474769,-0.76
1,0,0.2158307389279069,-1.1367692530765625,-0.76
1,0,-0.7950950250176001,1.8506415662705826,-0.76
1,0,-1.0983727542012522,1.1037888614337967,-0.77
1,0,-0.28963214304484663,-0.3899165482397758,-0.77
1,0,0.1147381625333562,-0.14096564662751349,-0.77
1,0,0.519108468111559,0.8548379598215345,-0.78
1,0,-0.491817295833948,-0.638867449852038,-0.78
1,0,-0.8961876014121508,-0.3899165482397758,-0.78
1,0,0.1147381625333562,-1.634671056301086,-0.78
1,0,-1.502743059779455,-0.638867449852038,-0.79
1,1,-0.6940024486230495,0.6058870582092722,-0.79
1,0,-0.0874469902557452,-0.14096564662751349,-0.79
1,0,-0.8961876014121508,-0.638867449852038,-0.79
1,0,0.519108468111559,-0.14096564662751349,-0.79
1,0,-0.28963214304484663,-0.8878183514643003,-0.8
1,0,-0.5929098722284988,-0.3899165482397758,-0.8
1,0,0.3169233153224576,-1.1367692530765625,-0.8
1,0,-0.28963214304484663,0.6058870582092722,-0.8
1,0,-1.0983727542012522,-2.132572859525611,-0.8
1,0,-0.0874469902557452,0.6058870582092722,-0.8
1,0,-0.28963214304484663,-0.3899165482397758,-0.81
1,0,0.519108468111559,-1.8836219579133484,-0.82
1,0,-0.491817295833948,-0.638867449852038,-0.82
1,0,-1.4016504833849044,0.8548379598215345,-0.82
1,0,-0.8961876014121508,0.6058870582092722,-0.82
1,0,-0.6940024486230495,0.35693615659700995,-0.83
1,0,-1.502743059779455,0.6058870582092722,-0.83
1,0,0.519108468111559,-0.3899165482397758,-0.83
1,0,0.1147381625333562,-1.8836219579133484,-0.84
1,0,-1.907113365357658,0.8548379598215345,-0.84
1,0,1.1256639264788633,1.352739763046058,-0.84
1,0,-0.0874469902557452,0.35693615659700995,-0.84
1,0,-1.6038356361740058,-0.8878183514643003,-0.84
1,0,0.9234787736897618,0.10798525498474769,-0.84
1,1,0.3169233153224576,-2.132572859525611,-0.84
1,0,0.3169233153224576,-0.14096564662751349,-0.84
1,0,-0.491817295833948,1.1037888614337967,-0.85
1,0,1.1256639264788633,0.6058870582092722,-0.85
1,0,-0.28963214304484663,-0.14096564662751349,-0.85
1,0,-0.28963214304484663,-0.14096564662751349,-0.86
1,0,-0.491817295833948,-0.8878183514643003,-0.86
1,0,1.5300342320570661,1.352739763046058,-0.86
1,0,0.7212936209006604,0.35693615659700995,-0.86
1,0,-0.491817295833948,-0.638867449852038,-0.87
1,0,0.3169233153224576,0.8548379598215345,-0.87
1,0,-1.0983727542012522,0.10798525498474769,-0.87
1,0,-0.28963214304484663,-0.3899165482397758,-0.87
1,0,-1.0983727542012522,0.35693615659700995,-0.9
1,0,-0.491817295833948,0.6058870582092722,-0.9
1,0,0.013645586138805496,0.10798525498474769,-0.9
1,0,-0.8961876014121508,-1.1367692530765625,-0.9
1,0,-2.513668823724962,-1.1367692530765625,-0.91
1,0,-1.1590283000379829,-1.3857201546888238,-0.91
1,0,0.9234787736897618,1.1037888614337967,-0.91
1,0,-0.6940024486230495,-1.1367692530765625,-0.91
1,0,0.7212936209006604,-1.3857201546888238,-0.92
1,0,-0.28963214304484663,0.10798525498474769,-0.92
1,0,0.7212936209006604,0.6058870582092722,-0.92
1,0,0.8223861972952111,0.8548379598215345,-0.93
1,0,-0.28963214304484663,-0.14096564662751349,-0.93
1,0,1.7322193848461676,0.6058870582092722,-0.93
1,1,-0.0874469902557452,-2.132572859525611,-0.93
1,0,-1.3005579069903537,-0.14096564662751349,-0.94
1,0,-0.6940024486230495,0.35693615659700995,-0.94
1,0,0.3169233153224576,0.35693615659700995,-0.94
1,0,-2.109298518146759,-0.638867449852038,-0.94
1,0,-0.28963214304484663,-0.638867449852038,-0.94
1,0,-1.4016504833849044,0.8548379598215345,-0.94
1,0,1.1256639264788633,0.35693615659700995,-0.94
1,0,0.9234787736897618,0.35693615659700995,-0.95
1,0,0.1147381625333562,0.10798525498474769,-0.95
1,0,-3.524594587670469,-0.8878183514643003,-0.95
1,0,0.1147381625333562,-0.638867449852038,-0.95
1,0,0.1147381625333562,-0.638867449852038,-0.95
1,0,0.7212936209006604,1.1037888614337967,-0.96
1,0,-0.8961876014121508,-0.8878183514643003,-0.96
1,0,0.3169233153224576,-1.3857201546888238,-0.96
1,0,-0.28963214304484663,-0.14096564662751349,-0.96
1,0,1.7322193848461676,0.6058870582092722,-0.97
1,0,-0.28963214304484663,-0.638867449852038,-0.97
1,0,0.3169233153224576,1.352739763046058,-0.98
1,0,-0.28963214304484663,0.6058870582092722,-0.98
1,0,0.519108468111559,0.10798525498474769,-0.98
1,0,0.1147381625333562,-1.3857201546888238,-0.98
1,0,-0.28963214304484663,-0.638867449852038,-0.99
1,0,-0.8961876014121508,-0.3899165482397758,-0.99
1,0,-0.28963214304484663,-0.638867449852038,-0.99
1,0,-0.8961876014121508,0.35693615659700995,-1.0
1,0,0.1147381625333562,1.352739763046058,-1.0
1,0,0.1147381625333562,0.35693615659700995,-1.0
1,0,-0.6940024486230495,-0.8878183514643003,-1.01
1,0,0.9234787736897618,0.6058870582092722,-1.01
1,0,0.3169233153224576,-1.8836219579133484,-1.01
1,0,-1.3005579069903537,0.10798525498474769,-1.02
1,0,-0.0874469902557452,0.35693615659700995,-1.02
1,0,-0.491817295833948,-0.3899165482397758,-1.02
1,0,-3.7267797404595706,-2.630474662750134,-1.03
1,0,1.3278490792679647,-0.3899165482397758,-1.03
1,0,-0.0874469902557452,0.35693615659700995,-1.04
1,0,-0.7950950250176001,-0.8878183514643003,-1.04
1,0,1.1256639264788633,-0.638867449852038,-1.05
1,0,0.519108468111559,1.1037888614337967,-1.05
1,0,-0.8961876014121508,-0.638867449852038,-1.05
1,0,0.1147381625333562,-0.14096564662751349,-1.05
1,0,-0.39072471943939735,-0.14096564662751349,-1.06
1,0,0.7212936209006604,1.8506415662705826,-1.06
1,1,0.3169233153224576,-0.14096564662751349,-1.08
1,0,1.7322193848461676,1.8506415662705826,-1.08
1,0,1.3278490792679647,-0.14096564662751349,-1.08
1,0,1.3278490792679647,1.6016906646583202,-1.08
1,0,-1.907113365357658,-0.8878183514643003,-1.09
1,0,-0.491817295833948,1.1037888614337967,-1.09
1,0,-0.491817295833948,0.8548379598215345,-1.09
1,0,-0.28963214304484663,0.6058870582092722,-1.09
1,0,-0.28963214304484663,0.10798525498474769,-1.09
1,0,0.3169233153224576,0.35693615659700995,-1.09
1,0,-0.28963214304484663,-0.14096564662751349,-1.09
1,0,-1.0983727542012522,0.6058870582092722,-1.09
1,0,-0.8961876014121508,-0.638867449852038,-1.1
1,0,0.519108468111559,1.352739763046058,-1.11
1,0,0.1147381625333562,0.8548379598215345,-1.11
1,0,0.1147381625333562,1.1037888614337967,-1.11
1,0,0.6202010445061097,0.8548379598215345,-1.12
1,0,-0.0874469902557452,-0.14096564662751349,-1.12
1,0,1.0245713500843125,0.10798525498474769,-1.12
1,0,0.9234787736897618,1.6016906646583202,-1.12
1,1,1.1256639264788633,1.1037888614337967,-1.13
1,0,-0.5929098722284988,-1.634671056301086,-1.13
1,0,-1.4420875139427245,-0.3899165482397758,-1.13
1,0,-0.18853956665029592,-0.14096564662751349,-1.13
1,0,-0.28963214304484663,-1.1367692530765625,-1.13
1,0,0.7212936209006604,-0.638867449852038,-1.14
1,0,0.1147381625333562,-0.8878183514643003,-1.14
1,0,0.1147381625333562,-1.1367692530765625,-1.14
1,0,-0.491817295833948,-0.638867449852038,-1.14
1,0,-2.25082812509913,1.1037888614337967,-1.14
1,0,-1.502743059779455,-0.14096564662751349,-1.14
1,0,-0.28963214304484663,-1.1367692530765625,-1.14
1,0,-0.39072471943939735,-0.638867449852038,-1.14
1,0,-0.8961876014121508,-0.14096564662751349,-1.15
1,0,1.934404537635269,-0.14096564662751349,-1.15
1,0,-1.0983727542012522,0.10798525498474769,-1.16
1,0,-0.8961876014121508,-0.3899165482397758,-1.16
1,0,-1.3005579069903537,0.8548379598215345,-1.17
1,0,-0.8961876014121508,0.35693615659700995,-1.18
1,0,-0.5929098722284988,-0.3899165482397758,-1.18
1,0,-1.3005579069903537,-0.14096564662751349,-1.18
1,0,-0.491817295833948,-0.638867449852038,-1.18
1,0,-0.8961876014121508,1.352739763046058,-1.18
1,0,0.1147381625333562,-0.3899165482397758,-1.19
1,0,-0.491817295833948,0.8548379598215345,-1.19
1,0,-0.491817295833948,-0.14096564662751349,-1.19
1,0,-1.7049282125685565,0.35693615659700995,-1.19
1,0,-2.109298518146759,1.6016906646583202,-1.2
1,1,0.9234787736897618,-0.3899165482397758,-1.21
1,0,-0.0874469902557452,-0.638867449852038,-1.21
1,0,-1.3005579069903537,-0.14096564662751349,-1.22
1,0,-1.0983727542012522,-1.634671056301086,-1.22
1,0,-0.6940024486230495,0.35693615659700995,-1.22
1,0,-0.491817295833948,0.6058870582092722,-1.23
1,0,-0.6940024486230495,1.1037888614337967,-1.23
1,0,1.5300342320570661,0.8548379598215345,-1.23
1,0,-1.6038356361740058,-0.3899165482397758,-1.23
1,0,-2.513668823724962,-0.8878183514643003,-1.24
1,0,1.934404537635269,1.8506415662705826,-1.24
1,0,-0.491817295833948,-0.638867449852038,-1.24
1,0,1.934404537635269,0.35693615659700995,-1.24
1,0,0.3169233153224576,0.10798525498474769,-1.25
1,0,-2.109298518146759,-0.3899165482397758,-1.27
1,0,-1.5633986056161857,0.8548379598215345,-1.27
1,0,-1.502743059779455,-0.14096564662751349,-1.28
1,0,-0.28963214304484663,-0.638867449852038,-1.28
1,0,-2.9786946751398955,0.8548379598215345,-1.28
1,0,-0.6940024486230495,-0.8878183514643003,-1.29
1,0,0.9234787736897618,1.6016906646583202,-1.29
1,0,0.7212936209006604,-0.3899165482397758,-1.3
1,0,0.1147381625333562,-2.8794255643623963,-1.3
1,0,-0.8961876014121508,-0.14096564662751349,-1.31
1,0,-1.3005579069903537,-1.1367692530765625,-1.31
1,0,-1.3005579069903537,1.1037888614337967,-1.31
1,0,-0.491817295833948,0.35693615659700995,-1.32
1,0,-0.28963214304484663,-0.638867449852038,-1.33
1,0,-0.0874469902557452,1.1037888614337967,-1.35
1,0,-0.6940024486230495,-2.132572859525611,-1.36
1,0,-1.0983727542012522,0.8548379598215345,-1.36
1,0,-0.5929098722284988,-0.14096564662751349,-1.37
1,0,-0.491817295833948,-0.3899165482397758,-1.38
1,0,0.3169233153224576,0.8548379598215345,-1.38
1,0,-1.502743059779455,-0.3899165482397758,-1.4
1,0,-0.8961876014121508,-1.8836219579133484,-1.4
1,0,-0.28963214304484663,0.35693615659700995,-1.41
1,0,0.9234787736897618,-0.638867449852038,-1.42
1,0,-0.6940024486230495,0.6058870582092722,-1.43
1,0,-0.28963214304484663,-1.1367692530765625,-1.44
1,0,-1.8060207889631072,-1.8836219579133484,-1.44
1,0,-1.3005579069903537,1.8506415662705826,-1.44
1,0,-0.28963214304484663,-0.3899165482397758,-1.45
1,0,-0.491817295833948,-0.14096564662751349,-1.46
1,0,1.7322193848461676,1.6016906646583202,-1.47
1,0,-0.28963214304484663,0.6058870582092722,-1.47
1,0,1.0245713500843125,-0.3899165482397758,-1.48
1,0,-0.0874469902557452,0.6058870582092722,-1.49
1,0,0.519108468111559,-0.3899165482397758,-1.5
1,0,1.3278490792679647,-0.14096564662751349,-1.5
1,0,-1.0377172083645223,-0.14096564662751349,-1.51
1,0,-0.39072471943939735,-1.1367692530765625,-1.52
1,0,-1.3005579069903537,-0.638867449852038,-1.53
1,1,0.3169233153224576,0.10798525498474769,-1.53
1,0,0.3169233153224576,-0.8878183514643003,-1.53
1,0,0.519108468111559,-0.638867449852038,-1.53
1,0,1.3278490792679647,0.10798525498474769,-1.55
1,0,0.1147381625333562,0.35693615659700995,-1.55
1,0,-0.28963214304484663,-0.14096564662751349,-1.56
1,0,1.3278490792679647,-0.3899165482397758,-1.56
1,0,0.7212936209006604,-0.14096564662751349,-1.57
1,0,-1.3005579069903537,-1.3857201546888238,-1.6
1,0,0.1147381625333562,1.1037888614337967,-1.6
1,0,-0.9972801778067015,-1.1367692530765625,-1.61
1,0,-0.28963214304484663,0.8548379598215345,-1.62
1,0,-0.28963214304484663,-1.634671056301086,-1.63
1,0,0.7212936209006604,-0.8878183514643003,-1.64
1,0,-0.491817295833948,-0.638867449852038,-1.65
1,0,-2.21039109454131,-0.8878183514643003,-1.65
1,0,-1.502743059779455,0.6058870582092722,-1.65
1,0,-0.8961876014121508,-0.3899165482397758,-1.65
1,0,0.7212936209006604,0.8548379598215345,-1.71
1,0,-2.6147614001195127,-2.630474662750134,-1.73
1,0,-0.491817295833948,-0.14096564662751349,-1.75
1,0,-0.28963214304484663,-0.14096564662751349,-1.78
1,1,1.5300342320570661,1.6016906646583202,-1.8
1,0,-1.502743059779455,1.1037888614337967,-1.81
1,0,0.519108468111559,-0.638867449852038,-1.82
1,0,-1.907113365357658,-0.3899165482397758,-1.82
1,0,0.7212936209006604,1.1037888614337967,-1.84
1,0,0.519108468111559,-0.3899165482397758,-1.84
1,0,-0.28963214304484663,0.6058870582092722,-1.85
1,0,-0.6940024486230495,0.6058870582092722,-1.99
1,1,-1.6038356361740058,-1.634671056301086,-2.02
1,0,-0.0874469902557452,-2.8794255643623963,-2.04
1,0,-0.28963214304484663,-0.14096564662751349,-2.15
1,0,0.7212936209006604,0.35693615659700995,-2.16
1,0,0.1147381625333562,-0.3899165482397758,-2.49
