1,0.0,-0.28963214304484663,-0.6388674498520379,1.0
1,0.0,0.519108468111559,-1.1367692530765623,0.9993342210386151
1,0.0,-0.28963214304484663,1.8506415662705824,0.9986684420772304
1,0.0,0.3169233153224576,0.6058870582092722,0.9980026631158455
1,0.0,0.9234787736897618,1.6016906646583202,0.9973368841544608
1,0.0,2.1365896904243704,0.35693615659700995,0.9966711051930759
1,0.0,0.7212936209006604,0.8548379598215345,0.996005326231691
1,0.0,0.1147381625333562,-0.8878183514643003,0.9953395472703063
1,0.0,0.9234787736897618,-0.6388674498520379,0.9946737683089214
1,0.0,0.7212936209006604,1.8506415662705824,0.9940079893475366
1,1.0,0.1147381625333562,0.6058870582092722,0.9933422103861518
1,0.0,-0.39072471943939735,-1.8836219579133484,0.992676431424767
1,0.0,-0.8961876014121508,-0.14096564662751349,0.9920106524633822
1,0.0,0.1147381625333562,-1.634671056301086,0.9913448735019973
1,0.0,-0.0874469902557452,0.8548379598215345,0.9906790945406125
1,0.0,0.9234787736897618,1.1037888614337967,0.9900133155792277
1,0.0,0.9234787736897618,1.6016906646583202,0.9893475366178429
1,0.0,2.1365896904243704,1.1037888614337967,0.988681757656458
1,0.0,0.7212936209006604,0.35693615659700995,0.9880159786950732
1,0.0,0.519108468111559,-0.14096564662751349,0.9873501997336884
1,0.0,-0.0874469902557452,-0.3899165482397758,0.9866844207723036
1,0.0,-0.8961876014121508,0.8548379598215345,0.9860186418109188
1,0.0,-0.28963214304484663,1.3527397630460578,0.9853528628495339
1,0.0,2.1365896904243704,1.6016906646583202,0.9846870838881492
1,0.0,0.7212936209006604,1.1037888614337967,0.9840213049267643
1,0.0,-0.28963214304484663,0.8548379598215345,0.9833555259653795
1,0.0,0.9234787736897618,1.3527397630460578,0.9826897470039947
1,0.0,1.530034232057066,0.6058870582092722,0.9820239680426098
1,0.0,-1.4420875139427245,0.35693615659700995,0.9813581890812251
1,0.0,-0.491817295833948,0.35693615659700995,0.9806924101198402
1,1.0,0.1147381625333562,1.1037888614337967,0.9800266311584553
1,0.0,1.9344045376352692,-0.14096564662751349,0.9793608521970706
1,0.0,0.3169233153224576,0.6058870582092722,0.9786950732356857
1,0.0,-0.6940024486230495,0.35693615659700995,0.978029294274301
1,0.0,0.3169233153224576,-0.3899165482397758,0.9773635153129161
1,0.0,0.3169233153224576,1.1037888614337967,0.9766977363515313
1,0.0,0.1147381625333562,0.35693615659700995,0.9760319573901465
1,0.0,0.9234787736897618,1.8506415662705824,0.9753661784287616
1,0.0,0.9234787736897618,0.8548379598215345,0.9747003994673769
1,0.0,-0.28963214304484663,-0.3899165482397758,0.974034620505992
1,0.0,0.3169233153224576,1.8506415662705824,0.9733688415446072
1,1.0,0.9234787736897618,0.8548379598215345,0.9727030625832224
1,0.0,1.530034232057066,1.3527397630460578,0.9720372836218375
1,0.0,0.1147381625333562,1.3527397630460578,0.9713715046604527
1,0.0,0.519108468111559,-0.6388674498520379,0.9707057256990679
1,0.0,0.519108468111559,1.8506415662705824,0.9700399467376831
1,0.0,0.9234787736897618,1.6016906646583202,0.9693741677762983
1,0.0,0.3169233153224576,1.1037888614337967,0.9687083888149135
1,0.0,1.7322193848461676,0.35693615659700995,0.9680426098535286
1,0.0,0.1147381625333562,1.1037888614337967,0.9673768308921438
1,0.0,0.9234787736897618,1.1037888614337967,0.966711051930759
1,0.0,0.1147381625333562,-0.14096564662751349,0.9660452729693741
1,1.0,1.1256639264788633,0.6058870582092722,0.9653794940079894
1,0.0,1.7322193848461676,1.1037888614337967,0.9647137150466045
1,0.0,0.1147381625333562,0.10798525498474768,0.9640479360852197
1,0.0,0.7212936209006604,-0.14096564662751349,0.9633821571238349
1,0.0,0.9234787736897618,0.35693615659700995,0.96271637816245
1,0.0,2.1365896904243704,0.6058870582092722,0.9620505992010653
1,0.0,-0.491817295833948,0.10798525498474768,0.9613848202396804
1,0.0,-0.5929098722284988,-0.3899165482397758,0.9607190412782957
1,0.0,0.1147381625333562,1.1037888614337967,0.9600532623169108
1,0.0,-0.491817295833948,-1.634671056301086,0.9593874833555259
1,0.0,0.9234787736897618,0.6058870582092722,0.9587217043941412
1,1.0,-1.7049282125685563,1.8506415662705824,0.9580559254327563
1,0.0,-0.28963214304484663,1.3527397630460578,0.9573901464713716
1,0.0,1.7322193848461676,0.35693615659700995,0.9567243675099867
1,0.0,0.013645586138805496,-0.14096564662751349,0.9560585885486018
1,0.0,-1.3005579069903537,-0.3899165482397758,0.9553928095872171
1,0.0,-0.18853956665029592,-0.3899165482397758,0.9547270306258322
1,0.0,0.1147381625333562,-1.1367692530765623,0.9540612516644474
1,0.0,0.519108468111559,-0.14096564662751349,0.9533954727030626
1,0.0,0.3169233153224576,0.6058870582092722,0.9527296937416777
1,0.0,2.1365896904243704,1.1037888614337967,0.952063914780293
1,1.0,0.519108468111559,1.6016906646583202,0.9513981358189081
1,0.0,0.7212936209006604,1.3527397630460578,0.9507323568575233
1,0.0,0.9234787736897618,0.6058870582092722,0.9500665778961385
1,0.0,0.9234787736897618,-1.3857201546888238,0.9494007989347537
1,0.0,-1.3005579069903537,0.10798525498474768,0.9487350199733688
1,0.0,1.3278490792679647,0.6058870582092722,0.948069241011984
1,0.0,0.519108468111559,0.10798525498474768,0.9474034620505992
1,0.0,0.9234787736897618,1.6016906646583202,0.9467376830892144
1,0.0,0.1147381625333562,-1.634671056301086,0.9460719041278296
1,0.0,-0.491817295833948,-0.8878183514643003,0.9454061251664447
1,0.0,1.3278490792679647,-0.3899165482397758,0.9447403462050599
1,1.0,-0.491817295833948,-1.3857201546888238,0.9440745672436751
1,0.0,-0.6940024486230495,-0.3899165482397758,0.9434087882822902
1,0.0,2.1365896904243704,2.3485433694951072,0.9427430093209055
1,0.0,1.3278490792679647,1.1037888614337967,0.9420772303595206
1,0.0,-1.4016504833849044,-0.14096564662751349,0.9414114513981359
1,0.0,0.519108468111559,0.8548379598215345,0.940745672436751
1,0.0,0.1147381625333562,1.8506415662705824,0.9400798934753661
1,0.0,0.3169233153224576,0.35693615659700995,0.9394141145139814
1,0.0,0.519108468111559,-0.6388674498520379,0.9387483355525965
1,0.0,-0.0874469902557452,1.6016906646583202,0.9380825565912118
1,1.0,-0.6940024486230495,-0.8878183514643003,0.9374167776298269
1,0.0,1.1256639264788633,-0.14096564662751349,0.936750998668442
1,0.0,-0.8961876014121508,0.35693615659700995,0.9360852197070573
1,0.0,0.1147381625333562,1.1037888614337967,0.9354194407456724
1,0.0,-0.491817295833948,-0.3899165482397758,0.9347536617842876
1,0.0,-0.28963214304484663,-0.6388674498520379,0.9340878828229028
1,0.0,1.1256639264788633,0.8548379598215345,0.933422103861518
1,0.0,-0.28963214304484663,1.1037888614337967,0.9327563249001332
1,0.0,0.7212936209006604,0.6058870582092722,0.9320905459387483
1,1.0,-0.0874469902557452,0.10798525498474768,0.9314247669773635
1,0.0,0.3169233153224576,0.8548379598215345,0.9307589880159787
1,0.0,1.3278490792679647,-0.14096564662751349,0.9300932090545939
1,0.0,-0.0874469902557452,-0.8878183514643003,0.929427430093209
1,0.0,1.3278490792679647,0.10798525498474768,0.9287616511318242
1,0.0,0.3169233153224576,1.3527397630460578,0.9280958721704394
1,0.0,-0.0874469902557452,-0.3899165482397758,0.9274300932090546
1,0.0,1.3278490792679647,1.3527397630460578,0.9267643142476698
1,0.0,1.1256639264788633,0.10798525498474768,0.9260985352862849
1,0.0,-0.0874469902557452,0.8548379598215345,0.9254327563249002
1,1.0,-2.21039109454131,0.10798525498474768,0.9247669773635153
1,0.0,0.9234787736897618,1.3527397630460578,0.9241011984021305
1,0.0,0.2158307389279069,1.6016906646583202,0.9234354194407457
1,0.0,-0.39072471943939735,0.6058870582092722,0.9227696404793608
1,0.0,1.1256639264788633,-0.8878183514643003,0.9221038615179761
1,0.0,0.3169233153224576,0.8548379598215345,0.9214380825565912
1,0.0,-0.28963214304484663,1.8506415662705824,0.9207723035952063
1,0.0,-0.28963214304484663,-1.634671056301086,0.9201065246338216
1,0.0,0.1147381625333562,0.8548379598215345,0.9194407456724367
1,0.0,-0.0874469902557452,1.3527397630460578,0.918774966711052
1,1.0,-1.9071133653576582,-1.3857201546888238,0.9181091877496671
1,0.0,-0.28963214304484663,0.10798525498474768,0.9174434087882823
1,0.0,1.530034232057066,1.1037888614337967,0.9167776298268975
1,0.0,0.3169233153224576,-0.3899165482397758,0.9161118508655126
1,0.0,0.1147381625333562,-2.132572859525611,0.9154460719041279
1,0.0,1.7322193848461676,1.3527397630460578,0.914780292942743
1,0.0,-0.6940024486230495,0.6058870582092722,0.9141145139813582
1,0.0,0.013645586138805496,-0.6388674498520379,0.9134487350199734
1,0.0,0.7212936209006604,-0.8878183514643003,0.9127829560585885
1,0.0,0.1147381625333562,-0.3899165482397758,0.9121171770972037
1,1.0,0.1147381625333562,0.10798525498474768,0.9114513981358189
1,0.0,-1.0983727542012522,1.1037888614337967,0.9107856191744341
1,0.0,0.9234787736897618,1.3527397630460578,0.9101198402130493
1,0.0,0.7212936209006604,0.8548379598215345,0.9094540612516645
1,0.0,1.530034232057066,1.1037888614337967,0.9087882822902796
1,0.0,0.519108468111559,0.10798525498474768,0.9081225033288948
1,0.0,1.3278490792679647,-0.14096564662751349,0.90745672436751
1,0.0,-0.0874469902557452,0.8548379598215345,0.9067909454061251
1,0.0,-1.0377172083645223,0.10798525498474768,0.9061251664447404
1,1.0,-1.0983727542012522,-0.14096564662751349,0.9054593874833555
1,0.0,0.519108468111559,0.10798525498474768,0.9047936085219707
1,0.0,0.7212936209006604,1.8506415662705824,0.9041278295605859
1,0.0,0.9234787736897618,0.8548379598215345,0.903462050599201
1,0.0,-0.28963214304484663,-1.634671056301086,0.9027962716378163
1,0.0,-0.6940024486230495,1.6016906646583202,0.9021304926764314
1,0.0,1.3278490792679647,1.8506415662705824,0.9014647137150466
1,0.0,0.519108468111559,1.8506415662705824,0.9007989347536618
1,0.0,-0.28963214304484663,-2.381523761137873,0.9001331557922769
1,0.0,0.3169233153224576,-1.3857201546888238,0.8994673768308922
1,1.0,-2.513668823724962,-2.132572859525611,0.8988015978695073
1,0.0,-0.6940024486230495,-0.3899165482397758,0.8981358189081226
1,0.0,0.519108468111559,0.8548379598215345,0.8974700399467377
1,0.0,0.519108468111559,-1.1367692530765623,0.8968042609853528
1,0.0,1.9344045376352692,0.8548379598215345,0.8961384820239681
1,0.0,1.530034232057066,-1.1367692530765623,0.8954727030625832
1,0.0,0.9234787736897618,-0.3899165482397758,0.8948069241011984
1,0.0,0.3169233153224576,-1.1367692530765623,0.8941411451398136
1,0.0,0.9234787736897618,-0.6388674498520379,0.8934753661784287
1,1.0,-2.918039129303165,-0.3899165482397758,0.892809587217044
1,0.0,0.9234787736897618,-1.1367692530765623,0.8921438082556591
1,0.0,-0.28963214304484663,-0.8878183514643003,0.8914780292942743
1,0.0,0.3169233153224576,0.6058870582092722,0.8908122503328895
1,0.0,0.4180158917170083,-0.8878183514643003,0.8901464713715047
1,0.0,0.519108468111559,0.8548379598215345,0.8894806924101198
1,0.0,0.9234787736897618,0.35693615659700995,0.888814913448735
1,0.0,-2.7158539765140635,-1.3857201546888238,0.8881491344873502
1,0.0,0.7212936209006604,-1.8836219579133484,0.8874833555259654
1,0.0,-0.491817295833948,0.10798525498474768,0.8868175765645806
1,1.0,-0.491817295833948,-0.8878183514643003,0.8861517976031957
1,0.0,0.519108468111559,0.10798525498474768,0.8854860186418109
1,0.0,2.1365896904243704,0.35693615659700995,0.8848202396804261
1,0.0,0.519108468111559,0.6058870582092722,0.8841544607190412
1,0.0,0.519108468111559,-0.3899165482397758,0.8834886817576565
1,0.0,-0.18853956665029592,0.6058870582092722,0.8828229027962716
1,0.0,-0.28963214304484663,-0.3899165482397758,0.8821571238348869
1,0.0,1.7322193848461676,1.1037888614337967,0.881491344873502
1,0.0,2.1365896904243704,1.3527397630460578,0.8808255659121171
1,1.0,0.3169233153224576,-0.6388674498520379,0.8801597869507324
1,0.0,1.1256639264788633,-0.14096564662751349,0.8794940079893475
1,0.0,0.3169233153224576,-1.1367692530765623,0.8788282290279628
1,0.0,1.530034232057066,0.8548379598215345,0.8781624500665779
1,0.0,-0.8961876014121508,1.6016906646583202,0.877496671105193
1,0.0,0.7212936209006604,-0.3899165482397758,0.8768308921438083
1,0.0,-0.28963214304484663,-0.14096564662751349,0.8761651131824234
1,0.0,-0.491817295833948,0.35693615659700995,0.8754993342210386
1,0.0,0.7212936209006604,1.1037888614337967,0.8748335552596538
1,0.0,0.7212936209006604,1.1037888614337967,0.874167776298269
1,1.0,0.7212936209006604,0.10798525498474768,0.8735019973368842
1,0.0,0.1147381625333562,-0.3899165482397758,0.8728362183754993
1,0.0,0.9234787736897618,-0.3899165482397758,0.8721704394141145
1,0.0,-0.5929098722284988,1.6016906646583202,0.8715046604527297
1,0.0,0.3169233153224576,-0.6388674498520379,0.8708388814913449
1,0.0,-0.28963214304484663,1.6016906646583202,0.87017310252996
1,0.0,-0.0874469902557452,1.6016906646583202,0.8695073235685752
1,0.0,0.1147381625333562,0.6058870582092722,0.8688415446071904
1,0.0,0.519108468111559,1.3527397630460578,0.8681757656458056
1,1.0,-1.0983727542012522,0.6058870582092722,0.8675099866844208
1,0.0,1.1256639264788633,0.35693615659700995,0.8668442077230359
1,0.0,0.3169233153224576,1.1037888614337967,0.8661784287616512
1,0.0,0.1147381625333562,-0.3899165482397758,0.8655126498002663
1,0.0,0.7212936209006604,1.8506415662705824,0.8648468708388815
1,0.0,-0.6940024486230495,1.1037888614337967,0.8641810918774967
1,0.0,0.9234787736897618,0.6058870582092722,0.8635153129161118
1,0.0,1.3278490792679647,0.35693615659700995,0.8628495339547271
1,0.0,1.3278490792679647,0.6058870582092722,0.8621837549933422
1,1.0,-0.491817295833948,1.3527397630460578,0.8615179760319573
1,0.0,0.3169233153224576,0.10798525498474768,0.8608521970705726
1,0.0,2.1365896904243704,0.6058870582092722,0.8601864181091877
1,0.0,-0.28963214304484663,-0.3899165482397758,0.859520639147803
1,0.0,-0.8961876014121508,0.8548379598215345,0.8588548601864181
1,0.0,-0.8961876014121508,0.10798525498474768,0.8581890812250332
1,0.0,0.1147381625333562,0.6058870582092722,0.8575233022636485
1,0.0,-0.28963214304484663,-0.14096564662751349,0.8568575233022636
1,0.0,0.1147381625333562,-2.132572859525611,0.8561917443408789
1,0.0,0.4180158917170083,0.10798525498474768,0.855525965379494
1,1.0,0.9234787736897618,-1.1367692530765623,0.8548601864181092
1,0.0,0.9234787736897618,0.6058870582092722,0.8541944074567244
1,0.0,-0.8961876014121508,0.6058870582092722,0.8535286284953395
1,0.0,0.1147381625333562,0.35693615659700995,0.8528628495339547
1,0.0,-0.28963214304484663,1.3527397630460578,0.8521970705725699
1,0.0,0.9234787736897618,0.8548379598215345,0.8515312916111851
1,0.0,1.9344045376352692,1.1037888614337967,0.8508655126498003
1,0.0,0.9234787736897618,1.1037888614337967,0.8501997336884154
1,0.0,-0.6940024486230495,-0.14096564662751349,0.8495339547270306
1,1.0,-0.28963214304484663,-2.132572859525611,0.8488681757656458
1,0.0,-0.491817295833948,-1.1367692530765623,0.848202396804261
1,0.0,-1.6038356361740058,-1.3857201546888238,0.8475366178428761
1,0.0,-1.0983727542012522,-1.1367692530765623,0.8468708388814914
1,0.0,-0.491817295833948,-0.14096564662751349,0.8462050599201065
1,0.0,1.1256639264788633,-0.3899165482397758,0.8455392809587217
1,0.0,0.3169233153224576,1.3527397630460578,0.8448735019973369
1,0.0,0.1147381625333562,-0.6388674498520379,0.844207723035952
1,0.0,-0.8961876014121508,-0.8878183514643003,0.8435419440745673
1,1.0,-1.7049282125685563,-2.132572859525611,0.8428761651131824
1,0.0,0.1147381625333562,0.35693615659700995,0.8422103861517976
1,0.0,1.7322193848461676,-0.14096564662751349,0.8415446071904128
1,0.0,1.1256639264788633,1.6016906646583202,0.8408788282290279
1,0.0,-0.0874469902557452,-1.3857201546888238,0.8402130492676432
1,0.0,1.1256639264788633,-1.3857201546888238,0.8395472703062583
1,0.0,0.1147381625333562,1.3527397630460578,0.8388814913448736
1,0.0,-0.6940024486230495,0.6058870582092722,0.8382157123834887
1,0.0,1.3278490792679647,-0.14096564662751349,0.8375499334221038
1,1.0,-1.8060207889631072,-1.3857201546888238,0.8368841544607191
1,0.0,1.9344045376352692,-0.14096564662751349,0.8362183754993342
1,0.0,-1.4016504833849044,0.35693615659700995,0.8355525965379494
1,0.0,0.519108468111559,1.8506415662705824,0.8348868175765646
1,0.0,0.3169233153224576,-0.14096564662751349,0.8342210386151797
1,0.0,1.9344045376352692,1.6016906646583202,0.833555259653795
1,0.0,0.3169233153224576,1.1037888614337967,0.8328894806924101
1,0.0,-1.3005579069903537,-0.6388674498520379,0.8322237017310253
1,0.0,-3.322409434881368,0.35693615659700995,0.8315579227696405
1,0.0,0.1147381625333562,0.6058870582092722,0.8308921438082557
1,1.0,0.519108468111559,-0.3899165482397758,0.8302263648468708
1,0.0,0.3169233153224576,0.6058870582092722,0.829560585885486
1,0.0,0.1147381625333562,-0.8878183514643003,0.8288948069241012
1,0.0,-1.0983727542012522,-1.3857201546888238,0.8282290279627164
1,0.0,-0.5929098722284988,0.35693615659700995,0.8275632490013316
1,0.0,0.3169233153224576,-0.14096564662751349,0.8268974700399467
1,0.0,0.1147381625333562,-0.14096564662751349,0.8262316910785619
1,0.0,1.1256639264788633,1.6016906646583202,0.8255659121171771
1,0.0,-0.18853956665029592,-2.132572859525611,0.8249001331557922
1,1.0,0.1147381625333562,-0.14096564662751349,0.8242343541944075
1,0.0,0.9234787736897618,0.6058870582092722,0.8235685752330226
1,0.0,0.4180158917170083,-0.3899165482397758,0.8229027962716379
1,0.0,2.1365896904243704,1.8506415662705824,0.822237017310253
1,0.0,1.530034232057066,0.10798525498474768,0.8215712383488681
1,0.0,-0.6940024486230495,0.10798525498474768,0.8209054593874834
1,0.0,2.1365896904243704,1.1037888614337967,0.8202396804260985
1,0.0,0.6202010445061097,-0.14096564662751349,0.8195739014647138
1,0.0,1.9344045376352692,-1.1367692530765623,0.8189081225033289
1,1.0,-2.513668823724962,-0.6388674498520379,0.818242343541944
1,0.0,0.519108468111559,-0.8878183514643003,0.8175765645805593
1,0.0,0.1147381625333562,0.8548379598215345,0.8169107856191744
1,0.0,-1.199465330595803,-0.14096564662751349,0.8162450066577897
1,0.0,0.519108468111559,0.35693615659700995,0.8155792276964048
1,0.0,0.519108468111559,-0.6388674498520379,0.8149134487350199
1,0.0,1.1256639264788633,1.3527397630460578,0.8142476697736352
1,0.0,0.3169233153224576,-1.3857201546888238,0.8135818908122503
1,0.0,-1.0983727542012522,-2.132572859525611,0.8129161118508655
1,1.0,-1.3005579069903537,-0.14096564662751349,0.8122503328894807
1,0.0,0.3169233153224576,0.6058870582092722,0.8115845539280959
1,0.0,0.519108468111559,-1.1367692530765623,0.810918774966711
1,0.0,-0.28963214304484663,-1.3857201546888238,0.8102529960053262
1,0.0,-0.491817295833948,0.10798525498474768,0.8095872170439414
1,0.0,-0.0874469902557452,0.35693615659700995,0.8089214380825566
1,0.0,0.519108468111559,0.8548379598215345,0.8082556591211718
1,0.0,0.519108468111559,0.8548379598215345,0.8075898801597869
1,0.0,1.7322193848461676,0.6058870582092722,0.8069241011984021
1,1.0,-0.6940024486230495,-0.8878183514643003,0.8062583222370173
1,0.0,1.530034232057066,-0.6388674498520379,0.8055925432756325
1,0.0,-0.18853956665029592,0.35693615659700995,0.8049267643142477
1,0.0,-1.3005579069903537,-0.3899165482397758,0.8042609853528628
1,0.0,0.6202010445061097,-0.14096564662751349,0.8035952063914781
1,0.0,-0.6940024486230495,-0.8878183514643003,0.8029294274300932
1,0.0,0.3169233153224576,1.3527397630460578,0.8022636484687083
1,0.0,1.9344045376352692,0.10798525498474768,0.8015978695073236
1,0.0,-0.6940024486230495,0.35693615659700995,0.8009320905459387
1,1.0,-0.6940024486230495,-0.3899165482397758,0.800266311584554
1,0.0,1.7322193848461676,0.8548379598215345,0.7996005326231691
1,0.0,0.9234787736897618,0.6058870582092722,0.7989347536617842
1,0.0,0.7212936209006604,0.8548379598215345,0.7982689747003995
1,0.0,0.519108468111559,0.10798525498474768,0.7976031957390146
1,0.0,0.519108468111559,-3.3773273675869215,0.7969374167776299
1,0.0,0.9234787736897618,-0.14096564662751349,0.796271637816245
1,0.0,1.3278490792679647,1.6016906646583202,0.7956058588548602
1,0.0,1.530034232057066,0.8548379598215345,0.7949400798934754
1,1.0,-2.7158539765140635,-0.3899165482397758,0.7942743009320905
1,0.0,0.1147381625333562,-0.14096564662751349,0.7936085219707057
1,0.0,1.3278490792679647,1.6016906646583202,0.7929427430093209
1,0.0,-0.5929098722284988,-1.1367692530765623,0.7922769640479361
1,0.0,-0.39072471943939735,0.10798525498474768,0.7916111850865513
1,0.0,0.3169233153224576,-0.3899165482397758,0.7909454061251664
1,0.0,-0.28963214304484663,-0.14096564662751349,0.7902796271637816
1,0.0,0.4180158917170083,0.10798525498474768,0.7896138482023968
1,0.0,1.3278490792679647,1.1037888614337967,0.788948069241012
1,1.0,-0.28963214304484663,-0.6388674498520379,0.7882822902796272
1,0.0,-0.28963214304484663,-1.1367692530765623,0.7876165113182424
1,0.0,-0.0874469902557452,0.10798525498474768,0.7869507323568575
1,0.0,-0.9972801778067016,-1.3857201546888238,0.7862849533954727
1,0.0,2.1365896904243704,0.10798525498474768,0.7856191744340879
1,0.0,0.7212936209006604,1.6016906646583202,0.784953395472703
1,0.0,-0.8961876014121508,-1.634671056301086,0.7842876165113183
1,0.0,0.519108468111559,0.10798525498474768,0.7836218375499334
1,0.0,-0.9972801778067016,-0.14096564662751349,0.7829560585885486
1,0.0,0.519108468111559,-0.14096564662751349,0.7822902796271638
1,1.0,-1.7049282125685563,-1.1367692530765623,0.7816245006657789
1,0.0,0.519108468111559,-0.3899165482397758,0.7809587217043942
1,0.0,-0.28963214304484663,-0.14096564662751349,0.7802929427430093
1,0.0,-0.28963214304484663,1.6016906646583202,0.7796271637816246
1,0.0,-1.502743059779455,-2.8794255643623963,0.7789613848202397
1,0.0,0.8223861972952111,-0.8878183514643003,0.7782956058588548
1,0.0,1.3278490792679647,-0.14096564662751349,0.7776298268974701
1,0.0,-0.8961876014121508,0.6058870582092722,0.7769640479360852
1,0.0,0.519108468111559,1.6016906646583202,0.7762982689747004
1,0.0,0.3169233153224576,0.6058870582092722,0.7756324900133156
1,0.0,-0.8961876014121508,-1.8836219579133484,0.7749667110519307
1,0.0,-0.6940024486230495,0.8548379598215345,0.774300932090546
1,0.0,-1.3005579069903537,-0.6388674498520379,0.7736351531291611
1,0.0,-0.0874469902557452,0.6058870582092722,0.7729693741677763
1,0.0,1.1256639264788633,0.35693615659700995,0.7723035952063915
1,0.0,0.519108468111559,-0.6388674498520379,0.7716378162450066
1,0.0,0.7212936209006604,-0.14096564662751349,0.7709720372836218
1,0.0,1.530034232057066,0.35693615659700995,0.770306258322237
1,0.0,-0.28963214304484663,-0.6388674498520379,0.7696404793608522
1,0.0,-1.4016504833849044,-0.3899165482397758,0.7689747003994674
1,0.0,1.1256639264788633,-0.14096564662751349,0.7683089214380826
1,0.0,-0.6940024486230495,1.1037888614337967,0.7676431424766977
1,0.0,-1.0983727542012522,-0.6388674498520379,0.7669773635153129
1,0.0,0.519108468111559,-0.14096564662751349,0.7663115845539281
1,0.0,0.519108468111559,0.35693615659700995,0.7656458055925432
1,0.0,-1.3005579069903537,-0.3899165482397758,0.7649800266311585
1,0.0,-0.0874469902557452,-0.8878183514643003,0.7643142476697736
1,0.0,-0.28963214304484663,-0.14096564662751349,0.7636484687083888
1,0.0,1.530034232057066,-0.8878183514643003,0.762982689747004
1,0.0,0.7212936209006604,0.10798525498474768,0.7623169107856191
1,0.0,0.9234787736897618,0.35693615659700995,0.7616511318242344
1,0.0,1.530034232057066,-0.3899165482397758,0.7609853528628495
1,0.0,-0.491817295833948,-0.8878183514643003,0.7603195739014648
1,0.0,0.1147381625333562,-0.3899165482397758,0.7596537949400799
1,0.0,0.519108468111559,-0.3899165482397758,0.758988015978695
1,0.0,0.9234787736897618,1.3527397630460578,0.7583222370173103
1,0.0,-0.28963214304484663,-0.8878183514643003,0.7576564580559254
1,0.0,-0.28963214304484663,1.1037888614337967,0.7569906790945407
1,0.0,-0.6940024486230495,0.8548379598215345,0.7563249001331558
1,0.0,-2.513668823724962,-1.634671056301086,0.7556591211717709
1,0.0,-1.3005579069903537,-2.8794255643623963,0.7549933422103862
1,0.0,0.7212936209006604,0.35693615659700995,0.7543275632490013
1,0.0,1.3278490792679647,-2.132572859525611,0.7536617842876165
1,0.0,-0.28963214304484663,1.1037888614337967,0.7529960053262317
1,0.0,-1.502743059779455,0.35693615659700995,0.7523302263648469
1,0.0,-0.491817295833948,-0.6388674498520379,0.751664447403462
1,0.0,0.9234787736897618,-1.1367692530765623,0.7509986684420772
1,0.0,-0.28963214304484663,1.6016906646583202,0.7503328894806924
1,0.0,0.1147381625333562,0.35693615659700995,0.7496671105193076
1,0.0,1.530034232057066,-1.8836219579133484,0.7490013315579228
1,0.0,0.9234787736897618,1.3527397630460578,0.748335552596538
1,0.0,0.3169233153224576,0.35693615659700995,0.7476697736351531
1,0.0,-1.3005579069903537,-0.6388674498520379,0.7470039946737683
1,0.0,1.530034232057066,0.8548379598215345,0.7463382157123835
1,0.0,-0.0874469902557452,0.35693615659700995,0.7456724367509987
1,0.0,1.3278490792679647,1.3527397630460578,0.7450066577896138
1,0.0,0.9234787736897618,1.3527397630460578,0.7443408788282291
1,0.0,-1.0983727542012522,-0.14096564662751349,0.7436750998668442
1,0.0,-0.0874469902557452,-0.3899165482397758,0.7430093209054593
1,0.0,-0.6940024486230495,-1.8836219579133484,0.7423435419440746
1,0.0,1.530034232057066,0.6058870582092722,0.7416777629826897
1,0.0,1.1256639264788633,-1.1367692530765623,0.741011984021305
1,0.0,0.9234787736897618,1.3527397630460578,0.7403462050599201
1,0.0,1.3278490792679647,0.8548379598215345,0.7396804260985352
1,0.0,-1.3005579069903537,-0.6388674498520379,0.7390146471371505
1,0.0,0.9234787736897618,0.6058870582092722,0.7383488681757656
1,0.0,-0.8961876014121508,1.8506415662705824,0.7376830892143809
1,0.0,-0.28963214304484663,0.10798525498474768,0.737017310252996
1,0.0,-0.6940024486230495,-0.3899165482397758,0.7363515312916112
1,0.0,0.9234787736897618,1.3527397630460578,0.7356857523302264
1,0.0,1.3278490792679647,0.6058870582092722,0.7350199733688415
1,0.0,1.3278490792679647,0.8548379598215345,0.7343541944074568
1,0.0,-0.28963214304484663,0.35693615659700995,0.7336884154460719
1,0.0,1.530034232057066,0.35693615659700995,0.7330226364846871
1,0.0,0.9234787736897618,-1.1367692530765623,0.7323568575233023
1,0.0,0.1147381625333562,0.35693615659700995,0.7316910785619174
1,0.0,0.7212936209006604,1.6016906646583202,0.7310252996005326
1,0.0,-1.9677689111943888,1.3527397630460578,0.7303595206391478
1,0.0,-0.6940024486230495,1.1037888614337967,0.729693741677763
1,0.0,0.519108468111559,1.1037888614337967,0.7290279627163782
1,0.0,-0.6940024486230495,1.1037888614337967,0.7283621837549934
1,0.0,1.3278490792679647,1.3527397630460578,0.7276964047936085
1,0.0,0.3169233153224576,0.35693615659700995,0.7270306258322237
1,0.0,1.7322193848461676,0.35693615659700995,0.7263648468708389
1,0.0,0.3169233153224576,1.1037888614337967,0.725699067909454
1,0.0,-0.491817295833948,1.1037888614337967,0.7250332889480693
1,0.0,-0.8961876014121508,1.3527397630460578,0.7243675099866844
1,0.0,-0.9972801778067016,-0.3899165482397758,0.7237017310252996
1,0.0,-0.8961876014121508,1.3527397630460578,0.7230359520639148
1,0.0,-0.6940024486230495,-0.14096564662751349,0.7223701731025299
1,0.0,2.1365896904243704,0.6058870582092722,0.7217043941411452
1,0.0,1.3278490792679647,0.35693615659700995,0.7210386151797603
1,0.0,-1.502743059779455,0.35693615659700995,0.7203728362183754
1,0.0,1.1256639264788633,1.1037888614337967,0.7197070572569907
1,0.0,-0.28963214304484663,0.8548379598215345,0.7190412782956058
1,0.0,0.7212936209006604,-0.14096564662751349,0.7183754993342211
1,0.0,-0.28963214304484663,0.8548379598215345,0.7177097203728362
1,0.0,0.519108468111559,1.1037888614337967,0.7170439414114514
1,0.0,-0.39072471943939735,0.35693615659700995,0.7163781624500666
1,0.0,-0.491817295833948,0.6058870582092722,0.7157123834886817
1,0.0,-0.28963214304484663,0.10798525498474768,0.715046604527297
1,0.0,0.3169233153224576,1.6016906646583202,0.7143808255659121
1,0.0,-1.7049282125685563,-0.14096564662751349,0.7137150466045273
1,0.0,1.7322193848461676,-0.8878183514643003,0.7130492676431425
1,0.0,-0.28963214304484663,-0.3899165482397758,0.7123834886817576
1,0.0,1.1256639264788633,-1.1367692530765623,0.7117177097203728
1,0.0,1.7322193848461676,0.35693615659700995,0.711051930758988
1,0.0,0.1147381625333562,1.3527397630460578,0.7103861517976032
1,0.0,1.530034232057066,-1.3857201546888238,0.7097203728362184
1,0.0,-1.502743059779455,0.35693615659700995,0.7090545938748336
1,0.0,0.519108468111559,0.35693615659700995,0.7083888149134487
1,0.0,-0.0874469902557452,0.8548379598215345,0.7077230359520639
1,0.0,1.1256639264788633,-0.6388674498520379,0.7070572569906791
1,0.0,-0.491817295833948,0.35693615659700995,0.7063914780292943
1,0.0,-0.28963214304484663,-0.14096564662751349,0.7057256990679095
1,0.0,0.9234787736897618,-0.6388674498520379,0.7050599201065246
1,0.0,-0.491817295833948,-0.3899165482397758,0.7043941411451398
1,0.0,1.7322193848461676,0.8548379598215345,0.703728362183755
1,0.0,0.519108468111559,0.6058870582092722,0.7030625832223701
1,0.0,0.1147381625333562,-0.3899165482397758,0.7023968042609854
1,0.0,-0.0874469902557452,1.6016906646583202,0.7017310252996005
1,0.0,0.9234787736897618,0.6058870582092722,0.7010652463382158
1,0.0,-0.0874469902557452,0.35693615659700995,0.7003994673768309
1,0.0,-0.6940024486230495,0.35693615659700995,0.699733688415446
1,0.0,-0.0874469902557452,1.6016906646583202,0.6990679094540613
1,0.0,1.9344045376352692,0.6058870582092722,0.6984021304926764
1,0.0,-0.8961876014121508,-0.14096564662751349,0.6977363515312917
1,0.0,-1.502743059779455,-1.634671056301086,0.6970705725699068
1,0.0,0.1147381625333562,-0.6388674498520379,0.6964047936085219
1,0.0,0.9234787736897618,0.6058870582092722,0.6957390146471372
1,0.0,-0.28963214304484663,0.8548379598215345,0.6950732356857523
1,0.0,1.1256639264788633,0.8548379598215345,0.6944074567243675
1,0.0,-0.8961876014121508,0.6058870582092722,0.6937416777629827
1,0.0,-0.0874469902557452,0.8548379598215345,0.6930758988015979
1,0.0,0.519108468111559,0.35693615659700995,0.6924101198402131
1,0.0,-1.0983727542012522,-1.8836219579133484,0.6917443408788282
1,0.0,0.3169233153224576,0.10798525498474768,0.6910785619174434
1,0.0,-0.0874469902557452,0.8548379598215345,0.6904127829560586
1,0.0,-0.8961876014121508,0.10798525498474768,0.6897470039946738
1,0.0,0.3169233153224576,-0.14096564662751349,0.689081225033289
1,0.0,0.7212936209006604,0.10798525498474768,0.6884154460719041
1,0.0,0.519108468111559,0.8548379598215345,0.6877496671105193
1,0.0,0.9234787736897618,-0.8878183514643003,0.6870838881491345
1,0.0,-0.8961876014121508,-2.6304746627501343,0.6864181091877497
1,0.0,-1.502743059779455,0.6058870582092722,0.6857523302263648
1,0.0,-0.8961876014121508,-1.1367692530765623,0.6850865512649801
1,0.0,0.7212936209006604,-0.3899165482397758,0.6844207723035952
1,0.0,2.1365896904243704,0.8548379598215345,0.6837549933422103
1,0.0,0.3169233153224576,1.6016906646583202,0.6830892143808256
1,0.0,0.7212936209006604,-1.1367692530765623,0.6824234354194407
1,0.0,-0.18853956665029592,0.8548379598215345,0.681757656458056
1,0.0,1.1256639264788633,0.8548379598215345,0.6810918774966711
1,0.0,-0.0874469902557452,-0.3899165482397758,0.6804260985352862
1,0.0,-0.8961876014121508,0.6058870582092722,0.6797603195739015
1,0.0,-1.8060207889631072,-0.14096564662751349,0.6790945406125166
1,0.0,0.519108468111559,-0.3899165482397758,0.6784287616511319
1,0.0,0.3169233153224576,0.10798525498474768,0.677762982689747
1,0.0,0.9234787736897618,0.6058870582092722,0.6770972037283621
1,0.0,-0.491817295833948,-0.3899165482397758,0.6764314247669774
1,0.0,0.519108468111559,0.10798525498474768,0.6757656458055925
1,0.0,-1.3005579069903537,-0.14096564662751349,0.6750998668442078
1,0.0,1.9344045376352692,1.1037888614337967,0.6744340878828229
1,0.0,0.3169233153224576,0.35693615659700995,0.6737683089214381
1,0.0,-1.0983727542012522,1.8506415662705824,0.6731025299600533
1,0.0,-0.491817295833948,-1.1367692530765623,0.6724367509986684
1,0.0,0.2158307389279069,-1.1367692530765623,0.6717709720372836
1,0.0,-0.0874469902557452,1.1037888614337967,0.6711051930758988
1,0.0,-0.491817295833948,-2.6304746627501343,0.670439414114514
1,0.0,-0.28963214304484663,-0.8878183514643003,0.6697736351531292
1,0.0,-2.109298518146759,-0.14096564662751349,0.6691078561917443
1,0.0,-1.0983727542012522,0.35693615659700995,0.6684420772303595
1,0.0,-0.0874469902557452,-0.6388674498520379,0.6677762982689747
1,0.0,-0.0874469902557452,-0.3899165482397758,0.6671105193075899
1,0.0,-0.28963214304484663,-0.14096564662751349,0.666444740346205
1,0.0,-0.18853956665029592,-0.6388674498520379,0.6657789613848203
1,0.0,2.1365896904243704,-1.1367692530765623,0.6651131824234354
1,0.0,-0.6940024486230495,-0.8878183514643003,0.6644474034620506
1,0.0,0.9234787736897618,0.10798525498474768,0.6637816245006658
1,0.0,-0.8961876014121508,0.35693615659700995,0.6631158455392809
1,0.0,-0.0874469902557452,-0.8878183514643003,0.6624500665778962
1,0.0,-0.28963214304484663,0.10798525498474768,0.6617842876165113
1,0.0,0.9234787736897618,1.6016906646583202,0.6611185086551264
1,0.0,0.9234787736897618,0.35693615659700995,0.6604527296937417
1,0.0,-0.6940024486230495,1.1037888614337967,0.6597869507323568
1,0.0,1.9344045376352692,0.8548379598215345,0.6591211717709721
1,0.0,0.1147381625333562,1.8506415662705824,0.6584553928095872
1,0.0,-0.8961876014121508,-0.3899165482397758,0.6577896138482024
1,0.0,1.530034232057066,-0.6388674498520379,0.6571238348868176
1,0.0,-0.28963214304484663,0.10798525498474768,0.6564580559254327
1,0.0,-0.6940024486230495,-1.1367692530765623,0.655792276964048
1,0.0,0.013645586138805496,-0.14096564662751349,0.6551264980026631
1,0.0,-1.199465330595803,0.6058870582092722,0.6544607190412783
1,0.0,0.9234787736897618,-0.3899165482397758,0.6537949400798935
1,0.0,0.7212936209006604,-1.8836219579133484,0.6531291611185086
1,0.0,0.519108468111559,-2.381523761137873,0.6524633821571239
1,0.0,0.7212936209006604,1.6016906646583202,0.651797603195739
1,0.0,0.3169233153224576,-0.6388674498520379,0.6511318242343542
1,0.0,-0.0874469902557452,-0.8878183514643003,0.6504660452729694
1,0.0,-0.0874469902557452,0.8548379598215345,0.6498002663115846
1,0.0,0.3169233153224576,0.10798525498474768,0.6491344873501997
1,0.0,0.7212936209006604,0.6058870582092722,0.6484687083888149
1,0.0,0.1147381625333562,0.10798525498474768,0.6478029294274301
1,0.0,1.3278490792679647,-0.14096564662751349,0.6471371504660453
1,0.0,-0.28963214304484663,-0.6388674498520379,0.6464713715046605
1,0.0,1.3278490792679647,1.1037888614337967,0.6458055925432756
1,0.0,2.1365896904243704,0.6058870582092722,0.6451398135818908
1,0.0,0.3169233153224576,-0.3899165482397758,0.644474034620506
1,0.0,-0.8961876014121508,1.1037888614337967,0.6438082556591211
1,0.0,0.3169233153224576,-1.3857201546888238,0.6431424766977364
1,0.0,0.519108468111559,-0.14096564662751349,0.6424766977363515
1,0.0,1.530034232057066,-0.6388674498520379,0.6418109187749668
1,0.0,-0.491817295833948,-2.381523761137873,0.6411451398135819
1,0.0,1.1256639264788633,-1.3857201546888238,0.640479360852197
1,0.0,0.7212936209006604,-0.3899165482397758,0.6398135818908123
1,0.0,2.1365896904243704,-2.132572859525611,0.6391478029294274
1,0.0,-0.8961876014121508,0.6058870582092722,0.6384820239680427
1,0.0,0.519108468111559,0.6058870582092722,0.6378162450066578
1,0.0,1.7322193848461676,1.1037888614337967,0.6371504660452729
1,0.0,1.7322193848461676,1.8506415662705824,0.6364846870838882
1,0.0,0.3169233153224576,-0.3899165482397758,0.6358189081225033
1,0.0,-1.3005579069903537,-0.3899165482397758,0.6351531291611185
1,0.0,0.3169233153224576,0.10798525498474768,0.6344873501997337
1,0.0,-0.28963214304484663,-0.8878183514643003,0.6338215712383488
1,0.0,-1.199465330595803,-0.14096564662751349,0.6331557922769641
1,0.0,-1.7049282125685563,-1.8836219579133484,0.6324900133155792
1,0.0,0.3169233153224576,-0.14096564662751349,0.6318242343541944
1,0.0,-1.502743059779455,-0.8878183514643003,0.6311584553928096
1,0.0,-0.0874469902557452,0.10798525498474768,0.6304926764314248
1,0.0,0.519108468111559,-0.14096564662751349,0.62982689747004
1,0.0,-0.28963214304484663,1.8506415662705824,0.6291611185086551
1,0.0,-0.6940024486230495,0.6058870582092722,0.6284953395472703
1,0.0,0.519108468111559,-0.6388674498520379,0.6278295605858855
1,0.0,0.3169233153224576,0.35693615659700995,0.6271637816245007
1,0.0,1.3278490792679647,0.8548379598215345,0.6264980026631158
1,0.0,0.519108468111559,-0.8878183514643003,0.625832223701731
1,0.0,-1.502743059779455,-0.3899165482397758,0.6251664447403462
1,0.0,0.9234787736897618,1.3527397630460578,0.6245006657789614
1,0.0,0.1147381625333562,0.8548379598215345,0.6238348868175766
1,0.0,-0.491817295833948,-0.6388674498520379,0.6231691078561917
1,0.0,1.3278490792679647,0.10798525498474768,0.622503328894807
1,0.0,0.9234787736897618,-0.6388674498520379,0.6218375499334221
1,0.0,-0.6940024486230495,-1.1367692530765623,0.6211717709720372
1,0.0,0.1147381625333562,1.1037888614337967,0.6205059920106525
1,0.0,0.7212936209006604,1.6016906646583202,0.6198402130492676
1,0.0,0.3169233153224576,-1.634671056301086,0.6191744340878829
1,0.0,0.3169233153224576,-0.8878183514643003,0.618508655126498
1,0.0,-1.3005579069903537,0.8548379598215345,0.6178428761651131
1,0.0,0.3169233153224576,-2.381523761137873,0.6171770972037284
1,0.0,-0.9568431472488806,-0.6388674498520379,0.6165113182423435
1,0.0,0.9234787736897618,-0.8878183514643003,0.6158455392809588
1,0.0,-0.7950950250176001,0.6058870582092722,0.6151797603195739
1,0.0,0.519108468111559,0.10798525498474768,0.6145139813581891
1,0.0,-1.9071133653576582,-0.6388674498520379,0.6138482023968043
1,0.0,0.9234787736897618,-0.3899165482397758,0.6131824234354194
1,0.0,0.9234787736897618,-1.634671056301086,0.6125166444740346
1,0.0,1.7322193848461676,-0.3899165482397758,0.6118508655126498
1,0.0,-1.9071133653576582,-0.3899165482397758,0.611185086551265
1,0.0,0.3169233153224576,-0.8878183514643003,0.6105193075898802
1,0.0,1.1256639264788633,-0.6388674498520379,0.6098535286284953
1,0.0,0.1147381625333562,-0.6388674498520379,0.6091877496671105
1,0.0,-1.0983727542012522,-2.381523761137873,0.6085219707057257
1,0.0,0.7212936209006604,-1.634671056301086,0.6078561917443409
1,0.0,0.3169233153224576,-0.6388674498520379,0.607190412782956
1,0.0,1.9344045376352692,0.6058870582092722,0.6065246338215713
1,0.0,-0.6940024486230495,1.8506415662705824,0.6058588548601864
1,0.0,0.3169233153224576,1.8506415662705824,0.6051930758988016
1,0.0,-1.502743059779455,0.10798525498474768,0.6045272969374168
1,0.0,-1.0983727542012522,0.6058870582092722,0.6038615179760319
1,0.0,2.1365896904243704,1.3527397630460578,0.6031957390146472
1,0.0,-0.0874469902557452,0.35693615659700995,0.6025299600532623
1,0.0,-0.0874469902557452,-2.132572859525611,0.6018641810918774
1,0.0,-0.28963214304484663,-0.3899165482397758,0.6011984021304927
1,0.0,-1.0983727542012522,0.35693615659700995,0.6005326231691078
1,0.0,-0.28963214304484663,0.35693615659700995,0.5998668442077231
1,0.0,-1.7049282125685563,0.8548379598215345,0.5992010652463382
1,0.0,-1.3005579069903537,0.35693615659700995,0.5985352862849534
1,0.0,-0.28963214304484663,-0.14096564662751349,0.5978695073235686
1,0.0,-0.28963214304484663,-0.3899165482397758,0.5972037283621837
1,0.0,0.3169233153224576,-0.14096564662751349,0.596537949400799
1,0.0,-0.8961876014121508,-1.1367692530765623,0.5958721704394141
1,0.0,0.3169233153224576,0.6058870582092722,0.5952063914780293
1,0.0,-1.7049282125685563,0.8548379598215345,0.5945406125166445
1,0.0,0.1147381625333562,-0.14096564662751349,0.5938748335552596
1,0.0,-1.0983727542012522,-0.14096564662751349,0.5932090545938749
1,0.0,1.530034232057066,-0.6388674498520379,0.59254327563249
1,0.0,1.1256639264788633,1.6016906646583202,0.5918774966711052
1,0.0,0.3169233153224576,-0.3899165482397758,0.5912117177097204
1,0.0,-0.0874469902557452,-0.6388674498520379,0.5905459387483355
1,0.0,0.3169233153224576,0.35693615659700995,0.5898801597869507
1,0.0,0.9234787736897618,0.10798525498474768,0.5892143808255659
1,0.0,-0.491817295833948,0.35693615659700995,0.5885486018641811
1,0.0,0.9234787736897618,0.6058870582092722,0.5878828229027963
1,0.0,0.3169233153224576,-2.6304746627501343,0.5872170439414115
1,0.0,0.3169233153224576,0.10798525498474768,0.5865512649800266
1,0.0,-0.28963214304484663,0.35693615659700995,0.5858854860186418
1,0.0,-0.6940024486230495,0.6058870582092722,0.585219707057257
1,0.0,0.9234787736897618,-1.634671056301086,0.5845539280958721
1,0.0,-1.502743059779455,1.6016906646583202,0.5838881491344874
1,0.0,-0.28963214304484663,0.10798525498474768,0.5832223701731025
1,0.0,0.3169233153224576,1.3527397630460578,0.5825565912117177
1,0.0,1.3278490792679647,0.8548379598215345,0.5818908122503329
1,0.0,-1.0983727542012522,0.8548379598215345,0.581225033288948
1,0.0,-1.502743059779455,0.8548379598215345,0.5805592543275633
1,0.0,2.1365896904243704,-0.8878183514643003,0.5798934753661784
1,0.0,0.1147381625333562,0.8548379598215345,0.5792276964047937
1,0.0,0.9234787736897618,-0.6388674498520379,0.5785619174434088
1,0.0,-0.491817295833948,1.8506415662705824,0.5778961384820239
1,0.0,0.3169233153224576,-0.6388674498520379,0.5772303595206392
1,0.0,-1.4016504833849044,-1.3857201546888238,0.5765645805592543
1,0.0,-0.28963214304484663,-0.14096564662751349,0.5758988015978695
1,0.0,1.530034232057066,-0.14096564662751349,0.5752330226364847
1,0.0,0.3169233153224576,-1.1367692530765623,0.5745672436750998
1,0.0,0.3169233153224576,-0.14096564662751349,0.5739014647137151
1,0.0,-0.6940024486230495,-0.3899165482397758,0.5732356857523302
1,0.0,-0.491817295833948,-0.14096564662751349,0.5725699067909454
1,0.0,-0.491817295833948,-0.14096564662751349,0.5719041278295606
1,0.0,0.9234787736897618,1.6016906646583202,0.5712383488681758
1,0.0,-0.6940024486230495,-0.8878183514643003,0.570572569906791
1,0.0,-1.7655837584052871,-0.6388674498520379,0.5699067909454061
1,0.0,0.3169233153224576,0.35693615659700995,0.5692410119840213
1,0.0,1.3278490792679647,1.6016906646583202,0.5685752330226365
1,0.0,-0.491817295833948,-0.6388674498520379,0.5679094540612517
1,0.0,-0.6940024486230495,0.6058870582092722,0.5672436750998668
1,0.0,-1.0983727542012522,-0.3899165482397758,0.566577896138482
1,0.0,0.7212936209006604,-0.6388674498520379,0.5659121171770972
1,0.0,-0.28963214304484663,-0.3899165482397758,0.5652463382157124
1,0.0,-0.6940024486230495,-0.8878183514643003,0.5645805592543276
1,0.0,0.519108468111559,-1.3857201546888238,0.5639147802929427
1,0.0,-0.28963214304484663,-1.1367692530765623,0.563249001331558
1,0.0,-0.28963214304484663,-0.8878183514643003,0.5625832223701731
1,0.0,0.3169233153224576,0.35693615659700995,0.5619174434087882
1,0.0,0.9234787736897618,-1.3857201546888238,0.5612516644474035
1,0.0,0.1147381625333562,0.10798525498474768,0.5605858854860186
1,0.0,1.1256639264788633,-1.8836219579133484,0.5599201065246339
1,0.0,1.3278490792679647,-2.8794255643623963,0.559254327563249
1,0.0,-0.28963214304484663,0.6058870582092722,0.5585885486018641
1,0.0,-0.8961876014121508,-0.14096564662751349,0.5579227696404794
1,0.0,0.3169233153224576,-3.3773273675869215,0.5572569906790945
1,0.0,-0.491817295833948,-0.14096564662751349,0.5565912117177098
1,0.0,0.1147381625333562,0.8548379598215345,0.5559254327563249
1,0.0,0.1147381625333562,0.35693615659700995,0.5552596537949401
1,0.0,-0.6940024486230495,0.6058870582092722,0.5545938748335553
1,0.0,0.7212936209006604,0.10798525498474768,0.5539280958721704
1,0.0,0.7212936209006604,-1.634671056301086,0.5532623169107856
1,0.0,-1.0983727542012522,1.8506415662705824,0.5525965379494008
1,0.0,0.519108468111559,-0.6388674498520379,0.551930758988016
1,0.0,1.530034232057066,0.6058870582092722,0.5512649800266312
1,0.0,0.519108468111559,-0.3899165482397758,0.5505992010652463
1,0.0,-0.28963214304484663,0.8548379598215345,0.5499334221038615
1,0.0,-0.8961876014121508,0.10798525498474768,0.5492676431424767
1,0.0,-0.491817295833948,1.3527397630460578,0.5486018641810919
1,0.0,-0.0874469902557452,0.35693615659700995,0.547936085219707
1,0.0,0.9234787736897618,0.8548379598215345,0.5472703062583223
1,0.0,-2.3114836709358606,0.8548379598215345,0.5466045272969374
1,0.0,0.7212936209006604,-0.14096564662751349,0.5459387483355526
1,0.0,0.519108468111559,-1.634671056301086,0.5452729693741678
1,0.0,-0.6940024486230495,0.8548379598215345,0.5446071904127829
1,0.0,-1.0983727542012522,-0.14096564662751349,0.5439414114513982
1,0.0,-1.7049282125685563,-0.8878183514643003,0.5432756324900133
1,0.0,-0.28963214304484663,-0.8878183514643003,0.5426098535286284
1,0.0,-0.28963214304484663,0.35693615659700995,0.5419440745672437
1,0.0,0.7212936209006604,1.1037888614337967,0.5412782956058588
1,0.0,-0.7950950250176001,1.1037888614337967,0.5406125166444741
1,0.0,0.7212936209006604,-0.14096564662751349,0.5399467376830892
1,0.0,1.9344045376352692,1.6016906646583202,0.5392809587217043
1,0.0,-1.502743059779455,0.8548379598215345,0.5386151797603196
1,0.0,1.530034232057066,-0.14096564662751349,0.5379494007989347
1,0.0,0.3169233153224576,-0.6388674498520379,0.53728362183755
1,0.0,-0.8961876014121508,0.8548379598215345,0.5366178428761651
1,0.0,-0.28963214304484663,0.35693615659700995,0.5359520639147803
1,0.0,0.1147381625333562,-0.3899165482397758,0.5352862849533955
1,0.0,0.013645586138805496,-1.634671056301086,0.5346205059920106
1,0.0,1.3278490792679647,1.1037888614337967,0.5339547270306259
1,0.0,-1.0983727542012522,-1.634671056301086,0.533288948069241
1,0.0,-1.6442726667318261,-1.8836219579133484,0.5326231691078562
1,0.0,0.7212936209006604,0.10798525498474768,0.5319573901464714
1,0.0,-1.0983727542012522,-0.14096564662751349,0.5312916111850865
1,0.0,0.3169233153224576,-0.14096564662751349,0.5306258322237017
1,0.0,-0.28963214304484663,-0.3899165482397758,0.5299600532623169
1,0.0,0.9234787736897618,-0.8878183514643003,0.5292942743009321
1,0.0,1.3278490792679647,-0.3899165482397758,0.5286284953395473
1,0.0,0.519108468111559,0.8548379598215345,0.5279627163781625
1,0.0,-1.7049282125685563,0.10798525498474768,0.5272969374167776
1,0.0,-0.0874469902557452,0.8548379598215345,0.5266311584553928
1,0.0,-0.8961876014121508,0.6058870582092722,0.525965379494008
1,0.0,1.1256639264788633,0.8548379598215345,0.5252996005326231
1,0.0,-1.0983727542012522,0.8548379598215345,0.5246338215712384
1,0.0,0.519108468111559,-0.14096564662751349,0.5239680426098535
1,0.0,-2.513668823724962,-1.634671056301086,0.5233022636484687
1,0.0,-0.0874469902557452,0.8548379598215345,0.5226364846870839
1,0.0,0.1147381625333562,0.8548379598215345,0.521970705725699
1,0.0,-0.0874469902557452,-0.3899165482397758,0.5213049267643143
1,0.0,0.2158307389279069,0.8548379598215345,0.5206391478029294
1,0.0,1.1256639264788633,0.35693615659700995,0.5199733688415447
1,0.0,-0.0874469902557452,1.1037888614337967,0.5193075898801598
1,0.0,0.7212936209006604,0.6058870582092722,0.5186418109187749
1,0.0,-0.491817295833948,-0.3899165482397758,0.5179760319573902
1,0.0,1.9344045376352692,1.3527397630460578,0.5173102529960053
1,0.0,0.1147381625333562,-1.1367692530765623,0.5166444740346205
1,0.0,-2.0082059417522085,-0.3899165482397758,0.5159786950732357
1,0.0,0.9234787736897618,1.3527397630460578,0.5153129161118508
1,0.0,-1.3005579069903537,-0.14096564662751349,0.5146471371504661
1,0.0,1.1256639264788633,0.6058870582092722,0.5139813581890812
1,0.0,-0.28963214304484663,-0.3899165482397758,0.5133155792276964
1,0.0,0.3169233153224576,-1.8836219579133484,0.5126498002663116
1,0.0,0.519108468111559,0.10798525498474768,0.5119840213049268
1,0.0,-2.21039109454131,1.3527397630460578,0.511318242343542
1,0.0,-0.8961876014121508,0.10798525498474768,0.5106524633821571
1,0.0,0.3169233153224576,-0.6388674498520379,0.5099866844207723
1,0.0,0.9234787736897618,-0.8878183514643003,0.5093209054593875
1,0.0,-0.0874469902557452,0.35693615659700995,0.5086551264980027
1,0.0,0.519108468111559,0.8548379598215345,0.5079893475366178
1,0.0,0.3169233153224576,1.1037888614337967,0.507323568575233
1,0.0,-0.4311617499972182,0.10798525498474768,0.5066577896138482
1,0.0,1.3278490792679647,1.1037888614337967,0.5059920106524634
1,0.0,0.7212936209006604,-0.6388674498520379,0.5053262316910786
1,0.0,0.1147381625333562,0.10798525498474768,0.5046604527296937
1,0.0,-0.6940024486230495,0.10798525498474768,0.503994673768309
1,0.0,-0.39072471943939735,0.10798525498474768,0.5033288948069241
1,0.0,-0.0874469902557452,0.35693615659700995,0.5026631158455392
1,0.0,2.1365896904243704,0.35693615659700995,0.5019973368841545
1,0.0,-0.9972801778067016,-0.3899165482397758,0.5013315579227696
1,0.0,0.3169233153224576,-0.14096564662751349,0.5006657789613849
1,0.0,1.1256639264788633,-1.634671056301086,0.5
1,0.0,1.530034232057066,1.3527397630460578,0.4993342210386152
1,0.0,2.1365896904243704,-1.1367692530765623,0.4986684420772304
1,0.0,0.1147381625333562,0.6058870582092722,0.4980026631158455
1,0.0,0.3169233153224576,-1.1367692530765623,0.4973368841544607
1,0.0,-0.491817295833948,0.35693615659700995,0.4966711051930759
1,0.0,-0.491817295833948,0.6058870582092722,0.4960053262316911
1,0.0,-0.0874469902557452,-0.3899165482397758,0.49533954727030627
1,0.0,0.9234787736897618,0.6058870582092722,0.49467376830892146
1,0.0,1.7322193848461676,-1.3857201546888238,0.4940079893475366
1,0.0,-0.491817295833948,-0.14096564662751349,0.4933422103861518
1,0.0,0.519108468111559,0.8548379598215345,0.49267643142476697
1,0.0,1.530034232057066,-0.14096564662751349,0.49201065246338216
1,0.0,1.530034232057066,0.8548379598215345,0.49134487350199735
1,0.0,0.1147381625333562,1.1037888614337967,0.49067909454061254
1,0.0,-0.7950950250176001,-1.634671056301086,0.49001331557922767
1,0.0,-0.0874469902557452,-1.1367692530765623,0.48934753661784286
1,0.0,-0.8961876014121508,0.8548379598215345,0.48868175765645805
1,0.0,-0.491817295833948,-0.8878183514643003,0.48801597869507324
1,0.0,1.3278490792679647,-0.14096564662751349,0.4873501997336884
1,0.0,-0.491817295833948,-1.3857201546888238,0.4866844207723036
1,0.0,-1.9071133653576582,0.6058870582092722,0.48601864181091875
1,0.0,-0.0874469902557452,-0.14096564662751349,0.48535286284953394
1,0.0,0.3169233153224576,0.10798525498474768,0.48468708388814913
1,0.0,1.3278490792679647,0.10798525498474768,0.4840213049267643
1,0.0,0.9234787736897618,-0.6388674498520379,0.4833555259653795
1,0.0,0.519108468111559,0.10798525498474768,0.4826897470039947
1,0.0,0.7212936209006604,-1.1367692530765623,0.48202396804260983
1,0.0,1.1256639264788633,0.10798525498474768,0.481358189081225
1,0.0,0.7212936209006604,1.1037888614337967,0.4806924101198402
1,0.0,-0.7950950250176001,0.10798525498474768,0.4800266311584554
1,0.0,-0.0874469902557452,1.6016906646583202,0.4793608521970706
1,0.0,0.7212936209006604,0.10798525498474768,0.4786950732356858
1,0.0,-0.6940024486230495,-0.14096564662751349,0.4780292942743009
1,0.0,-1.502743059779455,-0.3899165482397758,0.4773635153129161
1,0.0,-3.221316858486817,0.10798525498474768,0.4766977363515313
1,0.0,-0.0874469902557452,-1.1367692530765623,0.4760319573901465
1,0.0,1.9344045376352692,0.6058870582092722,0.47536617842876167
1,0.0,0.1147381625333562,-0.6388674498520379,0.47470039946737685
1,0.0,0.519108468111559,0.10798525498474768,0.474034620505992
1,0.0,0.519108468111559,0.6058870582092722,0.4733688415446072
1,0.0,-0.0874469902557452,-1.8836219579133484,0.47270306258322237
1,0.0,0.7212936209006604,1.3527397630460578,0.47203728362183756
1,0.0,-0.8961876014121508,-0.3899165482397758,0.47137150466045274
1,0.0,-0.28963214304484663,1.3527397630460578,0.47070572569906793
1,0.0,-0.9972801778067016,0.6058870582092722,0.47003994673768307
1,0.0,-0.491817295833948,-0.6388674498520379,0.46937416777629826
1,0.0,2.1365896904243704,-1.1367692530765623,0.46870838881491345
1,0.0,-0.8961876014121508,0.10798525498474768,0.46804260985352863
1,0.0,0.7212936209006604,-0.6388674498520379,0.4673768308921438
1,0.0,-0.28963214304484663,1.1037888614337967,0.466711051930759
1,0.0,-0.6940024486230495,0.6058870582092722,0.46604527296937415
1,0.0,-1.0983727542012522,-0.3899165482397758,0.46537949400798934
1,0.0,1.3278490792679647,0.35693615659700995,0.4647137150466045
1,0.0,-0.8961876014121508,-0.3899165482397758,0.4640479360852197
1,0.0,0.7212936209006604,-2.381523761137873,0.4633821571238349
1,0.0,-1.199465330595803,-1.1367692530765623,0.4627163781624501
1,0.0,-1.3005579069903537,-1.634671056301086,0.4620505992010652
1,0.0,0.519108468111559,0.35693615659700995,0.4613848202396804
1,0.0,-0.8961876014121508,0.6058870582092722,0.4607190412782956
1,0.0,0.1147381625333562,1.1037888614337967,0.4600532623169108
1,0.0,0.7212936209006604,-1.1367692530765623,0.459387483355526
1,0.0,0.9234787736897618,1.8506415662705824,0.45872170439414117
1,0.0,-0.0874469902557452,-1.3857201546888238,0.4580559254327563
1,0.0,-1.502743059779455,0.6058870582092722,0.4573901464713715
1,0.0,-0.6940024486230495,-0.14096564662751349,0.4567243675099867
1,0.0,0.519108468111559,-1.8836219579133484,0.4560585885486019
1,0.0,-0.8961876014121508,0.35693615659700995,0.45539280958721706
1,0.0,-1.0983727542012522,1.1037888614337967,0.45472703062583225
1,0.0,-1.0983727542012522,0.35693615659700995,0.4540612516644474
1,0.0,-1.6038356361740058,-2.6304746627501343,0.4533954727030626
1,0.0,-0.6940024486230495,0.35693615659700995,0.45272969374167776
1,0.0,-0.491817295833948,0.8548379598215345,0.45206391478029295
1,0.0,0.519108468111559,1.3527397630460578,0.45139813581890814
1,0.0,0.9234787736897618,0.10798525498474768,0.4507323568575233
1,0.0,-0.0874469902557452,0.35693615659700995,0.45006657789613846
1,0.0,-0.8961876014121508,-0.6388674498520379,0.44940079893475365
1,0.0,0.519108468111559,1.1037888614337967,0.44873501997336884
1,0.0,0.1147381625333562,0.35693615659700995,0.44806924101198403
1,0.0,0.519108468111559,1.1037888614337967,0.4474034620505992
1,0.0,-0.0874469902557452,-0.8878183514643003,0.44673768308921435
1,0.0,-0.6940024486230495,0.35693615659700995,0.44607190412782954
1,0.0,1.3278490792679647,-0.14096564662751349,0.44540612516644473
1,0.0,-0.0874469902557452,-0.14096564662751349,0.4447403462050599
1,0.0,-0.0874469902557452,0.35693615659700995,0.4440745672436751
1,0.0,-0.28963214304484663,-1.8836219579133484,0.4434087882822903
1,0.0,-1.3005579069903537,1.8506415662705824,0.44274300932090543
1,0.0,-0.8961876014121508,-1.1367692530765623,0.4420772303595206
1,0.0,-0.6940024486230495,-2.381523761137873,0.4414114513981358
1,0.0,1.3278490792679647,-0.14096564662751349,0.440745672436751
1,0.0,1.1256639264788633,-0.8878183514643003,0.4400798934753662
1,0.0,0.3169233153224576,-0.3899165482397758,0.4394141145139814
1,0.0,-1.9071133653576582,-0.14096564662751349,0.4387483355525965
1,0.0,1.530034232057066,-1.634671056301086,0.4380825565912117
1,0.0,1.530034232057066,-0.3899165482397758,0.4374167776298269
1,0.0,0.7212936209006604,0.10798525498474768,0.4367509986684421
1,0.0,1.1256639264788633,0.8548379598215345,0.43608521970705727
1,0.0,0.519108468111559,1.6016906646583202,0.43541944074567246
1,0.0,0.1147381625333562,-0.14096564662751349,0.4347536617842876
1,0.0,0.3169233153224576,0.8548379598215345,0.4340878828229028
1,0.0,1.3278490792679647,-1.1367692530765623,0.43342210386151797
1,0.0,-0.39072471943939735,-2.8794255643623963,0.43275632490013316
1,0.0,-0.6940024486230495,0.6058870582092722,0.43209054593874835
1,0.0,0.7212936209006604,0.8548379598215345,0.43142476697736354
1,0.0,1.3278490792679647,-0.3899165482397758,0.43075898801597867
1,0.0,0.7212936209006604,0.10798525498474768,0.43009320905459386
1,0.0,-0.0874469902557452,-0.3899165482397758,0.42942743009320905
1,0.0,0.1147381625333562,1.6016906646583202,0.42876165113182424
1,0.0,0.519108468111559,-1.1367692530765623,0.42809587217043943
1,0.0,-0.6940024486230495,-0.3899165482397758,0.4274300932090546
1,0.0,0.7212936209006604,1.3527397630460578,0.42676431424766975
1,0.0,-0.8961876014121508,-0.8878183514643003,0.42609853528628494
1,0.0,-0.8961876014121508,0.10798525498474768,0.42543275632490013
1,0.0,-1.3005579069903537,-1.634671056301086,0.4247669773635153
1,0.0,-0.491817295833948,-0.3899165482397758,0.4241011984021305
1,0.0,0.9234787736897618,0.10798525498474768,0.4234354194407457
1,0.0,0.1147381625333562,0.6058870582092722,0.42276964047936083
1,0.0,-1.7049282125685563,0.10798525498474768,0.422103861517976
1,0.0,-0.28963214304484663,-1.8836219579133484,0.4214380825565912
1,0.0,-1.502743059779455,-2.132572859525611,0.4207723035952064
1,0.0,1.1256639264788633,1.3527397630460578,0.4201065246338216
1,0.0,-0.9972801778067016,-1.8836219579133484,0.4194407456724368
1,0.0,-0.491817295833948,-0.6388674498520379,0.4187749667110519
1,0.0,0.3169233153224576,0.6058870582092722,0.4181091877496671
1,0.0,-0.18853956665029592,-0.8878183514643003,0.4174434087882823
1,0.0,-1.3005579069903537,-1.8836219579133484,0.4167776298268975
1,0.0,-1.502743059779455,0.10798525498474768,0.41611185086551267
1,0.0,0.3169233153224576,0.10798525498474768,0.41544607190412786
1,0.0,0.7212936209006604,0.8548379598215345,0.414780292942743
1,0.0,0.519108468111559,0.35693615659700995,0.4141145139813582
1,0.0,-1.502743059779455,-2.381523761137873,0.41344873501997337
1,0.0,-0.8961876014121508,-2.132572859525611,0.41278295605858856
1,0.0,-0.6940024486230495,-0.6388674498520379,0.41211717709720375
1,0.0,1.3278490792679647,-0.3899165482397758,0.41145139813581894
1,0.0,-1.9071133653576582,-0.14096564662751349,0.41078561917443407
1,0.0,0.3169233153224576,0.8548379598215345,0.41011984021304926
1,0.0,-1.9071133653576582,1.1037888614337967,0.40945406125166445
1,0.0,0.3169233153224576,1.8506415662705824,0.40878828229027964
1,0.0,-0.9972801778067016,0.6058870582092722,0.4081225033288948
1,0.0,0.519108468111559,1.6016906646583202,0.40745672436750996
1,0.0,1.1256639264788633,1.6016906646583202,0.40679094540612515
1,0.0,-0.0874469902557452,-1.8836219579133484,0.40612516644474034
1,0.0,1.1256639264788633,0.35693615659700995,0.4054593874833555
1,0.0,0.1147381625333562,-0.6388674498520379,0.4047936085219707
1,0.0,-0.0874469902557452,0.6058870582092722,0.4041278295605859
1,0.0,0.2158307389279069,0.10798525498474768,0.40346205059920104
1,0.0,0.7212936209006604,-0.6388674498520379,0.40279627163781623
1,0.0,0.9234787736897618,0.6058870582092722,0.4021304926764314
1,0.0,-0.28963214304484663,1.1037888614337967,0.4014647137150466
1,0.0,0.9234787736897618,0.10798525498474768,0.4007989347536618
1,0.0,0.3169233153224576,-0.14096564662751349,0.400133155792277
1,0.0,-1.3005579069903537,-0.14096564662751349,0.3994673768308921
1,0.0,-0.28963214304484663,-1.1367692530765623,0.3988015978695073
1,0.0,-0.0874469902557452,0.35693615659700995,0.3981358189081225
1,0.0,-0.8961876014121508,0.35693615659700995,0.3974700399467377
1,0.0,-1.0983727542012522,-1.3857201546888238,0.3968042609853529
1,0.0,-0.8961876014121508,-1.3857201546888238,0.39613848202396806
1,0.0,-1.3005579069903537,0.8548379598215345,0.3954727030625832
1,0.0,-0.6940024486230495,-1.1367692530765623,0.3948069241011984
1,0.0,-1.0983727542012522,0.8548379598215345,0.3941411451398136
1,0.0,0.013645586138805496,0.10798525498474768,0.39347536617842876
1,0.0,-0.491817295833948,-0.3899165482397758,0.39280958721704395
1,0.0,-0.9972801778067016,-0.6388674498520379,0.39214380825565914
1,0.0,-0.8961876014121508,-0.14096564662751349,0.3914780292942743
1,0.0,-0.6940024486230495,0.35693615659700995,0.39081225033288947
1,0.0,0.519108468111559,-1.634671056301086,0.39014647137150466
1,0.0,-0.8961876014121508,0.8548379598215345,0.38948069241011984
1,0.0,-0.28963214304484663,-0.8878183514643003,0.38881491344873503
1,0.0,0.1147381625333562,-0.14096564662751349,0.3881491344873502
1,0.0,-0.28963214304484663,-0.14096564662751349,0.38748335552596536
1,0.0,-0.0874469902557452,-2.132572859525611,0.38681757656458055
1,0.0,0.519108468111559,1.1037888614337967,0.38615179760319573
1,0.0,-1.502743059779455,0.6058870582092722,0.3854860186418109
1,0.0,1.3278490792679647,-1.634671056301086,0.3848202396804261
1,0.0,-0.18853956665029592,-0.14096564662751349,0.3841544607190413
1,0.0,0.9234787736897618,1.6016906646583202,0.38348868175765644
1,0.0,-0.28963214304484663,1.1037888614337967,0.3828229027962716
1,0.0,0.519108468111559,0.6058870582092722,0.3821571238348868
1,0.0,0.519108468111559,-0.14096564662751349,0.381491344873502
1,0.0,0.3169233153224576,-0.6388674498520379,0.3808255659121172
1,0.0,0.519108468111559,-1.634671056301086,0.3801597869507324
1,0.0,-0.5929098722284988,0.10798525498474768,0.3794940079893475
1,0.0,-0.0874469902557452,0.6058870582092722,0.3788282290279627
1,0.0,0.1147381625333562,0.6058870582092722,0.3781624500665779
1,0.0,0.1147381625333562,0.6058870582092722,0.3774966711051931
1,0.0,0.9234787736897618,0.6058870582092722,0.37683089214380827
1,0.0,0.1147381625333562,-0.8878183514643003,0.37616511318242346
1,0.0,-1.3005579069903537,0.35693615659700995,0.3754993342210386
1,0.0,0.9234787736897618,-1.634671056301086,0.3748335552596538
1,0.0,-0.491817295833948,0.35693615659700995,0.374167776298269
1,0.0,0.3169233153224576,0.6058870582092722,0.37350199733688416
1,0.0,0.9234787736897618,-1.1367692530765623,0.37283621837549935
1,0.0,-2.4125762473304118,-1.3857201546888238,0.37217043941411454
1,0.0,-1.0983727542012522,-0.6388674498520379,0.3715046604527297
1,0.0,0.4180158917170083,0.8548379598215345,0.37083888149134486
1,0.0,0.013645586138805496,0.10798525498474768,0.37017310252996005
1,0.0,-0.39072471943939735,0.8548379598215345,0.36950732356857524
1,0.0,1.3278490792679647,-0.8878183514643003,0.36884154460719043
1,0.0,0.1147381625333562,-1.634671056301086,0.3681757656458056
1,0.0,-0.491817295833948,1.3527397630460578,0.36750998668442075
1,0.0,0.3169233153224576,0.10798525498474768,0.36684420772303594
1,0.0,-0.28963214304484663,-0.3899165482397758,0.36617842876165113
1,0.0,-0.28963214304484663,-0.6388674498520379,0.3655126498002663
1,0.0,-0.28963214304484663,0.6058870582092722,0.3648468708388815
1,0.0,-0.0874469902557452,-1.8836219579133484,0.3641810918774967
1,0.0,0.3169233153224576,1.3527397630460578,0.36351531291611183
1,0.0,-0.6940024486230495,-1.1367692530765623,0.362849533954727
1,0.0,-0.0874469902557452,1.3527397630460578,0.3621837549933422
1,0.0,0.519108468111559,-0.14096564662751349,0.3615179760319574
1,0.0,0.9234787736897618,0.6058870582092722,0.3608521970705726
1,0.0,0.7212936209006604,-0.6388674498520379,0.3601864181091877
1,0.0,-1.3005579069903537,-1.3857201546888238,0.3595206391478029
1,0.0,1.3278490792679647,-0.14096564662751349,0.3588548601864181
1,0.0,0.519108468111559,1.6016906646583202,0.3581890812250333
1,0.0,1.1256639264788633,1.1037888614337967,0.3575233022636485
1,0.0,1.530034232057066,0.8548379598215345,0.35685752330226367
1,0.0,-1.0983727542012522,0.10798525498474768,0.3561917443408788
1,0.0,-0.28963214304484663,-1.8836219579133484,0.355525965379494
1,0.0,-2.21039109454131,-1.1367692530765623,0.3548601864181092
1,0.0,0.519108468111559,-0.3899165482397758,0.35419440745672437
1,0.0,-0.491817295833948,0.8548379598215345,0.35352862849533956
1,0.0,0.9234787736897618,-2.132572859525611,0.35286284953395475
1,0.0,-0.8961876014121508,0.8548379598215345,0.3521970705725699
1,0.0,-0.28963214304484663,-0.14096564662751349,0.35153129161118507
1,0.0,0.3169233153224576,0.6058870582092722,0.35086551264980026
1,0.0,-0.491817295833948,-1.1367692530765623,0.35019973368841545
1,0.0,0.9234787736897618,-0.3899165482397758,0.34953395472703064
1,0.0,1.3278490792679647,1.1037888614337967,0.3488681757656458
1,0.0,-0.0874469902557452,-0.8878183514643003,0.34820239680426096
1,0.0,-0.0874469902557452,1.6016906646583202,0.34753661784287615
1,0.0,-0.491817295833948,-0.3899165482397758,0.34687083888149134
1,0.0,0.1147381625333562,-0.3899165482397758,0.34620505992010653
1,0.0,-0.0874469902557452,0.10798525498474768,0.3455392809587217
1,0.0,-1.4016504833849044,-0.14096564662751349,0.3448735019973369
1,0.0,0.1147381625333562,-0.14096564662751349,0.34420772303595204
1,0.0,0.9234787736897618,0.35693615659700995,0.34354194407456723
1,0.0,0.519108468111559,-1.1367692530765623,0.3428761651131824
1,0.0,-1.3005579069903537,-0.8878183514643003,0.3422103861517976
1,0.0,-0.7950950250176001,-1.1367692530765623,0.3415446071904128
1,0.0,-0.28963214304484663,0.10798525498474768,0.340878828229028
1,0.0,0.1147381625333562,-0.8878183514643003,0.3402130492676431
1,0.0,-0.28963214304484663,1.1037888614337967,0.3395472703062583
1,0.0,0.7212936209006604,-0.14096564662751349,0.3388814913448735
1,0.0,-1.199465330595803,-0.6388674498520379,0.3382157123834887
1,0.0,-0.6940024486230495,-2.381523761137873,0.3375499334221039
1,0.0,0.1147381625333562,-1.3857201546888238,0.33688415446071907
1,0.0,-0.0874469902557452,0.6058870582092722,0.3362183754993342
1,0.0,1.530034232057066,0.10798525498474768,0.3355525965379494
1,0.0,-0.28963214304484663,-0.14096564662751349,0.3348868175765646
1,0.0,1.530034232057066,0.35693615659700995,0.33422103861517977
1,0.0,0.519108468111559,-0.14096564662751349,0.33355525965379496
1,0.0,-0.28963214304484663,-0.14096564662751349,0.33288948069241014
1,0.0,0.3169233153224576,0.6058870582092722,0.3322237017310253
1,0.0,-0.5929098722284988,-0.3899165482397758,0.33155792276964047
1,0.0,-2.21039109454131,-0.3899165482397758,0.33089214380825566
1,0.0,2.1365896904243704,0.6058870582092722,0.33022636484687085
1,0.0,-1.7049282125685563,0.35693615659700995,0.32956058588548603
1,0.0,-0.6940024486230495,-0.14096564662751349,0.3288948069241012
1,0.0,0.3169233153224576,0.10798525498474768,0.32822902796271636
1,0.0,-0.491817295833948,-1.8836219579133484,0.32756324900133155
1,0.0,0.7212936209006604,1.8506415662705824,0.32689747003994674
1,0.0,1.1256639264788633,-1.8836219579133484,0.3262316910785619
1,0.0,-1.199465330595803,1.1037888614337967,0.3255659121171771
1,0.0,-1.3005579069903537,-0.14096564662751349,0.3249001331557923
1,0.0,-0.491817295833948,0.35693615659700995,0.32423435419440744
1,0.0,-0.491817295833948,0.35693615659700995,0.3235685752330226
1,0.0,-1.502743059779455,0.6058870582092722,0.3229027962716378
1,0.0,-1.3005579069903537,0.8548379598215345,0.322237017310253
1,0.0,-1.3005579069903537,-1.3857201546888238,0.3215712383488682
1,0.0,-0.0874469902557452,-2.6304746627501343,0.3209054593874834
1,0.0,0.1147381625333562,-1.3857201546888238,0.3202396804260985
1,0.0,-0.7950950250176001,0.35693615659700995,0.3195739014647137
1,0.0,0.9234787736897618,-0.3899165482397758,0.3189081225033289
1,0.0,0.9234787736897618,-0.8878183514643003,0.3182423435419441
1,0.0,-1.502743059779455,1.1037888614337967,0.3175765645805593
1,0.0,-0.491817295833948,0.8548379598215345,0.3169107856191744
1,0.0,0.9234787736897618,0.10798525498474768,0.3162450066577896
1,0.0,-0.491817295833948,1.1037888614337967,0.3155792276964048
1,0.0,1.530034232057066,1.1037888614337967,0.31491344873502
1,0.0,-0.18853956665029592,-2.381523761137873,0.31424766977363516
1,0.0,-0.6940024486230495,1.6016906646583202,0.31358189081225035
1,0.0,0.9234787736897618,-0.8878183514643003,0.3129161118508655
1,0.0,-0.28963214304484663,1.1037888614337967,0.3122503328894807
1,0.0,-1.3005579069903537,0.10798525498474768,0.31158455392809586
1,0.0,-1.502743059779455,-1.3857201546888238,0.31091877496671105
1,0.0,0.7212936209006604,-0.6388674498520379,0.31025299600532624
1,0.0,-0.39072471943939735,-1.8836219579133484,0.30958721704394143
1,0.0,1.3278490792679647,1.6016906646583202,0.30892143808255657
1,0.0,-0.6940024486230495,-0.3899165482397758,0.30825565912117175
1,0.0,0.1147381625333562,-0.3899165482397758,0.30758988015978694
1,0.0,-0.28963214304484663,0.10798525498474768,0.30692410119840213
1,0.0,-0.28963214304484663,0.35693615659700995,0.3062583222370173
1,0.0,-1.7049282125685563,1.1037888614337967,0.3055925432756325
1,0.0,-0.6940024486230495,0.6058870582092722,0.30492676431424764
1,0.0,0.7212936209006604,-1.8836219579133484,0.30426098535286283
1,0.0,-0.0874469902557452,0.35693615659700995,0.303595206391478
1,0.0,-2.3114836709358606,-0.14096564662751349,0.3029294274300932
1,0.0,1.7322193848461676,0.8548379598215345,0.3022636484687084
1,0.0,0.1147381625333562,0.6058870582092722,0.3015978695073236
1,0.0,0.9234787736897618,1.1037888614337967,0.3009320905459387
1,0.0,-0.28963214304484663,-1.8836219579133484,0.3002663115845539
1,0.0,0.7212936209006604,-2.132572859525611,0.2996005326231691
1,0.0,0.3169233153224576,0.10798525498474768,0.2989347536617843
1,0.0,-0.18853956665029592,0.8548379598215345,0.2982689747003995
1,0.0,-0.491817295833948,0.6058870582092722,0.29760319573901467
1,0.0,1.9344045376352692,1.1037888614337967,0.2969374167776298
1,0.0,-2.048642972310029,-0.3899165482397758,0.296271637816245
1,0.0,0.013645586138805496,-1.3857201546888238,0.2956058588548602
1,0.0,0.519108468111559,-0.6388674498520379,0.29494007989347537
1,0.0,-0.0874469902557452,-0.3899165482397758,0.29427430093209056
1,0.0,1.1256639264788633,0.8548379598215345,0.29360852197070575
1,0.0,0.1147381625333562,0.8548379598215345,0.2929427430093209
1,0.0,0.3169233153224576,-1.3857201546888238,0.29227696404793607
1,0.0,-1.9071133653576582,-0.3899165482397758,0.29161118508655126
1,0.0,1.530034232057066,1.3527397630460578,0.29094540612516645
1,0.0,0.519108468111559,-0.6388674498520379,0.29027962716378164
1,0.0,-0.0874469902557452,-1.1367692530765623,0.28961384820239683
1,0.0,0.9234787736897618,-0.3899165482397758,0.28894806924101196
1,0.0,0.1147381625333562,0.10798525498474768,0.28828229027962715
1,0.0,0.1147381625333562,0.35693615659700995,0.28761651131824234
1,0.0,-1.0983727542012522,-1.3857201546888238,0.28695073235685753
1,0.0,0.9234787736897618,0.35693615659700995,0.2862849533954727
1,0.0,0.1147381625333562,-1.634671056301086,0.2856191744340879
1,0.0,0.1147381625333562,0.6058870582092722,0.28495339547270304
1,0.0,-1.0983727542012522,-1.8836219579133484,0.28428761651131823
1,0.0,-0.8961876014121508,0.10798525498474768,0.2836218375499334
1,0.0,-0.0874469902557452,-0.14096564662751349,0.2829560585885486
1,0.0,-0.6940024486230495,-1.8836219579133484,0.2822902796271638
1,0.0,-0.6940024486230495,-1.1367692530765623,0.281624500665779
1,0.0,-1.3005579069903537,-0.3899165482397758,0.2809587217043941
1,0.0,-0.8961876014121508,1.6016906646583202,0.2802929427430093
1,0.0,-0.0874469902557452,-0.3899165482397758,0.2796271637816245
1,0.0,-0.0874469902557452,1.3527397630460578,0.2789613848202397
1,0.0,0.3169233153224576,-1.8836219579133484,0.2782956058588549
1,0.0,0.9234787736897618,0.6058870582092722,0.27762982689747007
1,0.0,-1.199465330595803,-1.1367692530765623,0.2769640479360852
1,0.0,-1.3005579069903537,0.8548379598215345,0.2762982689747004
1,0.0,-0.0874469902557452,0.35693615659700995,0.2756324900133156
1,0.0,0.7212936209006604,-1.8836219579133484,0.27496671105193077
1,0.0,-1.0983727542012522,-0.3899165482397758,0.27430093209054596
1,0.0,-0.0874469902557452,-1.1367692530765623,0.27363515312916115
1,0.0,0.519108468111559,-0.8878183514643003,0.2729693741677763
1,0.0,-1.502743059779455,-1.8836219579133484,0.27230359520639147
1,0.0,-1.0983727542012522,0.6058870582092722,0.27163781624500666
1,0.0,1.1256639264788633,0.8548379598215345,0.27097203728362185
1,0.0,-0.0874469902557452,-0.8878183514643003,0.27030625832223704
1,0.0,0.9234787736897618,-0.6388674498520379,0.26964047936085217
1,0.0,-0.8961876014121508,-0.8878183514643003,0.26897470039946736
1,0.0,-2.21039109454131,-0.8878183514643003,0.26830892143808255
1,0.0,0.3169233153224576,-0.14096564662751349,0.26764314247669774
1,0.0,-0.0874469902557452,1.3527397630460578,0.2669773635153129
1,0.0,-0.8961876014121508,-2.6304746627501343,0.2663115845539281
1,0.0,-0.0874469902557452,-1.1367692530765623,0.26564580559254325
1,0.0,0.3169233153224576,0.8548379598215345,0.26498002663115844
1,0.0,0.9234787736897618,0.8548379598215345,0.2643142476697736
1,0.0,-1.4016504833849044,1.1037888614337967,0.2636484687083888
1,0.0,0.9234787736897618,-0.14096564662751349,0.262982689747004
1,0.0,1.9344045376352692,-0.6388674498520379,0.2623169107856192
1,0.0,0.519108468111559,0.6058870582092722,0.26165113182423433
1,0.0,-0.6940024486230495,0.6058870582092722,0.2609853528628495
1,0.0,-0.0874469902557452,-0.6388674498520379,0.2603195739014647
1,0.0,0.1147381625333562,0.35693615659700995,0.2596537949400799
1,0.0,0.519108468111559,1.1037888614337967,0.2589880159786951
1,0.0,-0.8961876014121508,0.10798525498474768,0.2583222370173103
1,0.0,-0.7950950250176001,-2.8794255643623963,0.2576564580559254
1,0.0,-1.3005579069903537,0.10798525498474768,0.2569906790945406
1,0.0,-0.0874469902557452,-0.8878183514643003,0.2563249001331558
1,0.0,-1.3005579069903537,1.1037888614337967,0.255659121171771
1,0.0,-1.9071133653576582,0.35693615659700995,0.25499334221038616
1,0.0,0.1147381625333562,-1.634671056301086,0.25432756324900135
1,0.0,-0.8961876014121508,-0.3899165482397758,0.2536617842876165
1,0.0,-1.3005579069903537,0.6058870582092722,0.2529960053262317
1,0.0,0.1147381625333562,0.8548379598215345,0.25233022636484687
1,0.0,-0.8961876014121508,-1.634671056301086,0.25166444740346205
1,0.0,-1.8060207889631072,-0.3899165482397758,0.25099866844207724
1,0.0,0.1147381625333562,0.6058870582092722,0.25033288948069243
1,0.0,-0.8961876014121508,-0.6388674498520379,0.2496671105193076
1,0.0,-0.7950950250176001,-2.132572859525611,0.24900133155792276
1,0.0,0.519108468111559,0.10798525498474768,0.24833555259653795
1,0.0,-1.0983727542012522,-1.1367692530765623,0.24766977363515313
1,0.0,1.530034232057066,0.6058870582092722,0.2470039946737683
1,0.0,-0.8961876014121508,0.10798525498474768,0.24633821571238348
1,0.0,-0.8961876014121508,-0.14096564662751349,0.24567243675099867
1,0.0,1.7322193848461676,0.6058870582092722,0.24500665778961384
1,0.0,-0.28963214304484663,0.10798525498474768,0.24434087882822902
1,0.0,0.3169233153224576,-0.3899165482397758,0.2436750998668442
1,0.0,0.9234787736897618,-0.3899165482397758,0.24300932090545938
1,0.0,-0.28963214304484663,0.35693615659700995,0.24234354194407456
1,0.0,1.530034232057066,-0.8878183514643003,0.24167776298268975
1,0.0,-0.0874469902557452,0.8548379598215345,0.24101198402130491
1,0.0,1.9344045376352692,-0.6388674498520379,0.2403462050599201
1,0.0,0.1147381625333562,-1.1367692530765623,0.2396804260985353
1,0.0,0.3169233153224576,0.8548379598215345,0.23901464713715045
1,0.0,-0.0874469902557452,-0.14096564662751349,0.23834886817576564
1,0.0,1.9344045376352692,0.10798525498474768,0.23768308921438083
1,0.0,0.7212936209006604,-1.1367692530765623,0.237017310252996
1,0.0,0.519108468111559,-0.3899165482397758,0.23635153129161118
1,0.0,-0.28963214304484663,-1.1367692530765623,0.23568575233022637
1,0.0,0.1147381625333562,-2.132572859525611,0.23501997336884153
1,0.0,-0.8961876014121508,-1.1367692530765623,0.23435419440745672
1,0.0,-0.6940024486230495,-0.8878183514643003,0.2336884154460719
1,0.0,-0.0874469902557452,-0.14096564662751349,0.23302263648468707
1,0.0,-0.0874469902557452,-1.3857201546888238,0.23235685752330226
1,0.0,-0.491817295833948,0.8548379598215345,0.23169107856191745
1,0.0,-0.0874469902557452,-0.14096564662751349,0.2310252996005326
1,0.0,0.519108468111559,-0.6388674498520379,0.2303595206391478
1,0.0,0.9234787736897618,-1.8836219579133484,0.229693741677763
1,0.0,-0.491817295833948,0.10798525498474768,0.22902796271637815
1,0.0,-0.8961876014121508,-1.634671056301086,0.22836218375499334
1,0.0,-1.4420875139427245,-1.8836219579133484,0.22769640479360853
1,0.0,0.1147381625333562,0.8548379598215345,0.2270306258322237
1,0.0,0.519108468111559,1.8506415662705824,0.22636484687083888
1,0.0,-0.491817295833948,0.10798525498474768,0.22569906790945407
1,0.0,0.1147381625333562,0.8548379598215345,0.22503328894806923
1,0.0,-0.6940024486230495,-2.132572859525611,0.22436750998668442
1,0.0,-1.4016504833849044,0.35693615659700995,0.2237017310252996
1,0.0,-0.8961876014121508,-0.3899165482397758,0.22303595206391477
1,0.0,-1.7049282125685563,0.10798525498474768,0.22237017310252996
1,0.0,0.3169233153224576,0.10798525498474768,0.22170439414114515
1,0.0,-0.6940024486230495,-0.14096564662751349,0.2210386151797603
1,0.0,0.9234787736897618,-0.6388674498520379,0.2203728362183755
1,0.0,-0.0874469902557452,1.3527397630460578,0.2197070572569907
1,0.0,1.1256639264788633,-0.14096564662751349,0.21904127829560585
1,0.0,-1.3005579069903537,1.3527397630460578,0.21837549933422104
1,0.0,-0.5929098722284988,-0.3899165482397758,0.21770972037283623
1,0.0,-2.9786946751398955,-0.3899165482397758,0.2170439414114514
1,0.0,0.7212936209006604,0.10798525498474768,0.21637816245006658
1,0.0,0.519108468111559,-0.6388674498520379,0.21571238348868177
1,0.0,0.9234787736897618,-0.6388674498520379,0.21504660452729693
1,0.0,1.530034232057066,0.10798525498474768,0.21438082556591212
1,0.0,-0.8961876014121508,0.35693615659700995,0.2137150466045273
1,0.0,-0.8961876014121508,0.8548379598215345,0.21304926764314247
1,0.0,0.9234787736897618,-3.1283764659746587,0.21238348868175766
1,0.0,-0.6940024486230495,0.10798525498474768,0.21171770972037285
1,0.0,0.7212936209006604,0.6058870582092722,0.211051930758988
1,0.0,0.519108468111559,-0.8878183514643003,0.2103861517976032
1,0.0,-0.28963214304484663,-0.14096564662751349,0.2097203728362184
1,0.0,-0.28963214304484663,0.6058870582092722,0.20905459387483355
1,0.0,0.9234787736897618,1.3527397630460578,0.20838881491344874
1,0.0,0.1147381625333562,0.10798525498474768,0.20772303595206393
1,0.0,-1.0983727542012522,1.3527397630460578,0.2070572569906791
1,0.0,1.1256639264788633,0.35693615659700995,0.20639147802929428
1,0.0,1.3278490792679647,0.6058870582092722,0.20572569906790947
1,0.0,-0.6940024486230495,-0.8878183514643003,0.20505992010652463
1,0.0,-2.918039129303165,1.3527397630460578,0.20439414114513982
1,0.0,-0.28963214304484663,-0.8878183514643003,0.20372836218375498
1,0.0,0.519108468111559,1.1037888614337967,0.20306258322237017
1,0.0,1.3278490792679647,0.35693615659700995,0.20239680426098536
1,0.0,1.7322193848461676,0.6058870582092722,0.20173102529960052
1,0.0,-1.502743059779455,-1.3857201546888238,0.2010652463382157
1,0.0,-0.491817295833948,-0.8878183514643003,0.2003994673768309
1,0.0,0.7212936209006604,-1.8836219579133484,0.19973368841544606
1,0.0,0.1147381625333562,0.35693615659700995,0.19906790945406125
1,0.0,-1.502743059779455,-1.1367692530765623,0.19840213049267644
1,0.0,-0.9972801778067016,-0.6388674498520379,0.1977363515312916
1,0.0,0.1147381625333562,0.8548379598215345,0.1970705725699068
1,0.0,-0.6940024486230495,0.6058870582092722,0.19640479360852198
1,0.0,-0.0874469902557452,-2.381523761137873,0.19573901464713714
1,0.0,-0.6940024486230495,-0.6388674498520379,0.19507323568575233
1,0.0,0.9234787736897618,0.10798525498474768,0.19440745672436752
1,0.0,-0.491817295833948,-1.634671056301086,0.19374167776298268
1,0.0,-2.0082059417522085,-0.3899165482397758,0.19307589880159787
1,0.0,-2.7158539765140635,-1.634671056301086,0.19241011984021306
1,0.0,0.4180158917170083,-0.3899165482397758,0.19174434087882822
1,0.0,1.7322193848461676,0.6058870582092722,0.1910785619174434
1,0.0,-0.0874469902557452,-0.14096564662751349,0.1904127829560586
1,0.0,-0.491817295833948,1.1037888614337967,0.18974700399467376
1,0.0,-1.3005579069903537,0.35693615659700995,0.18908122503328895
1,0.0,-0.491817295833948,1.6016906646583202,0.18841544607190414
1,0.0,0.9234787736897618,-1.3857201546888238,0.1877496671105193
1,0.0,-0.491817295833948,-0.6388674498520379,0.1870838881491345
1,0.0,2.1365896904243704,1.1037888614337967,0.18641810918774968
1,0.0,-0.0874469902557452,0.35693615659700995,0.18575233022636484
1,0.0,0.7212936209006604,-1.3857201546888238,0.18508655126498003
1,0.0,1.3278490792679647,1.3527397630460578,0.18442077230359522
1,0.0,0.3169233153224576,-0.8878183514643003,0.18375499334221038
1,0.0,1.530034232057066,1.1037888614337967,0.18308921438082557
1,0.0,-0.28963214304484663,-0.6388674498520379,0.18242343541944075
1,0.0,-1.0983727542012522,-1.8836219579133484,0.18175765645805592
1,0.0,-0.491817295833948,0.8548379598215345,0.1810918774966711
1,0.0,-0.28963214304484663,-1.634671056301086,0.1804260985352863
1,0.0,-0.0874469902557452,0.10798525498474768,0.17976031957390146
1,0.0,0.9234787736897618,-0.3899165482397758,0.17909454061251665
1,0.0,-0.491817295833948,-1.3857201546888238,0.17842876165113183
1,0.0,-2.513668823724962,-1.634671056301086,0.177762982689747
1,0.0,-0.0874469902557452,-0.3899165482397758,0.17709720372836218
1,0.0,-1.3005579069903537,0.6058870582092722,0.17643142476697737
1,0.0,0.3169233153224576,-1.634671056301086,0.17576564580559254
1,0.0,0.7212936209006604,-0.8878183514643003,0.17509986684420772
1,0.0,-0.0874469902557452,-0.14096564662751349,0.1744340878828229
1,0.0,0.3169233153224576,0.10798525498474768,0.17376830892143807
1,0.0,-1.502743059779455,1.1037888614337967,0.17310252996005326
1,0.0,-1.8060207889631072,1.1037888614337967,0.17243675099866845
1,0.0,0.1147381625333562,-0.8878183514643003,0.17177097203728361
1,0.0,-1.502743059779455,0.6058870582092722,0.1711051930758988
1,0.0,-0.8961876014121508,-0.8878183514643003,0.170439414114514
1,0.0,-0.28963214304484663,0.8548379598215345,0.16977363515312915
1,0.0,0.3169233153224576,-0.14096564662751349,0.16910785619174434
1,0.0,1.1256639264788633,-3.1283764659746587,0.16844207723035953
1,0.0,-1.502743059779455,-0.3899165482397758,0.1677762982689747
1,0.0,-0.0874469902557452,-2.132572859525611,0.16711051930758988
1,0.0,-0.6940024486230495,-0.8878183514643003,0.16644474034620507
1,0.0,0.519108468111559,-0.6388674498520379,0.16577896138482023
1,0.0,-0.0874469902557452,0.6058870582092722,0.16511318242343542
1,0.0,-0.28963214304484663,-0.6388674498520379,0.1644474034620506
1,0.0,0.3169233153224576,-0.6388674498520379,0.16378162450066577
1,0.0,-0.491817295833948,0.8548379598215345,0.16311584553928096
1,0.0,0.3169233153224576,0.6058870582092722,0.16245006657789615
1,0.0,0.519108468111559,0.8548379598215345,0.1617842876165113
1,0.0,-2.109298518146759,0.35693615659700995,0.1611185086551265
1,0.0,0.1147381625333562,-0.6388674498520379,0.1604527296937417
1,0.0,0.3169233153224576,0.6058870582092722,0.15978695073235685
1,0.0,0.9234787736897618,1.6016906646583202,0.15912117177097204
1,0.0,0.519108468111559,1.3527397630460578,0.1584553928095872
1,0.0,0.1147381625333562,-2.132572859525611,0.1577896138482024
1,0.0,1.7322193848461676,1.1037888614337967,0.15712383488681758
1,0.0,1.3278490792679647,1.1037888614337967,0.15645805592543274
1,0.0,0.9234787736897618,0.8548379598215345,0.15579227696404793
1,0.0,0.1147381625333562,0.35693615659700995,0.15512649800266312
1,0.0,-0.28963214304484663,1.1037888614337967,0.15446071904127828
1,0.0,-0.491817295833948,-1.1367692530765623,0.15379494007989347
1,0.0,-0.0874469902557452,-0.14096564662751349,0.15312916111850866
1,0.0,0.1147381625333562,1.6016906646583202,0.15246338215712382
1,0.0,-0.491817295833948,1.3527397630460578,0.151797603195739
1,0.0,-0.0874469902557452,-0.8878183514643003,0.1511318242343542
1,0.0,-0.28963214304484663,1.3527397630460578,0.15046604527296936
1,0.0,-1.9071133653576582,-2.6304746627501343,0.14980026631158455
1,0.0,1.1256639264788633,0.6058870582092722,0.14913448735019974
1,0.0,-1.8060207889631072,-0.8878183514643003,0.1484687083888149
1,0.0,-0.28963214304484663,1.3527397630460578,0.1478029294274301
1,0.0,-0.6940024486230495,-1.1367692530765623,0.14713715046604528
1,0.0,-0.0874469902557452,-0.14096564662751349,0.14647137150466044
1,0.0,-0.28963214304484663,0.10798525498474768,0.14580559254327563
1,0.0,0.3169233153224576,-0.14096564662751349,0.14513981358189082
1,0.0,-0.28963214304484663,1.6016906646583202,0.14447403462050598
1,0.0,0.1147381625333562,-0.8878183514643003,0.14380825565912117
1,0.0,-0.28963214304484663,-0.6388674498520379,0.14314247669773636
1,0.0,-0.7950950250176001,-0.3899165482397758,0.14247669773635152
1,0.0,0.3169233153224576,0.8548379598215345,0.1418109187749667
1,0.0,-0.0874469902557452,-0.8878183514643003,0.1411451398135819
1,0.0,0.9234787736897618,0.10798525498474768,0.14047936085219706
1,0.0,-0.6940024486230495,0.10798525498474768,0.13981358189081225
1,0.0,-1.502743059779455,-0.3899165482397758,0.13914780292942744
1,0.0,-0.6940024486230495,-0.3899165482397758,0.1384820239680426
1,0.0,-0.491817295833948,-0.14096564662751349,0.1378162450066578
1,0.0,-1.3005579069903537,-0.14096564662751349,0.13715046604527298
1,0.0,0.7212936209006604,0.35693615659700995,0.13648468708388814
1,0.0,-0.8961876014121508,-0.3899165482397758,0.13581890812250333
1,0.0,-1.0983727542012522,0.10798525498474768,0.13515312916111852
1,0.0,-1.3005579069903537,0.10798525498474768,0.13448735019973368
1,0.0,-0.0874469902557452,1.6016906646583202,0.13382157123834887
1,0.0,1.3278490792679647,1.8506415662705824,0.13315579227696406
1,0.0,-2.109298518146759,-1.3857201546888238,0.13249001331557922
1,0.0,0.3169233153224576,-0.6388674498520379,0.1318242343541944
1,0.0,-2.109298518146759,0.35693615659700995,0.1311584553928096
1,0.0,-0.9972801778067016,-1.1367692530765623,0.13049267643142476
1,0.0,0.519108468111559,1.1037888614337967,0.12982689747003995
1,0.0,0.1147381625333562,1.1037888614337967,0.12916111850865514
1,0.0,1.530034232057066,-0.3899165482397758,0.1284953395472703
1,0.0,-1.8060207889631072,0.10798525498474768,0.1278295605858855
1,0.0,-0.0874469902557452,-0.14096564662751349,0.12716378162450068
1,0.0,-0.491817295833948,-0.3899165482397758,0.12649800266311584
1,0.0,-0.8961876014121508,-1.1367692530765623,0.12583222370173103
1,0.0,-0.8961876014121508,-0.6388674498520379,0.12516644474034622
1,0.0,0.1147381625333562,0.8548379598215345,0.12450066577896138
1,0.0,0.519108468111559,-0.14096564662751349,0.12383488681757657
1,0.0,-0.8961876014121508,-1.3857201546888238,0.12316910785619174
1,0.0,0.519108468111559,-0.3899165482397758,0.12250332889480692
1,0.0,1.3278490792679647,-0.3899165482397758,0.1218375499334221
1,0.0,1.7322193848461676,1.3527397630460578,0.12117177097203728
1,0.0,-0.28963214304484663,-0.8878183514643003,0.12050599201065246
1,0.0,-0.8961876014121508,0.35693615659700995,0.11984021304926765
1,0.0,-0.0874469902557452,0.6058870582092722,0.11917443408788282
1,0.0,-0.0874469902557452,-0.8878183514643003,0.118508655126498
1,0.0,-0.6940024486230495,-0.3899165482397758,0.11784287616511319
1,0.0,-0.28963214304484663,0.8548379598215345,0.11717709720372836
1,0.0,0.2158307389279069,-0.6388674498520379,0.11651131824234354
1,0.0,-0.491817295833948,-0.8878183514643003,0.11584553928095873
1,0.0,1.530034232057066,-0.3899165482397758,0.1151797603195739
1,0.0,0.3169233153224576,0.8548379598215345,0.11451398135818908
1,0.0,0.519108468111559,-0.3899165482397758,0.11384820239680427
1,0.0,0.1147381625333562,1.1037888614337967,0.11318242343541944
1,0.0,1.1256639264788633,0.10798525498474768,0.11251664447403462
1,0.0,0.7212936209006604,-0.14096564662751349,0.1118508655126498
1,0.0,2.1365896904243704,1.3527397630460578,0.11118508655126498
1,0.0,-2.7158539765140635,-1.8836219579133484,0.11051930758988016
1,0.0,-1.502743059779455,-0.8878183514643003,0.10985352862849534
1,0.0,-0.8961876014121508,-1.634671056301086,0.10918774966711052
1,0.0,-1.502743059779455,-0.14096564662751349,0.1085219707057257
1,0.0,0.519108468111559,0.35693615659700995,0.10785619174434088
1,0.0,-0.491817295833948,-0.6388674498520379,0.10719041278295606
1,0.0,-1.0983727542012522,-0.8878183514643003,0.10652463382157124
1,0.0,-1.502743059779455,0.6058870582092722,0.10585885486018642
1,0.0,-0.0874469902557452,1.3527397630460578,0.1051930758988016
1,0.0,1.1256639264788633,-2.8794255643623963,0.10452729693741677
1,0.0,-0.6940024486230495,0.35693615659700995,0.10386151797603196
1,0.0,1.7322193848461676,0.6058870582092722,0.10319573901464714
1,0.0,-0.7950950250176001,-0.14096564662751349,0.10252996005326231
1,0.0,-0.491817295833948,0.6058870582092722,0.10186418109187749
1,0.0,0.4180158917170083,-0.8878183514643003,0.10119840213049268
1,0.0,0.1147381625333562,-1.8836219579133484,0.10053262316910785
1,0.0,0.3169233153224576,1.1037888614337967,0.09986684420772303
1,0.0,-1.1590283000379829,-1.3857201546888238,0.09920106524633822
1,0.0,-0.8961876014121508,-0.14096564662751349,0.0985352862849534
1,0.0,-0.6940024486230495,-0.14096564662751349,0.09786950732356857
1,0.0,-2.513668823724962,-2.132572859525611,0.09720372836218376
1,0.0,-0.0874469902557452,-0.14096564662751349,0.09653794940079893
1,0.0,0.3169233153224576,-1.3857201546888238,0.09587217043941411
1,0.0,-2.8169465529086137,-1.1367692530765623,0.0952063914780293
1,0.0,-1.502743059779455,1.6016906646583202,0.09454061251664447
1,0.0,-0.6940024486230495,-0.8878183514643003,0.09387483355525965
1,0.0,-0.9972801778067016,-1.1367692530765623,0.09320905459387484
1,0.0,1.1256639264788633,0.6058870582092722,0.09254327563249001
1,0.0,0.1147381625333562,-0.8878183514643003,0.09187749667110519
1,0.0,0.1147381625333562,0.10798525498474768,0.09121171770972038
1,0.0,-0.8961876014121508,0.10798525498474768,0.09054593874833555
1,0.0,1.3278490792679647,0.10798525498474768,0.08988015978695073
1,0.0,0.3169233153224576,-0.3899165482397758,0.08921438082556592
1,0.0,-0.6940024486230495,-0.8878183514643003,0.08854860186418109
1,0.0,1.530034232057066,-1.1367692530765623,0.08788282290279627
1,0.0,0.9234787736897618,-1.8836219579133484,0.08721704394141146
1,0.0,0.2158307389279069,0.35693615659700995,0.08655126498002663
1,0.0,0.3169233153224576,-1.634671056301086,0.08588548601864181
1,0.0,0.1147381625333562,-1.3857201546888238,0.085219707057257
1,0.0,-0.8961876014121508,-0.3899165482397758,0.08455392809587217
1,0.0,0.3169233153224576,0.8548379598215345,0.08388814913448735
1,0.0,-0.8961876014121508,-1.634671056301086,0.08322237017310254
1,0.0,-1.502743059779455,0.35693615659700995,0.08255659121171771
1,0.0,-1.0983727542012522,-0.8878183514643003,0.08189081225033289
1,0.0,1.1256639264788633,0.10798525498474768,0.08122503328894808
1,0.0,-0.7546579944597793,-1.634671056301086,0.08055925432756325
1,0.0,-0.9972801778067016,-1.1367692530765623,0.07989347536617843
1,0.0,0.7212936209006604,0.8548379598215345,0.0792276964047936
1,0.0,0.519108468111559,0.6058870582092722,0.07856191744340879
1,0.0,1.1256639264788633,1.6016906646583202,0.07789613848202397
1,0.0,0.519108468111559,-1.634671056301086,0.07723035952063914
1,0.0,-0.9568431472488806,0.35693615659700995,0.07656458055925433
1,0.0,0.519108468111559,0.35693615659700995,0.0758988015978695
1,0.0,0.3169233153224576,-1.634671056301086,0.07523302263648468
1,0.0,-0.491817295833948,-0.6388674498520379,0.07456724367509987
1,0.0,-0.6940024486230495,-0.8878183514643003,0.07390146471371505
1,0.0,-0.491817295833948,-0.8878183514643003,0.07323568575233022
1,0.0,0.9234787736897618,1.3527397630460578,0.07256990679094541
1,0.0,-0.6940024486230495,-1.8836219579133484,0.07190412782956059
1,0.0,1.530034232057066,0.6058870582092722,0.07123834886817576
1,0.0,1.7322193848461676,-0.6388674498520379,0.07057256990679095
1,0.0,-1.3005579069903537,-1.3857201546888238,0.06990679094540612
1,0.0,-0.0874469902557452,1.1037888614337967,0.0692410119840213
1,0.0,-3.7267797404595706,-2.6304746627501343,0.06857523302263649
1,0.0,0.1147381625333562,-0.14096564662751349,0.06790945406125166
1,0.0,-0.28963214304484663,1.3527397630460578,0.06724367509986684
1,0.0,0.9234787736897618,-0.3899165482397758,0.06657789613848203
1,0.0,0.3169233153224576,0.8548379598215345,0.0659121171770972
1,0.0,0.9234787736897618,1.1037888614337967,0.06524633821571238
1,0.0,-1.502743059779455,0.35693615659700995,0.06458055925432757
1,0.0,0.3169233153224576,-0.6388674498520379,0.06391478029294274
1,0.0,-0.28963214304484663,-1.634671056301086,0.06324900133155792
1,0.0,-1.502743059779455,0.6058870582092722,0.06258322237017311
1,0.0,-0.28963214304484663,0.6058870582092722,0.061917443408788284
1,0.0,0.519108468111559,-0.14096564662751349,0.06125166444740346
1,0.0,-0.0874469902557452,-1.3857201546888238,0.06058588548601864
1,0.0,-2.109298518146759,-0.6388674498520379,0.05992010652463382
1,0.0,2.1365896904243704,1.3527397630460578,0.059254327563249
1,0.0,1.9344045376352692,0.8548379598215345,0.05858854860186418
1,0.0,1.7322193848461676,1.8506415662705824,0.05792276964047936
1,0.0,-1.502743059779455,0.6058870582092722,0.05725699067909454
1,0.0,1.1256639264788633,1.3527397630460578,0.05659121171770972
1,0.0,1.9344045376352692,0.8548379598215345,0.0559254327563249
1,0.0,0.3169233153224576,0.35693615659700995,0.05525965379494008
1,0.0,-1.4016504833849044,-0.8878183514643003,0.05459387483355526
1,0.0,0.9234787736897618,0.35693615659700995,0.05392809587217044
1,0.0,1.9344045376352692,0.6058870582092722,0.05326231691078562
1,0.0,-0.8961876014121508,-0.14096564662751349,0.0525965379494008
1,0.0,-1.4420875139427245,-0.3899165482397758,0.05193075898801598
1,0.0,-0.491817295833948,0.10798525498474768,0.05126498002663116
1,0.0,-3.1202242820922663,-1.634671056301086,0.05059920106524634
1,0.0,-0.28963214304484663,-0.8878183514643003,0.049933422103861515
1,0.0,-0.6940024486230495,-1.1367692530765623,0.0492676431424767
1,0.0,-0.0874469902557452,-0.3899165482397758,0.04860186418109188
1,0.0,0.9234787736897618,0.10798525498474768,0.047936085219707054
1,0.0,0.3169233153224576,0.8548379598215345,0.04727030625832224
1,0.0,0.7212936209006604,-0.14096564662751349,0.04660452729693742
1,0.0,-0.491817295833948,-0.6388674498520379,0.045938748335552594
1,0.0,-0.0874469902557452,0.35693615659700995,0.045272969374167776
1,0.0,-1.3005579069903537,-0.14096564662751349,0.04460719041278296
1,0.0,0.519108468111559,0.6058870582092722,0.043941411451398134
1,0.0,1.7322193848461676,-0.6388674498520379,0.043275632490013316
1,0.0,0.7212936209006604,0.8548379598215345,0.0426098535286285
1,0.0,0.3169233153224576,1.3527397630460578,0.041944074567243674
1,0.0,0.519108468111559,-0.3899165482397758,0.041278295605858856
1,0.0,-0.28963214304484663,-0.14096564662751349,0.04061251664447404
1,0.0,0.519108468111559,-0.3899165482397758,0.03994673768308921
1,0.0,-0.28963214304484663,-0.3899165482397758,0.039280958721704395
1,0.0,-0.491817295833948,-1.1367692530765623,0.03861517976031957
1,0.0,-1.9071133653576582,-0.14096564662751349,0.03794940079893475
1,0.0,-0.6940024486230495,-0.3899165482397758,0.037283621837549935
1,0.0,0.3169233153224576,0.8548379598215345,0.03661784287616511
1,0.0,0.4180158917170083,0.6058870582092722,0.03595206391478029
1,0.0,-0.0874469902557452,-1.634671056301086,0.035286284953395475
1,0.0,1.9344045376352692,0.35693615659700995,0.03462050599201065
1,0.0,0.4180158917170083,0.35693615659700995,0.03395472703062583
1,0.0,-0.491817295833948,0.10798525498474768,0.033288948069241014
1,0.0,-0.9972801778067016,-0.3899165482397758,0.03262316910785619
1,0.0,1.226756502873414,1.3527397630460578,0.03195739014647137
1,0.0,-0.8961876014121508,-0.14096564662751349,0.031291611185086554
1,0.0,0.7212936209006604,-1.3857201546888238,0.03062583222370173
1,0.0,0.3169233153224576,1.3527397630460578,0.02996005326231691
1,0.0,-0.0874469902557452,0.6058870582092722,0.02929427430093209
1,0.0,-0.491817295833948,-0.14096564662751349,0.02862849533954727
1,0.0,0.7212936209006604,1.1037888614337967,0.02796271637816245
1,0.0,0.7212936209006604,-0.14096564662751349,0.02729693741677763
1,0.0,0.3169233153224576,0.10798525498474768,0.02663115845539281
1,0.0,-1.8060207889631072,0.6058870582092722,0.02596537949400799
1,0.0,-0.5929098722284988,-0.14096564662751349,0.02529960053262317
1,0.0,-1.7049282125685563,-0.6388674498520379,0.02463382157123835
1,0.0,-0.0874469902557452,1.6016906646583202,0.023968042609853527
1,0.0,-0.491817295833948,0.10798525498474768,0.02330226364846871
1,0.0,-0.28963214304484663,-1.3857201546888238,0.022636484687083888
1,0.0,1.1256639264788633,0.35693615659700995,0.021970705725699067
1,0.0,-0.28963214304484663,0.6058870582092722,0.02130492676431425
1,0.0,-0.0874469902557452,0.35693615659700995,0.020639147802929428
1,0.0,0.9234787736897618,-0.14096564662751349,0.019973368841544607
1,0.0,-2.513668823724962,-1.3857201546888238,0.019307589880159785
1,0.0,-1.8060207889631072,-1.8836219579133484,0.018641810918774968
1,0.0,0.1147381625333562,0.8548379598215345,0.017976031957390146
1,0.0,0.1147381625333562,0.35693615659700995,0.017310252996005325
1,0.0,0.3169233153224576,1.1037888614337967,0.016644474034620507
1,0.0,-1.0377172083645223,-0.14096564662751349,0.015978695073235686
1,0.0,0.9234787736897618,-0.8878183514643003,0.015312916111850865
1,0.0,0.1147381625333562,-0.3899165482397758,0.014647137150466045
1,0.0,0.1147381625333562,1.1037888614337967,0.013981358189081226
1,0.0,0.519108468111559,0.10798525498474768,0.013315579227696404
1,0.0,0.3169233153224576,-1.8836219579133484,0.012649800266311585
1,0.0,1.1256639264788633,-0.8878183514643003,0.011984021304926764
1,0.0,1.1256639264788633,-1.8836219579133484,0.011318242343541944
1,0.0,-2.918039129303165,-1.1367692530765623,0.010652463382157125
1,0.0,1.7322193848461676,1.3527397630460578,0.009986684420772303
1,0.0,0.1147381625333562,-0.3899165482397758,0.009320905459387484
1,0.0,-2.25082812509913,0.35693615659700995,0.008655126498002663
1,0.0,0.519108468111559,-0.14096564662751349,0.007989347536617843
1,0.0,0.3169233153224576,-1.1367692530765623,0.007323568575233023
1,0.0,-0.6940024486230495,0.8548379598215345,0.006657789613848202
1,0.0,-2.109298518146759,1.1037888614337967,0.005992010652463382
1,0.0,-0.28963214304484663,-0.8878183514643003,0.005326231691078562
1,0.0,-0.6940024486230495,0.6058870582092722,0.004660452729693742
1,0.0,0.7212936209006604,-0.6388674498520379,0.0039946737683089215
1,0.0,-2.109298518146759,-1.634671056301086,0.003328894806924101
1,0.0,-0.0874469902557452,-0.3899165482397758,0.002663115845539281
1,0.0,-0.491817295833948,-0.6388674498520379,0.0019973368841544607
1,0.0,-0.28963214304484663,0.35693615659700995,0.0013315579227696406
1,0.0,1.530034232057066,0.35693615659700995,0.0006657789613848203
