1,0.0,-0.28963214304484663,-0.6388674498520379,1502.0
1,0.0,0.519108468111559,-1.1367692530765623,1501.0
1,0.0,-0.28963214304484663,1.8506415662705824,1500.0
1,0.0,0.3169233153224576,0.6058870582092722,1499.0
1,0.0,0.9234787736897618,1.6016906646583202,1498.0
1,0.0,2.1365896904243704,0.35693615659700995,1497.0
1,0.0,0.7212936209006604,0.8548379598215345,1496.0
1,0.0,0.1147381625333562,-0.8878183514643003,1495.0
1,0.0,0.9234787736897618,-0.6388674498520379,1494.0
1,0.0,0.7212936209006604,1.8506415662705824,1493.0
1,1.0,0.1147381625333562,0.6058870582092722,1492.0
1,0.0,-0.39072471943939735,-1.8836219579133484,1491.0
1,0.0,-0.8961876014121508,-0.14096564662751349,1490.0
1,0.0,0.1147381625333562,-1.634671056301086,1489.0
1,0.0,-0.0874469902557452,0.8548379598215345,1488.0
1,0.0,0.9234787736897618,1.1037888614337967,1487.0
1,0.0,0.9234787736897618,1.6016906646583202,1486.0
1,0.0,2.1365896904243704,1.1037888614337967,1485.0
1,0.0,0.7212936209006604,0.35693615659700995,1484.0
1,0.0,0.519108468111559,-0.14096564662751349,1483.0
1,0.0,-0.0874469902557452,-0.3899165482397758,1482.0
1,0.0,-0.8961876014121508,0.8548379598215345,1481.0
1,0.0,-0.28963214304484663,1.3527397630460578,1480.0
1,0.0,2.1365896904243704,1.6016906646583202,1479.0
1,0.0,0.7212936209006604,1.1037888614337967,1478.0
1,0.0,-0.28963214304484663,0.8548379598215345,1477.0
1,0.0,0.9234787736897618,1.3527397630460578,1476.0
1,0.0,1.530034232057066,0.6058870582092722,1475.0
1,0.0,-1.4420875139427245,0.35693615659700995,1474.0
1,0.0,-0.491817295833948,0.35693615659700995,1473.0
1,0.0,1.9344045376352692,-0.14096564662751349,1472.0
1,0.0,0.3169233153224576,0.6058870582092722,1471.0
1,0.0,-0.6940024486230495,0.35693615659700995,1470.0
1,0.0,0.3169233153224576,-0.3899165482397758,1469.0
1,0.0,0.3169233153224576,1.1037888614337967,1468.0
1,0.0,0.1147381625333562,0.35693615659700995,1467.0
1,0.0,0.9234787736897618,1.8506415662705824,1466.0
1,0.0,0.9234787736897618,0.8548379598215345,1465.0
1,0.0,-0.28963214304484663,-0.3899165482397758,1464.0
1,0.0,0.3169233153224576,1.8506415662705824,1463.0
1,0.0,1.530034232057066,1.3527397630460578,1462.0
1,0.0,0.1147381625333562,1.3527397630460578,1461.0
1,0.0,0.519108468111559,-0.6388674498520379,1460.0
1,0.0,0.519108468111559,1.8506415662705824,1459.0
1,0.0,0.9234787736897618,1.6016906646583202,1458.0
1,0.0,0.3169233153224576,1.1037888614337967,1457.0
1,0.0,1.7322193848461676,0.35693615659700995,1456.0
1,0.0,0.1147381625333562,1.1037888614337967,1455.0
1,0.0,0.9234787736897618,1.1037888614337967,1454.0
1,0.0,0.1147381625333562,-0.14096564662751349,1453.0
1,0.0,1.7322193848461676,1.1037888614337967,1452.0
1,0.0,0.1147381625333562,0.10798525498474768,1451.0
1,0.0,0.7212936209006604,-0.14096564662751349,1450.0
1,0.0,0.9234787736897618,0.35693615659700995,1449.0
1,0.0,2.1365896904243704,0.6058870582092722,1448.0
1,0.0,-0.491817295833948,0.10798525498474768,1447.0
1,0.0,-0.5929098722284988,-0.3899165482397758,1446.0
1,0.0,0.1147381625333562,1.1037888614337967,1445.0
1,0.0,-0.491817295833948,-1.634671056301086,1444.0
1,0.0,0.9234787736897618,0.6058870582092722,1443.0
1,0.0,-0.28963214304484663,1.3527397630460578,1442.0
1,0.0,1.7322193848461676,0.35693615659700995,1441.0
1,0.0,0.013645586138805496,-0.14096564662751349,1440.0
1,0.0,-1.3005579069903537,-0.3899165482397758,1439.0
1,0.0,-0.18853956665029592,-0.3899165482397758,1438.0
1,0.0,0.1147381625333562,-1.1367692530765623,1437.0
1,0.0,0.519108468111559,-0.14096564662751349,1436.0
1,0.0,0.3169233153224576,0.6058870582092722,1435.0
1,0.0,2.1365896904243704,1.1037888614337967,1434.0
1,0.0,0.7212936209006604,1.3527397630460578,1433.0
1,0.0,0.9234787736897618,0.6058870582092722,1432.0
1,0.0,0.9234787736897618,-1.3857201546888238,1431.0
1,0.0,-1.3005579069903537,0.10798525498474768,1430.0
1,0.0,1.3278490792679647,0.6058870582092722,1429.0
1,0.0,0.519108468111559,0.10798525498474768,1428.0
1,0.0,0.9234787736897618,1.6016906646583202,1427.0
1,0.0,0.1147381625333562,-1.634671056301086,1426.0
1,0.0,-0.491817295833948,-0.8878183514643003,1425.0
1,0.0,1.3278490792679647,-0.3899165482397758,1424.0
1,0.0,-0.6940024486230495,-0.3899165482397758,1423.0
1,0.0,2.1365896904243704,2.3485433694951072,1422.0
1,0.0,1.3278490792679647,1.1037888614337967,1421.0
1,0.0,-1.4016504833849044,-0.14096564662751349,1420.0
1,0.0,0.519108468111559,0.8548379598215345,1419.0
1,0.0,0.1147381625333562,1.8506415662705824,1418.0
1,0.0,0.3169233153224576,0.35693615659700995,1417.0
1,0.0,0.519108468111559,-0.6388674498520379,1416.0
1,0.0,-0.0874469902557452,1.6016906646583202,1415.0
1,0.0,1.1256639264788633,-0.14096564662751349,1414.0
1,0.0,-0.8961876014121508,0.35693615659700995,1413.0
1,0.0,0.1147381625333562,1.1037888614337967,1412.0
1,0.0,-0.491817295833948,-0.3899165482397758,1411.0
1,0.0,-0.28963214304484663,-0.6388674498520379,1410.0
1,0.0,1.1256639264788633,0.8548379598215345,1409.0
1,0.0,-0.28963214304484663,1.1037888614337967,1408.0
1,0.0,0.7212936209006604,0.6058870582092722,1407.0
1,0.0,0.3169233153224576,0.8548379598215345,1406.0
1,0.0,1.3278490792679647,-0.14096564662751349,1405.0
1,0.0,-0.0874469902557452,-0.8878183514643003,1404.0
1,0.0,1.3278490792679647,0.10798525498474768,1403.0
1,0.0,0.3169233153224576,1.3527397630460578,1402.0
1,0.0,-0.0874469902557452,-0.3899165482397758,1401.0
1,0.0,1.3278490792679647,1.3527397630460578,1400.0
1,0.0,1.1256639264788633,0.10798525498474768,1399.0
1,0.0,-0.0874469902557452,0.8548379598215345,1398.0
1,0.0,0.9234787736897618,1.3527397630460578,1397.0
1,0.0,0.2158307389279069,1.6016906646583202,1396.0
1,0.0,-0.39072471943939735,0.6058870582092722,1395.0
1,0.0,1.1256639264788633,-0.8878183514643003,1394.0
1,0.0,0.3169233153224576,0.8548379598215345,1393.0
1,0.0,-0.28963214304484663,1.8506415662705824,1392.0
1,0.0,-0.28963214304484663,-1.634671056301086,1391.0
1,0.0,0.1147381625333562,0.8548379598215345,1390.0
1,0.0,-0.0874469902557452,1.3527397630460578,1389.0
1,0.0,-0.28963214304484663,0.10798525498474768,1388.0
1,0.0,1.530034232057066,1.1037888614337967,1387.0
1,0.0,0.3169233153224576,-0.3899165482397758,1386.0
1,0.0,0.1147381625333562,-2.132572859525611,1385.0
1,0.0,1.7322193848461676,1.3527397630460578,1384.0
1,0.0,-0.6940024486230495,0.6058870582092722,1383.0
1,0.0,0.013645586138805496,-0.6388674498520379,1382.0
1,0.0,0.7212936209006604,-0.8878183514643003,1381.0
1,0.0,0.1147381625333562,-0.3899165482397758,1380.0
1,0.0,-1.0983727542012522,1.1037888614337967,1379.0
1,0.0,0.9234787736897618,1.3527397630460578,1378.0
1,0.0,0.7212936209006604,0.8548379598215345,1377.0
1,0.0,1.530034232057066,1.1037888614337967,1376.0
1,0.0,0.519108468111559,0.10798525498474768,1375.0
1,0.0,1.3278490792679647,-0.14096564662751349,1374.0
1,0.0,-0.0874469902557452,0.8548379598215345,1373.0
1,0.0,-1.0377172083645223,0.10798525498474768,1372.0
1,0.0,0.519108468111559,0.10798525498474768,1371.0
1,0.0,0.7212936209006604,1.8506415662705824,1370.0
1,0.0,0.9234787736897618,0.8548379598215345,1369.0
1,0.0,-0.28963214304484663,-1.634671056301086,1368.0
1,0.0,-0.6940024486230495,1.6016906646583202,1367.0
1,0.0,1.3278490792679647,1.8506415662705824,1366.0
1,0.0,0.519108468111559,1.8506415662705824,1365.0
1,0.0,-0.28963214304484663,-2.381523761137873,1364.0
1,0.0,0.3169233153224576,-1.3857201546888238,1363.0
1,0.0,-0.6940024486230495,-0.3899165482397758,1362.0
1,0.0,0.519108468111559,0.8548379598215345,1361.0
1,0.0,0.519108468111559,-1.1367692530765623,1360.0
1,0.0,1.9344045376352692,0.8548379598215345,1359.0
1,0.0,1.530034232057066,-1.1367692530765623,1358.0
1,0.0,0.9234787736897618,-0.3899165482397758,1357.0
1,0.0,0.3169233153224576,-1.1367692530765623,1356.0
1,0.0,0.9234787736897618,-0.6388674498520379,1355.0
1,0.0,0.9234787736897618,-1.1367692530765623,1354.0
1,0.0,-0.28963214304484663,-0.8878183514643003,1353.0
1,0.0,0.3169233153224576,0.6058870582092722,1352.0
1,0.0,0.4180158917170083,-0.8878183514643003,1351.0
1,0.0,0.519108468111559,0.8548379598215345,1350.0
1,0.0,0.9234787736897618,0.35693615659700995,1349.0
1,0.0,-2.7158539765140635,-1.3857201546888238,1348.0
1,0.0,0.7212936209006604,-1.8836219579133484,1347.0
1,0.0,-0.491817295833948,0.10798525498474768,1346.0
1,0.0,0.519108468111559,0.10798525498474768,1345.0
1,0.0,2.1365896904243704,0.35693615659700995,1344.0
1,0.0,0.519108468111559,0.6058870582092722,1343.0
1,0.0,0.519108468111559,-0.3899165482397758,1342.0
1,0.0,-0.18853956665029592,0.6058870582092722,1341.0
1,0.0,-0.28963214304484663,-0.3899165482397758,1340.0
1,0.0,1.7322193848461676,1.1037888614337967,1339.0
1,0.0,2.1365896904243704,1.3527397630460578,1338.0
1,0.0,1.1256639264788633,-0.14096564662751349,1337.0
1,0.0,0.3169233153224576,-1.1367692530765623,1336.0
1,0.0,1.530034232057066,0.8548379598215345,1335.0
1,0.0,-0.8961876014121508,1.6016906646583202,1334.0
1,0.0,0.7212936209006604,-0.3899165482397758,1333.0
1,0.0,-0.28963214304484663,-0.14096564662751349,1332.0
1,0.0,-0.491817295833948,0.35693615659700995,1331.0
1,0.0,0.7212936209006604,1.1037888614337967,1330.0
1,0.0,0.7212936209006604,1.1037888614337967,1329.0
1,0.0,0.1147381625333562,-0.3899165482397758,1328.0
1,1.0,0.1147381625333562,1.1037888614337967,1327.0
1,0.0,0.9234787736897618,-0.3899165482397758,1326.0
1,0.0,-0.5929098722284988,1.6016906646583202,1325.0
1,0.0,0.3169233153224576,-0.6388674498520379,1324.0
1,0.0,-0.28963214304484663,1.6016906646583202,1323.0
1,0.0,-0.0874469902557452,1.6016906646583202,1322.0
1,0.0,0.1147381625333562,0.6058870582092722,1321.0
1,0.0,0.519108468111559,1.3527397630460578,1320.0
1,0.0,1.1256639264788633,0.35693615659700995,1319.0
1,0.0,0.3169233153224576,1.1037888614337967,1318.0
1,0.0,0.1147381625333562,-0.3899165482397758,1317.0
1,0.0,0.7212936209006604,1.8506415662705824,1316.0
1,0.0,-0.6940024486230495,1.1037888614337967,1315.0
1,0.0,0.9234787736897618,0.6058870582092722,1314.0
1,0.0,1.3278490792679647,0.35693615659700995,1313.0
1,0.0,1.3278490792679647,0.6058870582092722,1312.0
1,0.0,0.3169233153224576,0.10798525498474768,1311.0
1,0.0,2.1365896904243704,0.6058870582092722,1310.0
1,0.0,-0.28963214304484663,-0.3899165482397758,1309.0
1,0.0,-0.8961876014121508,0.8548379598215345,1308.0
1,0.0,-0.8961876014121508,0.10798525498474768,1307.0
1,0.0,0.1147381625333562,0.6058870582092722,1306.0
1,0.0,-0.28963214304484663,-0.14096564662751349,1305.0
1,0.0,0.1147381625333562,-2.132572859525611,1304.0
1,0.0,0.4180158917170083,0.10798525498474768,1303.0
1,0.0,0.9234787736897618,0.6058870582092722,1302.0
1,0.0,-0.8961876014121508,0.6058870582092722,1301.0
1,0.0,0.1147381625333562,0.35693615659700995,1300.0
1,0.0,-0.28963214304484663,1.3527397630460578,1299.0
1,0.0,0.9234787736897618,0.8548379598215345,1298.0
1,0.0,1.9344045376352692,1.1037888614337967,1297.0
1,0.0,0.9234787736897618,1.1037888614337967,1296.0
1,0.0,-0.6940024486230495,-0.14096564662751349,1295.0
1,0.0,-0.491817295833948,-1.1367692530765623,1294.0
1,0.0,-1.6038356361740058,-1.3857201546888238,1293.0
1,0.0,-1.0983727542012522,-1.1367692530765623,1292.0
1,0.0,-0.491817295833948,-0.14096564662751349,1291.0
1,0.0,1.1256639264788633,-0.3899165482397758,1290.0
1,0.0,0.3169233153224576,1.3527397630460578,1289.0
1,0.0,0.1147381625333562,-0.6388674498520379,1288.0
1,0.0,-0.8961876014121508,-0.8878183514643003,1287.0
1,0.0,0.1147381625333562,0.35693615659700995,1286.0
1,0.0,1.7322193848461676,-0.14096564662751349,1285.0
1,0.0,1.1256639264788633,1.6016906646583202,1284.0
1,0.0,-0.0874469902557452,-1.3857201546888238,1283.0
1,0.0,1.1256639264788633,-1.3857201546888238,1282.0
1,0.0,0.1147381625333562,1.3527397630460578,1281.0
1,0.0,-0.6940024486230495,0.6058870582092722,1280.0
1,0.0,1.3278490792679647,-0.14096564662751349,1279.0
1,0.0,1.9344045376352692,-0.14096564662751349,1278.0
1,0.0,-1.4016504833849044,0.35693615659700995,1277.0
1,0.0,0.519108468111559,1.8506415662705824,1276.0
1,0.0,0.3169233153224576,-0.14096564662751349,1275.0
1,0.0,1.9344045376352692,1.6016906646583202,1274.0
1,0.0,0.3169233153224576,1.1037888614337967,1273.0
1,0.0,-1.3005579069903537,-0.6388674498520379,1272.0
1,0.0,-3.322409434881368,0.35693615659700995,1271.0
1,0.0,0.1147381625333562,0.6058870582092722,1270.0
1,0.0,0.3169233153224576,0.6058870582092722,1269.0
1,0.0,0.1147381625333562,-0.8878183514643003,1268.0
1,0.0,-1.0983727542012522,-1.3857201546888238,1267.0
1,0.0,-0.5929098722284988,0.35693615659700995,1266.0
1,0.0,0.3169233153224576,-0.14096564662751349,1265.0
1,0.0,0.1147381625333562,-0.14096564662751349,1264.0
1,0.0,1.1256639264788633,1.6016906646583202,1263.0
1,1.0,0.9234787736897618,0.8548379598215345,1262.0
1,0.0,-0.18853956665029592,-2.132572859525611,1261.0
1,0.0,0.9234787736897618,0.6058870582092722,1260.0
1,0.0,0.4180158917170083,-0.3899165482397758,1259.0
1,0.0,2.1365896904243704,1.8506415662705824,1258.0
1,0.0,1.530034232057066,0.10798525498474768,1257.0
1,0.0,-0.6940024486230495,0.10798525498474768,1256.0
1,0.0,2.1365896904243704,1.1037888614337967,1255.0
1,0.0,0.6202010445061097,-0.14096564662751349,1254.0
1,0.0,1.9344045376352692,-1.1367692530765623,1253.0
1,0.0,0.519108468111559,-0.8878183514643003,1252.0
1,0.0,0.1147381625333562,0.8548379598215345,1251.0
1,0.0,-1.199465330595803,-0.14096564662751349,1250.0
1,0.0,0.519108468111559,0.35693615659700995,1249.0
1,0.0,0.519108468111559,-0.6388674498520379,1248.0
1,0.0,1.1256639264788633,1.3527397630460578,1247.0
1,1.0,1.1256639264788633,0.6058870582092722,1246.0
1,0.0,0.3169233153224576,-1.3857201546888238,1245.0
1,0.0,-1.0983727542012522,-2.132572859525611,1244.0
1,0.0,0.3169233153224576,0.6058870582092722,1243.0
1,0.0,0.519108468111559,-1.1367692530765623,1242.0
1,0.0,-0.28963214304484663,-1.3857201546888238,1241.0
1,0.0,-0.491817295833948,0.10798525498474768,1240.0
1,0.0,-0.0874469902557452,0.35693615659700995,1239.0
1,0.0,0.519108468111559,0.8548379598215345,1238.0
1,0.0,0.519108468111559,0.8548379598215345,1237.0
1,0.0,1.7322193848461676,0.6058870582092722,1236.0
1,0.0,1.530034232057066,-0.6388674498520379,1235.0
1,0.0,-0.18853956665029592,0.35693615659700995,1234.0
1,0.0,-1.3005579069903537,-0.3899165482397758,1233.0
1,0.0,0.6202010445061097,-0.14096564662751349,1232.0
1,0.0,-0.6940024486230495,-0.8878183514643003,1231.0
1,0.0,0.3169233153224576,1.3527397630460578,1230.0
1,0.0,1.9344045376352692,0.10798525498474768,1229.0
1,0.0,-0.6940024486230495,0.35693615659700995,1228.0
1,0.0,1.7322193848461676,0.8548379598215345,1227.0
1,0.0,0.9234787736897618,0.6058870582092722,1226.0
1,0.0,0.7212936209006604,0.8548379598215345,1225.0
1,0.0,0.519108468111559,0.10798525498474768,1224.0
1,0.0,0.519108468111559,-3.3773273675869215,1223.0
1,0.0,0.9234787736897618,-0.14096564662751349,1222.0
1,0.0,1.3278490792679647,1.6016906646583202,1221.0
1,0.0,1.530034232057066,0.8548379598215345,1220.0
1,0.0,0.1147381625333562,-0.14096564662751349,1219.0
1,0.0,1.3278490792679647,1.6016906646583202,1218.0
1,0.0,-0.5929098722284988,-1.1367692530765623,1217.0
1,0.0,-0.39072471943939735,0.10798525498474768,1216.0
1,0.0,0.3169233153224576,-0.3899165482397758,1215.0
1,0.0,-0.28963214304484663,-0.14096564662751349,1214.0
1,0.0,0.4180158917170083,0.10798525498474768,1213.0
1,0.0,1.3278490792679647,1.1037888614337967,1212.0
1,0.0,-0.28963214304484663,-1.1367692530765623,1211.0
1,0.0,-0.0874469902557452,0.10798525498474768,1210.0
1,0.0,-0.9972801778067016,-1.3857201546888238,1209.0
1,0.0,2.1365896904243704,0.10798525498474768,1208.0
1,0.0,0.7212936209006604,1.6016906646583202,1207.0
1,0.0,-0.8961876014121508,-1.634671056301086,1206.0
1,0.0,0.519108468111559,0.10798525498474768,1205.0
1,0.0,-0.9972801778067016,-0.14096564662751349,1204.0
1,0.0,0.519108468111559,-0.14096564662751349,1203.0
1,0.0,0.519108468111559,-0.3899165482397758,1202.0
1,0.0,-0.28963214304484663,-0.14096564662751349,1201.0
1,0.0,-0.28963214304484663,1.6016906646583202,1200.0
1,0.0,-1.502743059779455,-2.8794255643623963,1199.0
1,0.0,0.8223861972952111,-0.8878183514643003,1198.0
1,0.0,1.3278490792679647,-0.14096564662751349,1197.0
1,0.0,-0.8961876014121508,0.6058870582092722,1196.0
1,0.0,0.519108468111559,1.6016906646583202,1195.0
1,0.0,0.3169233153224576,0.6058870582092722,1194.0
1,0.0,-0.8961876014121508,-1.8836219579133484,1193.0
1,0.0,-0.6940024486230495,0.8548379598215345,1192.0
1,0.0,-1.3005579069903537,-0.6388674498520379,1191.0
1,0.0,-0.0874469902557452,0.6058870582092722,1190.0
1,0.0,1.1256639264788633,0.35693615659700995,1189.0
1,0.0,0.519108468111559,-0.6388674498520379,1188.0
1,0.0,0.7212936209006604,-0.14096564662751349,1187.0
1,0.0,1.530034232057066,0.35693615659700995,1186.0
1,0.0,-0.28963214304484663,-0.6388674498520379,1185.0
1,0.0,-1.4016504833849044,-0.3899165482397758,1184.0
1,0.0,1.1256639264788633,-0.14096564662751349,1183.0
1,0.0,-0.6940024486230495,1.1037888614337967,1182.0
1,0.0,-1.0983727542012522,-0.6388674498520379,1181.0
1,0.0,0.519108468111559,-0.14096564662751349,1180.0
1,0.0,0.519108468111559,0.35693615659700995,1179.0
1,0.0,-1.3005579069903537,-0.3899165482397758,1178.0
1,0.0,-0.0874469902557452,-0.8878183514643003,1177.0
1,0.0,-0.28963214304484663,-0.14096564662751349,1176.0
1,0.0,1.530034232057066,-0.8878183514643003,1175.0
1,0.0,0.7212936209006604,0.10798525498474768,1174.0
1,0.0,0.9234787736897618,0.35693615659700995,1173.0
1,0.0,1.530034232057066,-0.3899165482397758,1172.0
1,0.0,-0.491817295833948,-0.8878183514643003,1171.0
1,0.0,0.1147381625333562,-0.3899165482397758,1170.0
1,0.0,0.519108468111559,-0.3899165482397758,1169.0
1,0.0,0.9234787736897618,1.3527397630460578,1168.0
1,0.0,-0.28963214304484663,-0.8878183514643003,1167.0
1,0.0,-0.28963214304484663,1.1037888614337967,1166.0
1,0.0,-0.6940024486230495,0.8548379598215345,1165.0
1,0.0,-2.513668823724962,-1.634671056301086,1164.0
1,0.0,-1.3005579069903537,-2.8794255643623963,1163.0
1,0.0,0.7212936209006604,0.35693615659700995,1162.0
1,0.0,1.3278490792679647,-2.132572859525611,1161.0
1,0.0,-0.28963214304484663,1.1037888614337967,1160.0
1,0.0,-1.502743059779455,0.35693615659700995,1159.0
1,0.0,-0.491817295833948,-0.6388674498520379,1158.0
1,0.0,0.9234787736897618,-1.1367692530765623,1157.0
1,0.0,-0.28963214304484663,1.6016906646583202,1156.0
1,0.0,0.1147381625333562,0.35693615659700995,1155.0
1,0.0,1.530034232057066,-1.8836219579133484,1154.0
1,0.0,0.9234787736897618,1.3527397630460578,1153.0
1,0.0,0.3169233153224576,0.35693615659700995,1152.0
1,0.0,-1.3005579069903537,-0.6388674498520379,1151.0
1,0.0,1.530034232057066,0.8548379598215345,1150.0
1,0.0,-0.0874469902557452,0.35693615659700995,1149.0
1,0.0,1.3278490792679647,1.3527397630460578,1148.0
1,0.0,0.9234787736897618,1.3527397630460578,1147.0
1,0.0,-1.0983727542012522,-0.14096564662751349,1146.0
1,0.0,-0.0874469902557452,-0.3899165482397758,1145.0
1,0.0,-0.6940024486230495,-1.8836219579133484,1144.0
1,0.0,1.530034232057066,0.6058870582092722,1143.0
1,0.0,1.1256639264788633,-1.1367692530765623,1142.0
1,1.0,-1.7049282125685563,1.8506415662705824,1141.0
1,0.0,0.9234787736897618,1.3527397630460578,1140.0
1,0.0,1.3278490792679647,0.8548379598215345,1139.0
1,0.0,-1.3005579069903537,-0.6388674498520379,1138.0
1,0.0,0.9234787736897618,0.6058870582092722,1137.0
1,0.0,-0.8961876014121508,1.8506415662705824,1136.0
1,0.0,-0.28963214304484663,0.10798525498474768,1135.0
1,0.0,-0.6940024486230495,-0.3899165482397758,1134.0
1,0.0,0.9234787736897618,1.3527397630460578,1133.0
1,0.0,1.3278490792679647,0.6058870582092722,1132.0
1,0.0,1.3278490792679647,0.8548379598215345,1131.0
1,0.0,-0.28963214304484663,0.35693615659700995,1130.0
1,0.0,1.530034232057066,0.35693615659700995,1129.0
1,0.0,0.9234787736897618,-1.1367692530765623,1128.0
1,0.0,0.1147381625333562,0.35693615659700995,1127.0
1,0.0,0.7212936209006604,1.6016906646583202,1126.0
1,0.0,-1.9677689111943888,1.3527397630460578,1125.0
1,0.0,-0.6940024486230495,1.1037888614337967,1124.0
1,0.0,0.519108468111559,1.1037888614337967,1123.0
1,0.0,-0.6940024486230495,1.1037888614337967,1122.0
1,0.0,1.3278490792679647,1.3527397630460578,1121.0
1,0.0,0.3169233153224576,0.35693615659700995,1120.0
1,0.0,1.7322193848461676,0.35693615659700995,1119.0
1,0.0,0.3169233153224576,1.1037888614337967,1118.0
1,0.0,-0.491817295833948,1.1037888614337967,1117.0
1,0.0,-0.8961876014121508,1.3527397630460578,1116.0
1,0.0,-0.9972801778067016,-0.3899165482397758,1115.0
1,0.0,-0.8961876014121508,1.3527397630460578,1114.0
1,0.0,-0.6940024486230495,-0.14096564662751349,1113.0
1,0.0,2.1365896904243704,0.6058870582092722,1112.0
1,0.0,1.3278490792679647,0.35693615659700995,1111.0
1,0.0,-1.502743059779455,0.35693615659700995,1110.0
1,0.0,1.1256639264788633,1.1037888614337967,1109.0
1,0.0,-0.28963214304484663,0.8548379598215345,1108.0
1,0.0,0.7212936209006604,-0.14096564662751349,1107.0
1,0.0,-0.28963214304484663,0.8548379598215345,1106.0
1,0.0,0.519108468111559,1.1037888614337967,1105.0
1,0.0,-0.39072471943939735,0.35693615659700995,1104.0
1,0.0,-0.491817295833948,0.6058870582092722,1103.0
1,0.0,-0.28963214304484663,0.10798525498474768,1102.0
1,0.0,0.3169233153224576,1.6016906646583202,1101.0
1,0.0,-1.7049282125685563,-0.14096564662751349,1100.0
1,0.0,1.7322193848461676,-0.8878183514643003,1099.0
1,0.0,-0.28963214304484663,-0.3899165482397758,1098.0
1,0.0,1.1256639264788633,-1.1367692530765623,1097.0
1,0.0,1.7322193848461676,0.35693615659700995,1096.0
1,0.0,0.1147381625333562,1.3527397630460578,1095.0
1,0.0,1.530034232057066,-1.3857201546888238,1094.0
1,0.0,-1.502743059779455,0.35693615659700995,1093.0
1,0.0,0.519108468111559,0.35693615659700995,1092.0
1,0.0,-0.0874469902557452,0.8548379598215345,1091.0
1,0.0,1.1256639264788633,-0.6388674498520379,1090.0
1,0.0,-0.491817295833948,0.35693615659700995,1089.0
1,0.0,-0.28963214304484663,-0.14096564662751349,1088.0
1,0.0,0.9234787736897618,-0.6388674498520379,1087.0
1,0.0,-0.491817295833948,-0.3899165482397758,1086.0
1,0.0,1.7322193848461676,0.8548379598215345,1085.0
1,0.0,0.519108468111559,0.6058870582092722,1084.0
1,1.0,0.519108468111559,1.6016906646583202,1083.0
1,0.0,0.1147381625333562,-0.3899165482397758,1082.0
1,0.0,-0.0874469902557452,1.6016906646583202,1081.0
1,0.0,0.9234787736897618,0.6058870582092722,1080.0
1,0.0,-0.0874469902557452,0.35693615659700995,1079.0
1,0.0,-0.6940024486230495,0.35693615659700995,1078.0
1,0.0,-0.0874469902557452,1.6016906646583202,1077.0
1,0.0,1.9344045376352692,0.6058870582092722,1076.0
1,0.0,-0.8961876014121508,-0.14096564662751349,1075.0
1,0.0,-1.502743059779455,-1.634671056301086,1074.0
1,0.0,0.1147381625333562,-0.6388674498520379,1073.0
1,0.0,0.9234787736897618,0.6058870582092722,1072.0
1,0.0,-0.28963214304484663,0.8548379598215345,1071.0
1,0.0,1.1256639264788633,0.8548379598215345,1070.0
1,0.0,-0.8961876014121508,0.6058870582092722,1069.0
1,0.0,-0.0874469902557452,0.8548379598215345,1068.0
1,0.0,0.519108468111559,0.35693615659700995,1067.0
1,0.0,-1.0983727542012522,-1.8836219579133484,1066.0
1,0.0,0.3169233153224576,0.10798525498474768,1065.0
1,0.0,-0.0874469902557452,0.8548379598215345,1064.0
1,0.0,-0.8961876014121508,0.10798525498474768,1063.0
1,0.0,0.3169233153224576,-0.14096564662751349,1062.0
1,0.0,0.7212936209006604,0.10798525498474768,1061.0
1,0.0,0.519108468111559,0.8548379598215345,1060.0
1,0.0,0.9234787736897618,-0.8878183514643003,1059.0
1,0.0,-0.8961876014121508,-2.6304746627501343,1058.0
1,0.0,-1.502743059779455,0.6058870582092722,1057.0
1,0.0,-0.8961876014121508,-1.1367692530765623,1056.0
1,0.0,0.7212936209006604,-0.3899165482397758,1055.0
1,0.0,2.1365896904243704,0.8548379598215345,1054.0
1,0.0,0.3169233153224576,1.6016906646583202,1053.0
1,0.0,0.7212936209006604,-1.1367692530765623,1052.0
1,0.0,-0.18853956665029592,0.8548379598215345,1051.0
1,0.0,1.1256639264788633,0.8548379598215345,1050.0
1,0.0,-0.0874469902557452,-0.3899165482397758,1049.0
1,0.0,-0.8961876014121508,0.6058870582092722,1048.0
1,0.0,-1.8060207889631072,-0.14096564662751349,1047.0
1,0.0,0.519108468111559,-0.3899165482397758,1046.0
1,0.0,0.3169233153224576,0.10798525498474768,1045.0
1,0.0,0.9234787736897618,0.6058870582092722,1044.0
1,0.0,-0.491817295833948,-0.3899165482397758,1043.0
1,0.0,0.519108468111559,0.10798525498474768,1042.0
1,0.0,-1.3005579069903537,-0.14096564662751349,1041.0
1,0.0,1.9344045376352692,1.1037888614337967,1040.0
1,0.0,0.3169233153224576,0.35693615659700995,1039.0
1,0.0,-1.0983727542012522,1.8506415662705824,1038.0
1,0.0,-0.491817295833948,-1.1367692530765623,1037.0
1,0.0,0.2158307389279069,-1.1367692530765623,1036.0
1,0.0,-0.0874469902557452,1.1037888614337967,1035.0
1,0.0,-0.491817295833948,-2.6304746627501343,1034.0
1,0.0,-0.28963214304484663,-0.8878183514643003,1033.0
1,0.0,-2.109298518146759,-0.14096564662751349,1032.0
1,0.0,-1.0983727542012522,0.35693615659700995,1031.0
1,0.0,-0.0874469902557452,-0.6388674498520379,1030.0
1,0.0,-0.0874469902557452,-0.3899165482397758,1029.0
1,0.0,-0.28963214304484663,-0.14096564662751349,1028.0
1,0.0,-0.18853956665029592,-0.6388674498520379,1027.0
1,0.0,2.1365896904243704,-1.1367692530765623,1026.0
1,1.0,-0.491817295833948,-1.3857201546888238,1025.0
1,0.0,-0.6940024486230495,-0.8878183514643003,1024.0
1,0.0,0.9234787736897618,0.10798525498474768,1023.0
1,0.0,-0.8961876014121508,0.35693615659700995,1022.0
1,0.0,-0.0874469902557452,-0.8878183514643003,1021.0
1,0.0,-0.28963214304484663,0.10798525498474768,1020.0
1,0.0,0.9234787736897618,1.6016906646583202,1019.0
1,0.0,0.9234787736897618,0.35693615659700995,1018.0
1,0.0,-0.6940024486230495,1.1037888614337967,1017.0
1,0.0,1.9344045376352692,0.8548379598215345,1016.0
1,0.0,0.1147381625333562,1.8506415662705824,1015.0
1,0.0,-0.8961876014121508,-0.3899165482397758,1014.0
1,0.0,1.530034232057066,-0.6388674498520379,1013.0
1,0.0,-0.28963214304484663,0.10798525498474768,1012.0
1,0.0,-0.6940024486230495,-1.1367692530765623,1011.0
1,0.0,0.013645586138805496,-0.14096564662751349,1010.0
1,0.0,-1.199465330595803,0.6058870582092722,1009.0
1,0.0,0.9234787736897618,-0.3899165482397758,1008.0
1,0.0,0.7212936209006604,-1.8836219579133484,1007.0
1,0.0,0.519108468111559,-2.381523761137873,1006.0
1,0.0,0.7212936209006604,1.6016906646583202,1005.0
1,0.0,0.3169233153224576,-0.6388674498520379,1004.0
1,0.0,-0.0874469902557452,-0.8878183514643003,1003.0
1,0.0,-0.0874469902557452,0.8548379598215345,1002.0
1,0.0,0.3169233153224576,0.10798525498474768,1001.0
1,0.0,0.7212936209006604,0.6058870582092722,1000.0
1,0.0,0.1147381625333562,0.10798525498474768,999.0
1,0.0,1.3278490792679647,-0.14096564662751349,998.0
1,0.0,-0.28963214304484663,-0.6388674498520379,997.0
1,0.0,1.3278490792679647,1.1037888614337967,996.0
1,0.0,2.1365896904243704,0.6058870582092722,995.0
1,0.0,0.3169233153224576,-0.3899165482397758,994.0
1,0.0,-0.8961876014121508,1.1037888614337967,993.0
1,0.0,0.3169233153224576,-1.3857201546888238,992.0
1,0.0,0.519108468111559,-0.14096564662751349,991.0
1,0.0,1.530034232057066,-0.6388674498520379,990.0
1,0.0,-0.491817295833948,-2.381523761137873,989.0
1,0.0,1.1256639264788633,-1.3857201546888238,988.0
1,0.0,0.7212936209006604,-0.3899165482397758,987.0
1,0.0,2.1365896904243704,-2.132572859525611,986.0
1,0.0,-0.8961876014121508,0.6058870582092722,985.0
1,0.0,0.519108468111559,0.6058870582092722,984.0
1,0.0,1.7322193848461676,1.1037888614337967,983.0
1,0.0,1.7322193848461676,1.8506415662705824,982.0
1,0.0,0.3169233153224576,-0.3899165482397758,981.0
1,0.0,-1.3005579069903537,-0.3899165482397758,980.0
1,0.0,0.3169233153224576,0.10798525498474768,979.0
1,0.0,-0.28963214304484663,-0.8878183514643003,978.0
1,0.0,-1.199465330595803,-0.14096564662751349,977.0
1,0.0,-1.7049282125685563,-1.8836219579133484,976.0
1,0.0,0.3169233153224576,-0.14096564662751349,975.0
1,0.0,-1.502743059779455,-0.8878183514643003,974.0
1,0.0,-0.0874469902557452,0.10798525498474768,973.0
1,0.0,0.519108468111559,-0.14096564662751349,972.0
1,0.0,-0.28963214304484663,1.8506415662705824,971.0
1,0.0,-0.6940024486230495,0.6058870582092722,970.0
1,1.0,-0.6940024486230495,-0.8878183514643003,969.0
1,0.0,0.519108468111559,-0.6388674498520379,968.0
1,0.0,0.3169233153224576,0.35693615659700995,967.0
1,0.0,1.3278490792679647,0.8548379598215345,966.0
1,0.0,0.519108468111559,-0.8878183514643003,965.0
1,0.0,-1.502743059779455,-0.3899165482397758,964.0
1,0.0,0.9234787736897618,1.3527397630460578,963.0
1,0.0,0.1147381625333562,0.8548379598215345,962.0
1,0.0,-0.491817295833948,-0.6388674498520379,961.0
1,0.0,1.3278490792679647,0.10798525498474768,960.0
1,0.0,0.9234787736897618,-0.6388674498520379,959.0
1,0.0,-0.6940024486230495,-1.1367692530765623,958.0
1,0.0,0.1147381625333562,1.1037888614337967,957.0
1,0.0,0.7212936209006604,1.6016906646583202,956.0
1,0.0,0.3169233153224576,-1.634671056301086,955.0
1,0.0,0.3169233153224576,-0.8878183514643003,954.0
1,0.0,-1.3005579069903537,0.8548379598215345,953.0
1,0.0,0.3169233153224576,-2.381523761137873,952.0
1,0.0,-0.9568431472488806,-0.6388674498520379,951.0
1,0.0,0.9234787736897618,-0.8878183514643003,950.0
1,0.0,-0.7950950250176001,0.6058870582092722,949.0
1,0.0,0.519108468111559,0.10798525498474768,948.0
1,0.0,-1.9071133653576582,-0.6388674498520379,947.0
1,0.0,0.9234787736897618,-0.3899165482397758,946.0
1,0.0,0.9234787736897618,-1.634671056301086,945.0
1,0.0,1.7322193848461676,-0.3899165482397758,944.0
1,0.0,-1.9071133653576582,-0.3899165482397758,943.0
1,0.0,0.3169233153224576,-0.8878183514643003,942.0
1,0.0,1.1256639264788633,-0.6388674498520379,941.0
1,0.0,0.1147381625333562,-0.6388674498520379,940.0
1,0.0,-1.0983727542012522,-2.381523761137873,939.0
1,0.0,0.7212936209006604,-1.634671056301086,938.0
1,0.0,0.3169233153224576,-0.6388674498520379,937.0
1,0.0,1.9344045376352692,0.6058870582092722,936.0
1,0.0,-0.6940024486230495,1.8506415662705824,935.0
1,0.0,0.3169233153224576,1.8506415662705824,934.0
1,0.0,-1.502743059779455,0.10798525498474768,933.0
1,0.0,-1.0983727542012522,0.6058870582092722,932.0
1,0.0,2.1365896904243704,1.3527397630460578,931.0
1,0.0,-0.0874469902557452,0.35693615659700995,930.0
1,0.0,-0.0874469902557452,-2.132572859525611,929.0
1,0.0,-0.28963214304484663,-0.3899165482397758,928.0
1,0.0,-1.0983727542012522,0.35693615659700995,927.0
1,0.0,-0.28963214304484663,0.35693615659700995,926.0
1,0.0,-1.7049282125685563,0.8548379598215345,925.0
1,0.0,-1.3005579069903537,0.35693615659700995,924.0
1,0.0,-0.28963214304484663,-0.14096564662751349,923.0
1,0.0,-0.28963214304484663,-0.3899165482397758,922.0
1,0.0,0.3169233153224576,-0.14096564662751349,921.0
1,0.0,-0.8961876014121508,-1.1367692530765623,920.0
1,0.0,0.3169233153224576,0.6058870582092722,919.0
1,0.0,-1.7049282125685563,0.8548379598215345,918.0
1,0.0,0.1147381625333562,-0.14096564662751349,917.0
1,0.0,-1.0983727542012522,-0.14096564662751349,916.0
1,0.0,1.530034232057066,-0.6388674498520379,915.0
1,1.0,-0.0874469902557452,0.10798525498474768,914.0
1,0.0,1.1256639264788633,1.6016906646583202,913.0
1,0.0,0.3169233153224576,-0.3899165482397758,912.0
1,0.0,-0.0874469902557452,-0.6388674498520379,911.0
1,0.0,0.3169233153224576,0.35693615659700995,910.0
1,0.0,0.9234787736897618,0.10798525498474768,909.0
1,0.0,-0.491817295833948,0.35693615659700995,908.0
1,0.0,0.9234787736897618,0.6058870582092722,907.0
1,0.0,0.3169233153224576,-2.6304746627501343,906.0
1,0.0,0.3169233153224576,0.10798525498474768,905.0
1,0.0,-0.28963214304484663,0.35693615659700995,904.0
1,0.0,-0.6940024486230495,0.6058870582092722,903.0
1,0.0,0.9234787736897618,-1.634671056301086,902.0
1,0.0,-1.502743059779455,1.6016906646583202,901.0
1,0.0,-0.28963214304484663,0.10798525498474768,900.0
1,0.0,0.3169233153224576,1.3527397630460578,899.0
1,0.0,1.3278490792679647,0.8548379598215345,898.0
1,0.0,-1.0983727542012522,0.8548379598215345,897.0
1,0.0,-1.502743059779455,0.8548379598215345,896.0
1,0.0,2.1365896904243704,-0.8878183514643003,895.0
1,0.0,0.1147381625333562,0.8548379598215345,894.0
1,0.0,0.9234787736897618,-0.6388674498520379,893.0
1,0.0,-0.491817295833948,1.8506415662705824,892.0
1,0.0,0.3169233153224576,-0.6388674498520379,891.0
1,0.0,-1.4016504833849044,-1.3857201546888238,890.0
1,0.0,-0.28963214304484663,-0.14096564662751349,889.0
1,0.0,1.530034232057066,-0.14096564662751349,888.0
1,0.0,0.3169233153224576,-1.1367692530765623,887.0
1,0.0,0.3169233153224576,-0.14096564662751349,886.0
1,0.0,-0.6940024486230495,-0.3899165482397758,885.0
1,0.0,-0.491817295833948,-0.14096564662751349,884.0
1,0.0,-0.491817295833948,-0.14096564662751349,883.0
1,0.0,0.9234787736897618,1.6016906646583202,882.0
1,0.0,-0.6940024486230495,-0.8878183514643003,881.0
1,0.0,-1.7655837584052871,-0.6388674498520379,880.0
1,0.0,0.3169233153224576,0.35693615659700995,879.0
1,0.0,1.3278490792679647,1.6016906646583202,878.0
1,0.0,-0.491817295833948,-0.6388674498520379,877.0
1,0.0,-0.6940024486230495,0.6058870582092722,876.0
1,0.0,-1.0983727542012522,-0.3899165482397758,875.0
1,0.0,0.7212936209006604,-0.6388674498520379,874.0
1,0.0,-0.28963214304484663,-0.3899165482397758,873.0
1,0.0,-0.6940024486230495,-0.8878183514643003,872.0
1,0.0,0.519108468111559,-1.3857201546888238,871.0
1,0.0,-0.28963214304484663,-1.1367692530765623,870.0
1,0.0,-0.28963214304484663,-0.8878183514643003,869.0
1,0.0,0.3169233153224576,0.35693615659700995,868.0
1,0.0,0.9234787736897618,-1.3857201546888238,867.0
1,0.0,0.1147381625333562,0.10798525498474768,866.0
1,0.0,1.1256639264788633,-1.8836219579133484,865.0
1,0.0,1.3278490792679647,-2.8794255643623963,864.0
1,0.0,-0.28963214304484663,0.6058870582092722,863.0
1,0.0,-0.8961876014121508,-0.14096564662751349,862.0
1,0.0,0.3169233153224576,-3.3773273675869215,861.0
1,0.0,-0.491817295833948,-0.14096564662751349,860.0
1,1.0,-2.21039109454131,0.10798525498474768,859.0
1,0.0,0.1147381625333562,0.8548379598215345,858.0
1,0.0,0.1147381625333562,0.35693615659700995,857.0
1,0.0,-0.6940024486230495,0.6058870582092722,856.0
1,0.0,0.7212936209006604,0.10798525498474768,855.0
1,0.0,0.7212936209006604,-1.634671056301086,854.0
1,0.0,-1.0983727542012522,1.8506415662705824,853.0
1,0.0,0.519108468111559,-0.6388674498520379,852.0
1,0.0,1.530034232057066,0.6058870582092722,851.0
1,0.0,0.519108468111559,-0.3899165482397758,850.0
1,0.0,-0.28963214304484663,0.8548379598215345,849.0
1,0.0,-0.8961876014121508,0.10798525498474768,848.0
1,0.0,-0.491817295833948,1.3527397630460578,847.0
1,0.0,-0.0874469902557452,0.35693615659700995,846.0
1,0.0,0.9234787736897618,0.8548379598215345,845.0
1,0.0,-2.3114836709358606,0.8548379598215345,844.0
1,0.0,0.7212936209006604,-0.14096564662751349,843.0
1,0.0,0.519108468111559,-1.634671056301086,842.0
1,0.0,-0.6940024486230495,0.8548379598215345,841.0
1,0.0,-1.0983727542012522,-0.14096564662751349,840.0
1,0.0,-1.7049282125685563,-0.8878183514643003,839.0
1,0.0,-0.28963214304484663,-0.8878183514643003,838.0
1,0.0,-0.28963214304484663,0.35693615659700995,837.0
1,0.0,0.7212936209006604,1.1037888614337967,836.0
1,0.0,-0.7950950250176001,1.1037888614337967,835.0
1,0.0,0.7212936209006604,-0.14096564662751349,834.0
1,0.0,1.9344045376352692,1.6016906646583202,833.0
1,0.0,-1.502743059779455,0.8548379598215345,832.0
1,0.0,1.530034232057066,-0.14096564662751349,831.0
1,0.0,0.3169233153224576,-0.6388674498520379,830.0
1,0.0,-0.8961876014121508,0.8548379598215345,829.0
1,0.0,-0.28963214304484663,0.35693615659700995,828.0
1,0.0,0.1147381625333562,-0.3899165482397758,827.0
1,0.0,0.013645586138805496,-1.634671056301086,826.0
1,0.0,1.3278490792679647,1.1037888614337967,825.0
1,0.0,-1.0983727542012522,-1.634671056301086,824.0
1,0.0,-1.6442726667318261,-1.8836219579133484,823.0
1,0.0,0.7212936209006604,0.10798525498474768,822.0
1,0.0,-1.0983727542012522,-0.14096564662751349,821.0
1,0.0,0.3169233153224576,-0.14096564662751349,820.0
1,0.0,-0.28963214304484663,-0.3899165482397758,819.0
1,0.0,0.9234787736897618,-0.8878183514643003,818.0
1,0.0,1.3278490792679647,-0.3899165482397758,817.0
1,0.0,0.519108468111559,0.8548379598215345,816.0
1,0.0,-1.7049282125685563,0.10798525498474768,815.0
1,0.0,-0.0874469902557452,0.8548379598215345,814.0
1,0.0,-0.8961876014121508,0.6058870582092722,813.0
1,0.0,1.1256639264788633,0.8548379598215345,812.0
1,0.0,-1.0983727542012522,0.8548379598215345,811.0
1,0.0,0.519108468111559,-0.14096564662751349,810.0
1,0.0,-2.513668823724962,-1.634671056301086,809.0
1,0.0,-0.0874469902557452,0.8548379598215345,808.0
1,0.0,0.1147381625333562,0.8548379598215345,807.0
1,0.0,-0.0874469902557452,-0.3899165482397758,806.0
1,0.0,0.2158307389279069,0.8548379598215345,805.0
1,1.0,-1.9071133653576582,-1.3857201546888238,804.0
1,0.0,1.1256639264788633,0.35693615659700995,803.0
1,0.0,-0.0874469902557452,1.1037888614337967,802.0
1,0.0,0.7212936209006604,0.6058870582092722,801.0
1,0.0,-0.491817295833948,-0.3899165482397758,800.0
1,0.0,1.9344045376352692,1.3527397630460578,799.0
1,0.0,0.1147381625333562,-1.1367692530765623,798.0
1,0.0,-2.0082059417522085,-0.3899165482397758,797.0
1,0.0,0.9234787736897618,1.3527397630460578,796.0
1,0.0,-1.3005579069903537,-0.14096564662751349,795.0
1,0.0,1.1256639264788633,0.6058870582092722,794.0
1,0.0,-0.28963214304484663,-0.3899165482397758,793.0
1,0.0,0.3169233153224576,-1.8836219579133484,792.0
1,0.0,0.519108468111559,0.10798525498474768,791.0
1,0.0,-2.21039109454131,1.3527397630460578,790.0
1,0.0,-0.8961876014121508,0.10798525498474768,789.0
1,0.0,0.3169233153224576,-0.6388674498520379,788.0
1,0.0,0.9234787736897618,-0.8878183514643003,787.0
1,0.0,-0.0874469902557452,0.35693615659700995,786.0
1,0.0,0.519108468111559,0.8548379598215345,785.0
1,0.0,0.3169233153224576,1.1037888614337967,784.0
1,0.0,-0.4311617499972182,0.10798525498474768,783.0
1,0.0,1.3278490792679647,1.1037888614337967,782.0
1,0.0,0.7212936209006604,-0.6388674498520379,781.0
1,0.0,0.1147381625333562,0.10798525498474768,780.0
1,0.0,-0.6940024486230495,0.10798525498474768,779.0
1,0.0,-0.39072471943939735,0.10798525498474768,778.0
1,0.0,-0.0874469902557452,0.35693615659700995,777.0
1,0.0,2.1365896904243704,0.35693615659700995,776.0
1,0.0,-0.9972801778067016,-0.3899165482397758,775.0
1,0.0,0.3169233153224576,-0.14096564662751349,774.0
1,0.0,1.1256639264788633,-1.634671056301086,773.0
1,0.0,1.530034232057066,1.3527397630460578,772.0
1,0.0,2.1365896904243704,-1.1367692530765623,771.0
1,0.0,0.1147381625333562,0.6058870582092722,770.0
1,0.0,0.3169233153224576,-1.1367692530765623,769.0
1,0.0,-0.491817295833948,0.35693615659700995,768.0
1,0.0,-0.491817295833948,0.6058870582092722,767.0
1,0.0,-0.0874469902557452,-0.3899165482397758,766.0
1,0.0,0.9234787736897618,0.6058870582092722,765.0
1,0.0,1.7322193848461676,-1.3857201546888238,764.0
1,0.0,-0.491817295833948,-0.14096564662751349,763.0
1,0.0,0.519108468111559,0.8548379598215345,762.0
1,0.0,1.530034232057066,-0.14096564662751349,761.0
1,0.0,1.530034232057066,0.8548379598215345,760.0
1,0.0,0.1147381625333562,1.1037888614337967,759.0
1,0.0,-0.7950950250176001,-1.634671056301086,758.0
1,0.0,-0.0874469902557452,-1.1367692530765623,757.0
1,0.0,-0.8961876014121508,0.8548379598215345,756.0
1,0.0,-0.491817295833948,-0.8878183514643003,755.0
1,0.0,1.3278490792679647,-0.14096564662751349,754.0
1,0.0,-0.491817295833948,-1.3857201546888238,753.0
1,0.0,-1.9071133653576582,0.6058870582092722,752.0
1,0.0,-0.0874469902557452,-0.14096564662751349,751.0
1,1.0,0.1147381625333562,0.10798525498474768,750.0
1,0.0,0.3169233153224576,0.10798525498474768,749.0
1,0.0,1.3278490792679647,0.10798525498474768,748.0
1,0.0,0.9234787736897618,-0.6388674498520379,747.0
1,0.0,0.519108468111559,0.10798525498474768,746.0
1,0.0,0.7212936209006604,-1.1367692530765623,745.0
1,0.0,1.1256639264788633,0.10798525498474768,744.0
1,0.0,0.7212936209006604,1.1037888614337967,743.0
1,0.0,-0.7950950250176001,0.10798525498474768,742.0
1,0.0,-0.0874469902557452,1.6016906646583202,741.0
1,0.0,0.7212936209006604,0.10798525498474768,740.0
1,0.0,-0.6940024486230495,-0.14096564662751349,739.0
1,0.0,-1.502743059779455,-0.3899165482397758,738.0
1,0.0,-3.221316858486817,0.10798525498474768,737.0
1,0.0,-0.0874469902557452,-1.1367692530765623,736.0
1,0.0,1.9344045376352692,0.6058870582092722,735.0
1,0.0,0.1147381625333562,-0.6388674498520379,734.0
1,0.0,0.519108468111559,0.10798525498474768,733.0
1,0.0,0.519108468111559,0.6058870582092722,732.0
1,0.0,-0.0874469902557452,-1.8836219579133484,731.0
1,0.0,0.7212936209006604,1.3527397630460578,730.0
1,0.0,-0.8961876014121508,-0.3899165482397758,729.0
1,0.0,-0.28963214304484663,1.3527397630460578,728.0
1,0.0,-0.9972801778067016,0.6058870582092722,727.0
1,0.0,-0.491817295833948,-0.6388674498520379,726.0
1,0.0,2.1365896904243704,-1.1367692530765623,725.0
1,0.0,-0.8961876014121508,0.10798525498474768,724.0
1,0.0,0.7212936209006604,-0.6388674498520379,723.0
1,0.0,-0.28963214304484663,1.1037888614337967,722.0
1,0.0,-0.6940024486230495,0.6058870582092722,721.0
1,0.0,-1.0983727542012522,-0.3899165482397758,720.0
1,0.0,1.3278490792679647,0.35693615659700995,719.0
1,0.0,-0.8961876014121508,-0.3899165482397758,718.0
1,0.0,0.7212936209006604,-2.381523761137873,717.0
1,0.0,-1.199465330595803,-1.1367692530765623,716.0
1,0.0,-1.3005579069903537,-1.634671056301086,715.0
1,0.0,0.519108468111559,0.35693615659700995,714.0
1,0.0,-0.8961876014121508,0.6058870582092722,713.0
1,0.0,0.1147381625333562,1.1037888614337967,712.0
1,0.0,0.7212936209006604,-1.1367692530765623,711.0
1,0.0,0.9234787736897618,1.8506415662705824,710.0
1,0.0,-0.0874469902557452,-1.3857201546888238,709.0
1,0.0,-1.502743059779455,0.6058870582092722,708.0
1,0.0,-0.6940024486230495,-0.14096564662751349,707.0
1,0.0,0.519108468111559,-1.8836219579133484,706.0
1,0.0,-0.8961876014121508,0.35693615659700995,705.0
1,0.0,-1.0983727542012522,1.1037888614337967,704.0
1,0.0,-1.0983727542012522,0.35693615659700995,703.0
1,0.0,-1.6038356361740058,-2.6304746627501343,702.0
1,0.0,-0.6940024486230495,0.35693615659700995,701.0
1,0.0,-0.491817295833948,0.8548379598215345,700.0
1,0.0,0.519108468111559,1.3527397630460578,699.0
1,0.0,0.9234787736897618,0.10798525498474768,698.0
1,0.0,-0.0874469902557452,0.35693615659700995,697.0
1,1.0,-1.0983727542012522,-0.14096564662751349,696.0
1,0.0,-0.8961876014121508,-0.6388674498520379,695.0
1,0.0,0.519108468111559,1.1037888614337967,694.0
1,0.0,0.1147381625333562,0.35693615659700995,693.0
1,0.0,0.519108468111559,1.1037888614337967,692.0
1,0.0,-0.0874469902557452,-0.8878183514643003,691.0
1,0.0,-0.6940024486230495,0.35693615659700995,690.0
1,0.0,1.3278490792679647,-0.14096564662751349,689.0
1,0.0,-0.0874469902557452,-0.14096564662751349,688.0
1,0.0,-0.0874469902557452,0.35693615659700995,687.0
1,0.0,-0.28963214304484663,-1.8836219579133484,686.0
1,0.0,-1.3005579069903537,1.8506415662705824,685.0
1,0.0,-0.8961876014121508,-1.1367692530765623,684.0
1,0.0,-0.6940024486230495,-2.381523761137873,683.0
1,0.0,1.3278490792679647,-0.14096564662751349,682.0
1,0.0,1.1256639264788633,-0.8878183514643003,681.0
1,0.0,0.3169233153224576,-0.3899165482397758,680.0
1,0.0,-1.9071133653576582,-0.14096564662751349,679.0
1,0.0,1.530034232057066,-1.634671056301086,678.0
1,0.0,1.530034232057066,-0.3899165482397758,677.0
1,0.0,0.7212936209006604,0.10798525498474768,676.0
1,0.0,1.1256639264788633,0.8548379598215345,675.0
1,0.0,0.519108468111559,1.6016906646583202,674.0
1,0.0,0.1147381625333562,-0.14096564662751349,673.0
1,0.0,0.3169233153224576,0.8548379598215345,672.0
1,0.0,1.3278490792679647,-1.1367692530765623,671.0
1,0.0,-0.39072471943939735,-2.8794255643623963,670.0
1,0.0,-0.6940024486230495,0.6058870582092722,669.0
1,0.0,0.7212936209006604,0.8548379598215345,668.0
1,0.0,1.3278490792679647,-0.3899165482397758,667.0
1,0.0,0.7212936209006604,0.10798525498474768,666.0
1,0.0,-0.0874469902557452,-0.3899165482397758,665.0
1,0.0,0.1147381625333562,1.6016906646583202,664.0
1,0.0,0.519108468111559,-1.1367692530765623,663.0
1,0.0,-0.6940024486230495,-0.3899165482397758,662.0
1,0.0,0.7212936209006604,1.3527397630460578,661.0
1,0.0,-0.8961876014121508,-0.8878183514643003,660.0
1,0.0,-0.8961876014121508,0.10798525498474768,659.0
1,0.0,-1.3005579069903537,-1.634671056301086,658.0
1,0.0,-0.491817295833948,-0.3899165482397758,657.0
1,0.0,0.9234787736897618,0.10798525498474768,656.0
1,0.0,0.1147381625333562,0.6058870582092722,655.0
1,0.0,-1.7049282125685563,0.10798525498474768,654.0
1,0.0,-0.28963214304484663,-1.8836219579133484,653.0
1,0.0,-1.502743059779455,-2.132572859525611,652.0
1,0.0,1.1256639264788633,1.3527397630460578,651.0
1,0.0,-0.9972801778067016,-1.8836219579133484,650.0
1,0.0,-0.491817295833948,-0.6388674498520379,649.0
1,0.0,0.3169233153224576,0.6058870582092722,648.0
1,0.0,-0.18853956665029592,-0.8878183514643003,647.0
1,0.0,-1.3005579069903537,-1.8836219579133484,646.0
1,0.0,-1.502743059779455,0.10798525498474768,645.0
1,0.0,0.3169233153224576,0.10798525498474768,644.0
1,1.0,-2.513668823724962,-2.132572859525611,643.0
1,0.0,0.7212936209006604,0.8548379598215345,642.0
1,0.0,0.519108468111559,0.35693615659700995,641.0
1,0.0,-1.502743059779455,-2.381523761137873,640.0
1,0.0,-0.8961876014121508,-2.132572859525611,639.0
1,0.0,-0.6940024486230495,-0.6388674498520379,638.0
1,0.0,1.3278490792679647,-0.3899165482397758,637.0
1,0.0,-1.9071133653576582,-0.14096564662751349,636.0
1,0.0,0.3169233153224576,0.8548379598215345,635.0
1,0.0,-1.9071133653576582,1.1037888614337967,634.0
1,0.0,0.3169233153224576,1.8506415662705824,633.0
1,0.0,-0.9972801778067016,0.6058870582092722,632.0
1,0.0,0.519108468111559,1.6016906646583202,631.0
1,0.0,1.1256639264788633,1.6016906646583202,630.0
1,0.0,-0.0874469902557452,-1.8836219579133484,629.0
1,0.0,1.1256639264788633,0.35693615659700995,628.0
1,0.0,0.1147381625333562,-0.6388674498520379,627.0
1,0.0,-0.0874469902557452,0.6058870582092722,626.0
1,0.0,0.2158307389279069,0.10798525498474768,625.0
1,0.0,0.7212936209006604,-0.6388674498520379,624.0
1,0.0,0.9234787736897618,0.6058870582092722,623.0
1,0.0,-0.28963214304484663,1.1037888614337967,622.0
1,0.0,0.9234787736897618,0.10798525498474768,621.0
1,0.0,0.3169233153224576,-0.14096564662751349,620.0
1,0.0,-1.3005579069903537,-0.14096564662751349,619.0
1,0.0,-0.28963214304484663,-1.1367692530765623,618.0
1,0.0,-0.0874469902557452,0.35693615659700995,617.0
1,0.0,-0.8961876014121508,0.35693615659700995,616.0
1,0.0,-1.0983727542012522,-1.3857201546888238,615.0
1,0.0,-0.8961876014121508,-1.3857201546888238,614.0
1,0.0,-1.3005579069903537,0.8548379598215345,613.0
1,0.0,-0.6940024486230495,-1.1367692530765623,612.0
1,0.0,-1.0983727542012522,0.8548379598215345,611.0
1,0.0,0.013645586138805496,0.10798525498474768,610.0
1,0.0,-0.491817295833948,-0.3899165482397758,609.0
1,0.0,-0.9972801778067016,-0.6388674498520379,608.0
1,0.0,-0.8961876014121508,-0.14096564662751349,607.0
1,0.0,-0.6940024486230495,0.35693615659700995,606.0
1,0.0,0.519108468111559,-1.634671056301086,605.0
1,0.0,-0.8961876014121508,0.8548379598215345,604.0
1,0.0,-0.28963214304484663,-0.8878183514643003,603.0
1,0.0,0.1147381625333562,-0.14096564662751349,602.0
1,0.0,-0.28963214304484663,-0.14096564662751349,601.0
1,0.0,-0.0874469902557452,-2.132572859525611,600.0
1,0.0,0.519108468111559,1.1037888614337967,599.0
1,0.0,-1.502743059779455,0.6058870582092722,598.0
1,0.0,1.3278490792679647,-1.634671056301086,597.0
1,0.0,-0.18853956665029592,-0.14096564662751349,596.0
1,0.0,0.9234787736897618,1.6016906646583202,595.0
1,0.0,-0.28963214304484663,1.1037888614337967,594.0
1,0.0,0.519108468111559,0.6058870582092722,593.0
1,0.0,0.519108468111559,-0.14096564662751349,592.0
1,0.0,0.3169233153224576,-0.6388674498520379,591.0
1,0.0,0.519108468111559,-1.634671056301086,590.0
1,1.0,-2.918039129303165,-0.3899165482397758,589.0
1,0.0,-0.5929098722284988,0.10798525498474768,588.0
1,0.0,-0.0874469902557452,0.6058870582092722,587.0
1,0.0,0.1147381625333562,0.6058870582092722,586.0
1,0.0,0.1147381625333562,0.6058870582092722,585.0
1,0.0,0.9234787736897618,0.6058870582092722,584.0
1,0.0,0.1147381625333562,-0.8878183514643003,583.0
1,0.0,-1.3005579069903537,0.35693615659700995,582.0
1,0.0,0.9234787736897618,-1.634671056301086,581.0
1,0.0,-0.491817295833948,0.35693615659700995,580.0
1,0.0,0.3169233153224576,0.6058870582092722,579.0
1,0.0,0.9234787736897618,-1.1367692530765623,578.0
1,0.0,-2.4125762473304118,-1.3857201546888238,577.0
1,0.0,-1.0983727542012522,-0.6388674498520379,576.0
1,0.0,0.4180158917170083,0.8548379598215345,575.0
1,0.0,0.013645586138805496,0.10798525498474768,574.0
1,0.0,-0.39072471943939735,0.8548379598215345,573.0
1,0.0,1.3278490792679647,-0.8878183514643003,572.0
1,0.0,0.1147381625333562,-1.634671056301086,571.0
1,0.0,-0.491817295833948,1.3527397630460578,570.0
1,0.0,0.3169233153224576,0.10798525498474768,569.0
1,0.0,-0.28963214304484663,-0.3899165482397758,568.0
1,0.0,-0.28963214304484663,-0.6388674498520379,567.0
1,0.0,-0.28963214304484663,0.6058870582092722,566.0
1,0.0,-0.0874469902557452,-1.8836219579133484,565.0
1,0.0,0.3169233153224576,1.3527397630460578,564.0
1,0.0,-0.6940024486230495,-1.1367692530765623,563.0
1,0.0,-0.0874469902557452,1.3527397630460578,562.0
1,0.0,0.519108468111559,-0.14096564662751349,561.0
1,0.0,0.9234787736897618,0.6058870582092722,560.0
1,0.0,0.7212936209006604,-0.6388674498520379,559.0
1,0.0,-1.3005579069903537,-1.3857201546888238,558.0
1,0.0,1.3278490792679647,-0.14096564662751349,557.0
1,0.0,0.519108468111559,1.6016906646583202,556.0
1,0.0,1.1256639264788633,1.1037888614337967,555.0
1,0.0,1.530034232057066,0.8548379598215345,554.0
1,0.0,-1.0983727542012522,0.10798525498474768,553.0
1,0.0,-0.28963214304484663,-1.8836219579133484,552.0
1,0.0,-2.21039109454131,-1.1367692530765623,551.0
1,0.0,0.519108468111559,-0.3899165482397758,550.0
1,0.0,-0.491817295833948,0.8548379598215345,549.0
1,0.0,0.9234787736897618,-2.132572859525611,548.0
1,0.0,-0.8961876014121508,0.8548379598215345,547.0
1,0.0,-0.28963214304484663,-0.14096564662751349,546.0
1,0.0,0.3169233153224576,0.6058870582092722,545.0
1,0.0,-0.491817295833948,-1.1367692530765623,544.0
1,0.0,0.9234787736897618,-0.3899165482397758,543.0
1,0.0,1.3278490792679647,1.1037888614337967,542.0
1,0.0,-0.0874469902557452,-0.8878183514643003,541.0
1,0.0,-0.0874469902557452,1.6016906646583202,540.0
1,0.0,-0.491817295833948,-0.3899165482397758,539.0
1,0.0,0.1147381625333562,-0.3899165482397758,538.0
1,1.0,-0.491817295833948,-0.8878183514643003,537.0
1,0.0,-0.0874469902557452,0.10798525498474768,536.0
1,0.0,-1.4016504833849044,-0.14096564662751349,535.0
1,0.0,0.1147381625333562,-0.14096564662751349,534.0
1,0.0,0.9234787736897618,0.35693615659700995,533.0
1,0.0,0.519108468111559,-1.1367692530765623,532.0
1,0.0,-1.3005579069903537,-0.8878183514643003,531.0
1,0.0,-0.7950950250176001,-1.1367692530765623,530.0
1,0.0,-0.28963214304484663,0.10798525498474768,529.0
1,0.0,0.1147381625333562,-0.8878183514643003,528.0
1,0.0,-0.28963214304484663,1.1037888614337967,527.0
1,0.0,0.7212936209006604,-0.14096564662751349,526.0
1,0.0,-1.199465330595803,-0.6388674498520379,525.0
1,0.0,-0.6940024486230495,-2.381523761137873,524.0
1,0.0,0.1147381625333562,-1.3857201546888238,523.0
1,0.0,-0.0874469902557452,0.6058870582092722,522.0
1,0.0,1.530034232057066,0.10798525498474768,521.0
1,0.0,-0.28963214304484663,-0.14096564662751349,520.0
1,0.0,1.530034232057066,0.35693615659700995,519.0
1,0.0,0.519108468111559,-0.14096564662751349,518.0
1,0.0,-0.28963214304484663,-0.14096564662751349,517.0
1,0.0,0.3169233153224576,0.6058870582092722,516.0
1,0.0,-0.5929098722284988,-0.3899165482397758,515.0
1,0.0,-2.21039109454131,-0.3899165482397758,514.0
1,0.0,2.1365896904243704,0.6058870582092722,513.0
1,0.0,-1.7049282125685563,0.35693615659700995,512.0
1,0.0,-0.6940024486230495,-0.14096564662751349,511.0
1,0.0,0.3169233153224576,0.10798525498474768,510.0
1,0.0,-0.491817295833948,-1.8836219579133484,509.0
1,0.0,0.7212936209006604,1.8506415662705824,508.0
1,0.0,1.1256639264788633,-1.8836219579133484,507.0
1,0.0,-1.199465330595803,1.1037888614337967,506.0
1,0.0,-1.3005579069903537,-0.14096564662751349,505.0
1,0.0,-0.491817295833948,0.35693615659700995,504.0
1,0.0,-0.491817295833948,0.35693615659700995,503.0
1,0.0,-1.502743059779455,0.6058870582092722,502.0
1,0.0,-1.3005579069903537,0.8548379598215345,501.0
1,0.0,-1.3005579069903537,-1.3857201546888238,500.0
1,0.0,-0.0874469902557452,-2.6304746627501343,499.0
1,0.0,0.1147381625333562,-1.3857201546888238,498.0
1,0.0,-0.7950950250176001,0.35693615659700995,497.0
1,0.0,0.9234787736897618,-0.3899165482397758,496.0
1,0.0,0.9234787736897618,-0.8878183514643003,495.0
1,0.0,-1.502743059779455,1.1037888614337967,494.0
1,0.0,-0.491817295833948,0.8548379598215345,493.0
1,0.0,0.9234787736897618,0.10798525498474768,492.0
1,0.0,-0.491817295833948,1.1037888614337967,491.0
1,0.0,1.530034232057066,1.1037888614337967,490.0
1,0.0,-0.18853956665029592,-2.381523761137873,489.0
1,0.0,-0.6940024486230495,1.6016906646583202,488.0
1,0.0,0.9234787736897618,-0.8878183514643003,487.0
1,0.0,-0.28963214304484663,1.1037888614337967,486.0
1,0.0,-1.3005579069903537,0.10798525498474768,485.0
1,1.0,0.3169233153224576,-0.6388674498520379,484.0
1,0.0,-1.502743059779455,-1.3857201546888238,483.0
1,0.0,0.7212936209006604,-0.6388674498520379,482.0
1,0.0,-0.39072471943939735,-1.8836219579133484,481.0
1,0.0,1.3278490792679647,1.6016906646583202,480.0
1,0.0,-0.6940024486230495,-0.3899165482397758,479.0
1,0.0,0.1147381625333562,-0.3899165482397758,478.0
1,0.0,-0.28963214304484663,0.10798525498474768,477.0
1,0.0,-0.28963214304484663,0.35693615659700995,476.0
1,0.0,-1.7049282125685563,1.1037888614337967,475.0
1,0.0,-0.6940024486230495,0.6058870582092722,474.0
1,0.0,0.7212936209006604,-1.8836219579133484,473.0
1,0.0,-0.0874469902557452,0.35693615659700995,472.0
1,0.0,-2.3114836709358606,-0.14096564662751349,471.0
1,0.0,1.7322193848461676,0.8548379598215345,470.0
1,0.0,0.1147381625333562,0.6058870582092722,469.0
1,0.0,0.9234787736897618,1.1037888614337967,468.0
1,0.0,-0.28963214304484663,-1.8836219579133484,467.0
1,0.0,0.7212936209006604,-2.132572859525611,466.0
1,0.0,0.3169233153224576,0.10798525498474768,465.0
1,0.0,-0.18853956665029592,0.8548379598215345,464.0
1,0.0,-0.491817295833948,0.6058870582092722,463.0
1,0.0,1.9344045376352692,1.1037888614337967,462.0
1,0.0,-2.048642972310029,-0.3899165482397758,461.0
1,0.0,0.013645586138805496,-1.3857201546888238,460.0
1,0.0,0.519108468111559,-0.6388674498520379,459.0
1,0.0,-0.0874469902557452,-0.3899165482397758,458.0
1,0.0,1.1256639264788633,0.8548379598215345,457.0
1,0.0,0.1147381625333562,0.8548379598215345,456.0
1,0.0,0.3169233153224576,-1.3857201546888238,455.0
1,0.0,-1.9071133653576582,-0.3899165482397758,454.0
1,0.0,1.530034232057066,1.3527397630460578,453.0
1,0.0,0.519108468111559,-0.6388674498520379,452.0
1,0.0,-0.0874469902557452,-1.1367692530765623,451.0
1,0.0,0.9234787736897618,-0.3899165482397758,450.0
1,0.0,0.1147381625333562,0.10798525498474768,449.0
1,0.0,0.1147381625333562,0.35693615659700995,448.0
1,0.0,-1.0983727542012522,-1.3857201546888238,447.0
1,0.0,0.9234787736897618,0.35693615659700995,446.0
1,0.0,0.1147381625333562,-1.634671056301086,445.0
1,0.0,0.1147381625333562,0.6058870582092722,444.0
1,0.0,-1.0983727542012522,-1.8836219579133484,443.0
1,0.0,-0.8961876014121508,0.10798525498474768,442.0
1,0.0,-0.0874469902557452,-0.14096564662751349,441.0
1,0.0,-0.6940024486230495,-1.8836219579133484,440.0
1,0.0,-0.6940024486230495,-1.1367692530765623,439.0
1,0.0,-1.3005579069903537,-0.3899165482397758,438.0
1,0.0,-0.8961876014121508,1.6016906646583202,437.0
1,0.0,-0.0874469902557452,-0.3899165482397758,436.0
1,0.0,-0.0874469902557452,1.3527397630460578,435.0
1,0.0,0.3169233153224576,-1.8836219579133484,434.0
1,0.0,0.9234787736897618,0.6058870582092722,433.0
1,0.0,-1.199465330595803,-1.1367692530765623,432.0
1,1.0,0.7212936209006604,0.10798525498474768,431.0
1,0.0,-1.3005579069903537,0.8548379598215345,430.0
1,0.0,-0.0874469902557452,0.35693615659700995,429.0
1,0.0,0.7212936209006604,-1.8836219579133484,428.0
1,0.0,-1.0983727542012522,-0.3899165482397758,427.0
1,0.0,-0.0874469902557452,-1.1367692530765623,426.0
1,0.0,0.519108468111559,-0.8878183514643003,425.0
1,0.0,-1.502743059779455,-1.8836219579133484,424.0
1,0.0,-1.0983727542012522,0.6058870582092722,423.0
1,0.0,1.1256639264788633,0.8548379598215345,422.0
1,0.0,-0.0874469902557452,-0.8878183514643003,421.0
1,0.0,0.9234787736897618,-0.6388674498520379,420.0
1,0.0,-0.8961876014121508,-0.8878183514643003,419.0
1,0.0,-2.21039109454131,-0.8878183514643003,418.0
1,0.0,0.3169233153224576,-0.14096564662751349,417.0
1,0.0,-0.0874469902557452,1.3527397630460578,416.0
1,0.0,-0.8961876014121508,-2.6304746627501343,415.0
1,0.0,-0.0874469902557452,-1.1367692530765623,414.0
1,0.0,0.3169233153224576,0.8548379598215345,413.0
1,0.0,0.9234787736897618,0.8548379598215345,412.0
1,0.0,-1.4016504833849044,1.1037888614337967,411.0
1,0.0,0.9234787736897618,-0.14096564662751349,410.0
1,0.0,1.9344045376352692,-0.6388674498520379,409.0
1,0.0,0.519108468111559,0.6058870582092722,408.0
1,0.0,-0.6940024486230495,0.6058870582092722,407.0
1,0.0,-0.0874469902557452,-0.6388674498520379,406.0
1,0.0,0.1147381625333562,0.35693615659700995,405.0
1,0.0,0.519108468111559,1.1037888614337967,404.0
1,0.0,-0.8961876014121508,0.10798525498474768,403.0
1,0.0,-0.7950950250176001,-2.8794255643623963,402.0
1,0.0,-1.3005579069903537,0.10798525498474768,401.0
1,0.0,-0.0874469902557452,-0.8878183514643003,400.0
1,0.0,-1.3005579069903537,1.1037888614337967,399.0
1,0.0,-1.9071133653576582,0.35693615659700995,398.0
1,0.0,0.1147381625333562,-1.634671056301086,397.0
1,0.0,-0.8961876014121508,-0.3899165482397758,396.0
1,0.0,-1.3005579069903537,0.6058870582092722,395.0
1,0.0,0.1147381625333562,0.8548379598215345,394.0
1,0.0,-0.8961876014121508,-1.634671056301086,393.0
1,0.0,-1.8060207889631072,-0.3899165482397758,392.0
1,0.0,0.1147381625333562,0.6058870582092722,391.0
1,0.0,-0.8961876014121508,-0.6388674498520379,390.0
1,0.0,-0.7950950250176001,-2.132572859525611,389.0
1,0.0,0.519108468111559,0.10798525498474768,388.0
1,0.0,-1.0983727542012522,-1.1367692530765623,387.0
1,0.0,1.530034232057066,0.6058870582092722,386.0
1,0.0,-0.8961876014121508,0.10798525498474768,385.0
1,0.0,-0.8961876014121508,-0.14096564662751349,384.0
1,0.0,1.7322193848461676,0.6058870582092722,383.0
1,0.0,-0.28963214304484663,0.10798525498474768,382.0
1,0.0,0.3169233153224576,-0.3899165482397758,381.0
1,0.0,0.9234787736897618,-0.3899165482397758,380.0
1,1.0,-1.0983727542012522,0.6058870582092722,379.0
1,0.0,-0.28963214304484663,0.35693615659700995,378.0
1,0.0,1.530034232057066,-0.8878183514643003,377.0
1,0.0,-0.0874469902557452,0.8548379598215345,376.0
1,0.0,1.9344045376352692,-0.6388674498520379,375.0
1,0.0,0.1147381625333562,-1.1367692530765623,374.0
1,0.0,0.3169233153224576,0.8548379598215345,373.0
1,0.0,-0.0874469902557452,-0.14096564662751349,372.0
1,0.0,1.9344045376352692,0.10798525498474768,371.0
1,0.0,0.7212936209006604,-1.1367692530765623,370.0
1,0.0,0.519108468111559,-0.3899165482397758,369.0
1,0.0,-0.28963214304484663,-1.1367692530765623,368.0
1,0.0,0.1147381625333562,-2.132572859525611,367.0
1,0.0,-0.8961876014121508,-1.1367692530765623,366.0
1,0.0,-0.6940024486230495,-0.8878183514643003,365.0
1,0.0,-0.0874469902557452,-0.14096564662751349,364.0
1,0.0,-0.0874469902557452,-1.3857201546888238,363.0
1,0.0,-0.491817295833948,0.8548379598215345,362.0
1,0.0,-0.0874469902557452,-0.14096564662751349,361.0
1,0.0,0.519108468111559,-0.6388674498520379,360.0
1,0.0,0.9234787736897618,-1.8836219579133484,359.0
1,0.0,-0.491817295833948,0.10798525498474768,358.0
1,0.0,-0.8961876014121508,-1.634671056301086,357.0
1,0.0,-1.4420875139427245,-1.8836219579133484,356.0
1,0.0,0.1147381625333562,0.8548379598215345,355.0
1,0.0,0.519108468111559,1.8506415662705824,354.0
1,0.0,-0.491817295833948,0.10798525498474768,353.0
1,0.0,0.1147381625333562,0.8548379598215345,352.0
1,0.0,-0.6940024486230495,-2.132572859525611,351.0
1,0.0,-1.4016504833849044,0.35693615659700995,350.0
1,0.0,-0.8961876014121508,-0.3899165482397758,349.0
1,0.0,-1.7049282125685563,0.10798525498474768,348.0
1,0.0,0.3169233153224576,0.10798525498474768,347.0
1,0.0,-0.6940024486230495,-0.14096564662751349,346.0
1,0.0,0.9234787736897618,-0.6388674498520379,345.0
1,0.0,-0.0874469902557452,1.3527397630460578,344.0
1,0.0,1.1256639264788633,-0.14096564662751349,343.0
1,0.0,-1.3005579069903537,1.3527397630460578,342.0
1,0.0,-0.5929098722284988,-0.3899165482397758,341.0
1,0.0,-2.9786946751398955,-0.3899165482397758,340.0
1,0.0,0.7212936209006604,0.10798525498474768,339.0
1,0.0,0.519108468111559,-0.6388674498520379,338.0
1,0.0,0.9234787736897618,-0.6388674498520379,337.0
1,0.0,1.530034232057066,0.10798525498474768,336.0
1,0.0,-0.8961876014121508,0.35693615659700995,335.0
1,0.0,-0.8961876014121508,0.8548379598215345,334.0
1,0.0,0.9234787736897618,-3.1283764659746587,333.0
1,0.0,-0.6940024486230495,0.10798525498474768,332.0
1,0.0,0.7212936209006604,0.6058870582092722,331.0
1,0.0,0.519108468111559,-0.8878183514643003,330.0
1,0.0,-0.28963214304484663,-0.14096564662751349,329.0
1,0.0,-0.28963214304484663,0.6058870582092722,328.0
1,1.0,-0.491817295833948,1.3527397630460578,327.0
1,0.0,0.9234787736897618,1.3527397630460578,326.0
1,0.0,0.1147381625333562,0.10798525498474768,325.0
1,0.0,-1.0983727542012522,1.3527397630460578,324.0
1,0.0,1.1256639264788633,0.35693615659700995,323.0
1,0.0,1.3278490792679647,0.6058870582092722,322.0
1,0.0,-0.6940024486230495,-0.8878183514643003,321.0
1,0.0,-2.918039129303165,1.3527397630460578,320.0
1,0.0,-0.28963214304484663,-0.8878183514643003,319.0
1,0.0,0.519108468111559,1.1037888614337967,318.0
1,0.0,1.3278490792679647,0.35693615659700995,317.0
1,0.0,1.7322193848461676,0.6058870582092722,316.0
1,0.0,-1.502743059779455,-1.3857201546888238,315.0
1,0.0,-0.491817295833948,-0.8878183514643003,314.0
1,0.0,0.7212936209006604,-1.8836219579133484,313.0
1,0.0,0.1147381625333562,0.35693615659700995,312.0
1,0.0,-1.502743059779455,-1.1367692530765623,311.0
1,0.0,-0.9972801778067016,-0.6388674498520379,310.0
1,0.0,0.1147381625333562,0.8548379598215345,309.0
1,0.0,-0.6940024486230495,0.6058870582092722,308.0
1,0.0,-0.0874469902557452,-2.381523761137873,307.0
1,0.0,-0.6940024486230495,-0.6388674498520379,306.0
1,0.0,0.9234787736897618,0.10798525498474768,305.0
1,0.0,-0.491817295833948,-1.634671056301086,304.0
1,0.0,-2.0082059417522085,-0.3899165482397758,303.0
1,0.0,-2.7158539765140635,-1.634671056301086,302.0
1,0.0,0.4180158917170083,-0.3899165482397758,301.0
1,0.0,1.7322193848461676,0.6058870582092722,300.0
1,0.0,-0.0874469902557452,-0.14096564662751349,299.0
1,0.0,-0.491817295833948,1.1037888614337967,298.0
1,0.0,-1.3005579069903537,0.35693615659700995,297.0
1,0.0,-0.491817295833948,1.6016906646583202,296.0
1,0.0,0.9234787736897618,-1.3857201546888238,295.0
1,0.0,-0.491817295833948,-0.6388674498520379,294.0
1,0.0,2.1365896904243704,1.1037888614337967,293.0
1,0.0,-0.0874469902557452,0.35693615659700995,292.0
1,0.0,0.7212936209006604,-1.3857201546888238,291.0
1,0.0,1.3278490792679647,1.3527397630460578,290.0
1,0.0,0.3169233153224576,-0.8878183514643003,289.0
1,0.0,1.530034232057066,1.1037888614337967,288.0
1,0.0,-0.28963214304484663,-0.6388674498520379,287.0
1,0.0,-1.0983727542012522,-1.8836219579133484,286.0
1,0.0,-0.491817295833948,0.8548379598215345,285.0
1,0.0,-0.28963214304484663,-1.634671056301086,284.0
1,0.0,-0.0874469902557452,0.10798525498474768,283.0
1,0.0,0.9234787736897618,-0.3899165482397758,282.0
1,0.0,-0.491817295833948,-1.3857201546888238,281.0
1,0.0,-2.513668823724962,-1.634671056301086,280.0
1,0.0,-0.0874469902557452,-0.3899165482397758,279.0
1,0.0,-1.3005579069903537,0.6058870582092722,278.0
1,0.0,0.3169233153224576,-1.634671056301086,277.0
1,0.0,0.7212936209006604,-0.8878183514643003,276.0
1,1.0,0.9234787736897618,-1.1367692530765623,275.0
1,0.0,-0.0874469902557452,-0.14096564662751349,274.0
1,0.0,0.3169233153224576,0.10798525498474768,273.0
1,0.0,-1.502743059779455,1.1037888614337967,272.0
1,0.0,-1.8060207889631072,1.1037888614337967,271.0
1,0.0,0.1147381625333562,-0.8878183514643003,270.0
1,0.0,-1.502743059779455,0.6058870582092722,269.0
1,0.0,-0.8961876014121508,-0.8878183514643003,268.0
1,0.0,-0.28963214304484663,0.8548379598215345,267.0
1,0.0,0.3169233153224576,-0.14096564662751349,266.0
1,0.0,1.1256639264788633,-3.1283764659746587,265.0
1,0.0,-1.502743059779455,-0.3899165482397758,264.0
1,0.0,-0.0874469902557452,-2.132572859525611,263.0
1,0.0,-0.6940024486230495,-0.8878183514643003,262.0
1,0.0,0.519108468111559,-0.6388674498520379,261.0
1,0.0,-0.0874469902557452,0.6058870582092722,260.0
1,0.0,-0.28963214304484663,-0.6388674498520379,259.0
1,0.0,0.3169233153224576,-0.6388674498520379,258.0
1,0.0,-0.491817295833948,0.8548379598215345,257.0
1,0.0,0.3169233153224576,0.6058870582092722,256.0
1,0.0,0.519108468111559,0.8548379598215345,255.0
1,0.0,-2.109298518146759,0.35693615659700995,254.0
1,0.0,0.1147381625333562,-0.6388674498520379,253.0
1,0.0,0.3169233153224576,0.6058870582092722,252.0
1,0.0,0.9234787736897618,1.6016906646583202,251.0
1,0.0,0.519108468111559,1.3527397630460578,250.0
1,0.0,0.1147381625333562,-2.132572859525611,249.0
1,0.0,1.7322193848461676,1.1037888614337967,248.0
1,0.0,1.3278490792679647,1.1037888614337967,247.0
1,0.0,0.9234787736897618,0.8548379598215345,246.0
1,0.0,0.1147381625333562,0.35693615659700995,245.0
1,0.0,-0.28963214304484663,1.1037888614337967,244.0
1,0.0,-0.491817295833948,-1.1367692530765623,243.0
1,0.0,-0.0874469902557452,-0.14096564662751349,242.0
1,0.0,0.1147381625333562,1.6016906646583202,241.0
1,0.0,-0.491817295833948,1.3527397630460578,240.0
1,0.0,-0.0874469902557452,-0.8878183514643003,239.0
1,0.0,-0.28963214304484663,1.3527397630460578,238.0
1,0.0,-1.9071133653576582,-2.6304746627501343,237.0
1,0.0,1.1256639264788633,0.6058870582092722,236.0
1,0.0,-1.8060207889631072,-0.8878183514643003,235.0
1,0.0,-0.28963214304484663,1.3527397630460578,234.0
1,0.0,-0.6940024486230495,-1.1367692530765623,233.0
1,0.0,-0.0874469902557452,-0.14096564662751349,232.0
1,0.0,-0.28963214304484663,0.10798525498474768,231.0
1,0.0,0.3169233153224576,-0.14096564662751349,230.0
1,0.0,-0.28963214304484663,1.6016906646583202,229.0
1,1.0,-0.28963214304484663,-2.132572859525611,228.0
1,0.0,0.1147381625333562,-0.8878183514643003,227.0
1,0.0,-0.28963214304484663,-0.6388674498520379,226.0
1,0.0,-0.7950950250176001,-0.3899165482397758,225.0
1,0.0,0.3169233153224576,0.8548379598215345,224.0
1,0.0,-0.0874469902557452,-0.8878183514643003,223.0
1,0.0,0.9234787736897618,0.10798525498474768,222.0
1,0.0,-0.6940024486230495,0.10798525498474768,221.0
1,0.0,-1.502743059779455,-0.3899165482397758,220.0
1,0.0,-0.6940024486230495,-0.3899165482397758,219.0
1,0.0,-0.491817295833948,-0.14096564662751349,218.0
1,0.0,-1.3005579069903537,-0.14096564662751349,217.0
1,0.0,0.7212936209006604,0.35693615659700995,216.0
1,0.0,-0.8961876014121508,-0.3899165482397758,215.0
1,0.0,-1.0983727542012522,0.10798525498474768,214.0
1,0.0,-1.3005579069903537,0.10798525498474768,213.0
1,0.0,-0.0874469902557452,1.6016906646583202,212.0
1,0.0,1.3278490792679647,1.8506415662705824,211.0
1,0.0,-2.109298518146759,-1.3857201546888238,210.0
1,0.0,0.3169233153224576,-0.6388674498520379,209.0
1,0.0,-2.109298518146759,0.35693615659700995,208.0
1,0.0,-0.9972801778067016,-1.1367692530765623,207.0
1,0.0,0.519108468111559,1.1037888614337967,206.0
1,0.0,0.1147381625333562,1.1037888614337967,205.0
1,0.0,1.530034232057066,-0.3899165482397758,204.0
1,0.0,-1.8060207889631072,0.10798525498474768,203.0
1,0.0,-0.0874469902557452,-0.14096564662751349,202.0
1,0.0,-0.491817295833948,-0.3899165482397758,201.0
1,0.0,-0.8961876014121508,-1.1367692530765623,200.0
1,0.0,-0.8961876014121508,-0.6388674498520379,199.0
1,0.0,0.1147381625333562,0.8548379598215345,198.0
1,0.0,0.519108468111559,-0.14096564662751349,197.0
1,0.0,-0.8961876014121508,-1.3857201546888238,196.0
1,0.0,0.519108468111559,-0.3899165482397758,195.0
1,0.0,1.3278490792679647,-0.3899165482397758,194.0
1,0.0,1.7322193848461676,1.3527397630460578,193.0
1,0.0,-0.28963214304484663,-0.8878183514643003,192.0
1,0.0,-0.8961876014121508,0.35693615659700995,191.0
1,0.0,-0.0874469902557452,0.6058870582092722,190.0
1,0.0,-0.0874469902557452,-0.8878183514643003,189.0
1,0.0,-0.6940024486230495,-0.3899165482397758,188.0
1,0.0,-0.28963214304484663,0.8548379598215345,187.0
1,0.0,0.2158307389279069,-0.6388674498520379,186.0
1,0.0,-0.491817295833948,-0.8878183514643003,185.0
1,0.0,1.530034232057066,-0.3899165482397758,184.0
1,0.0,0.3169233153224576,0.8548379598215345,183.0
1,0.0,0.519108468111559,-0.3899165482397758,182.0
1,0.0,0.1147381625333562,1.1037888614337967,181.0
1,1.0,-1.7049282125685563,-2.132572859525611,180.0
1,0.0,1.1256639264788633,0.10798525498474768,179.0
1,0.0,0.7212936209006604,-0.14096564662751349,178.0
1,0.0,2.1365896904243704,1.3527397630460578,177.0
1,0.0,-2.7158539765140635,-1.8836219579133484,176.0
1,0.0,-1.502743059779455,-0.8878183514643003,175.0
1,0.0,-0.8961876014121508,-1.634671056301086,174.0
1,0.0,-1.502743059779455,-0.14096564662751349,173.0
1,0.0,0.519108468111559,0.35693615659700995,172.0
1,0.0,-0.491817295833948,-0.6388674498520379,171.0
1,0.0,-1.0983727542012522,-0.8878183514643003,170.0
1,0.0,-1.502743059779455,0.6058870582092722,169.0
1,0.0,-0.0874469902557452,1.3527397630460578,168.0
1,0.0,1.1256639264788633,-2.8794255643623963,167.0
1,0.0,-0.6940024486230495,0.35693615659700995,166.0
1,0.0,1.7322193848461676,0.6058870582092722,165.0
1,0.0,-0.7950950250176001,-0.14096564662751349,164.0
1,0.0,-0.491817295833948,0.6058870582092722,163.0
1,0.0,0.4180158917170083,-0.8878183514643003,162.0
1,0.0,0.1147381625333562,-1.8836219579133484,161.0
1,0.0,0.3169233153224576,1.1037888614337967,160.0
1,0.0,-1.1590283000379829,-1.3857201546888238,159.0
1,0.0,-0.8961876014121508,-0.14096564662751349,158.0
1,0.0,-0.6940024486230495,-0.14096564662751349,157.0
1,1.0,-1.8060207889631072,-1.3857201546888238,156.0
1,0.0,-2.513668823724962,-2.132572859525611,155.0
1,0.0,-0.0874469902557452,-0.14096564662751349,154.0
1,0.0,0.3169233153224576,-1.3857201546888238,153.0
1,0.0,-2.8169465529086137,-1.1367692530765623,152.0
1,0.0,-1.502743059779455,1.6016906646583202,151.0
1,0.0,-0.6940024486230495,-0.8878183514643003,150.0
1,0.0,-0.9972801778067016,-1.1367692530765623,149.0
1,0.0,1.1256639264788633,0.6058870582092722,148.0
1,0.0,0.1147381625333562,-0.8878183514643003,147.0
1,0.0,0.1147381625333562,0.10798525498474768,146.0
1,0.0,-0.8961876014121508,0.10798525498474768,145.0
1,0.0,1.3278490792679647,0.10798525498474768,144.0
1,0.0,0.3169233153224576,-0.3899165482397758,143.0
1,0.0,-0.6940024486230495,-0.8878183514643003,142.0
1,0.0,1.530034232057066,-1.1367692530765623,141.0
1,0.0,0.9234787736897618,-1.8836219579133484,140.0
1,0.0,0.2158307389279069,0.35693615659700995,139.0
1,0.0,0.3169233153224576,-1.634671056301086,138.0
1,0.0,0.1147381625333562,-1.3857201546888238,137.0
1,0.0,-0.8961876014121508,-0.3899165482397758,136.0
1,0.0,0.3169233153224576,0.8548379598215345,135.0
1,0.0,-0.8961876014121508,-1.634671056301086,134.0
1,0.0,-1.502743059779455,0.35693615659700995,133.0
1,0.0,-1.0983727542012522,-0.8878183514643003,132.0
1,0.0,1.1256639264788633,0.10798525498474768,131.0
1,0.0,-0.7546579944597793,-1.634671056301086,130.0
1,0.0,-0.9972801778067016,-1.1367692530765623,129.0
1,0.0,0.7212936209006604,0.8548379598215345,128.0
1,0.0,0.519108468111559,0.6058870582092722,127.0
1,0.0,1.1256639264788633,1.6016906646583202,126.0
1,0.0,0.519108468111559,-1.634671056301086,125.0
1,0.0,-0.9568431472488806,0.35693615659700995,124.0
1,0.0,0.519108468111559,0.35693615659700995,123.0
1,0.0,0.3169233153224576,-1.634671056301086,122.0
1,0.0,-0.491817295833948,-0.6388674498520379,121.0
1,0.0,-0.6940024486230495,-0.8878183514643003,120.0
1,0.0,-0.491817295833948,-0.8878183514643003,119.0
1,0.0,0.9234787736897618,1.3527397630460578,118.0
1,0.0,-0.6940024486230495,-1.8836219579133484,117.0
1,0.0,1.530034232057066,0.6058870582092722,116.0
1,1.0,0.519108468111559,-0.3899165482397758,115.0
1,0.0,1.7322193848461676,-0.6388674498520379,114.0
1,0.0,-1.3005579069903537,-1.3857201546888238,113.0
1,0.0,-0.0874469902557452,1.1037888614337967,112.0
1,0.0,-3.7267797404595706,-2.6304746627501343,111.0
1,0.0,0.1147381625333562,-0.14096564662751349,110.0
1,0.0,-0.28963214304484663,1.3527397630460578,109.0
1,0.0,0.9234787736897618,-0.3899165482397758,108.0
1,0.0,0.3169233153224576,0.8548379598215345,107.0
1,0.0,0.9234787736897618,1.1037888614337967,106.0
1,0.0,-1.502743059779455,0.35693615659700995,105.0
1,0.0,0.3169233153224576,-0.6388674498520379,104.0
1,0.0,-0.28963214304484663,-1.634671056301086,103.0
1,0.0,-1.502743059779455,0.6058870582092722,102.0
1,0.0,-0.28963214304484663,0.6058870582092722,101.0
1,0.0,0.519108468111559,-0.14096564662751349,100.0
1,0.0,-0.0874469902557452,-1.3857201546888238,99.0
1,0.0,-2.109298518146759,-0.6388674498520379,98.0
1,0.0,2.1365896904243704,1.3527397630460578,97.0
1,1.0,0.1147381625333562,-0.14096564662751349,96.0
1,0.0,1.9344045376352692,0.8548379598215345,95.0
1,0.0,1.7322193848461676,1.8506415662705824,94.0
1,0.0,-1.502743059779455,0.6058870582092722,93.0
1,0.0,1.1256639264788633,1.3527397630460578,92.0
1,0.0,1.9344045376352692,0.8548379598215345,91.0
1,0.0,0.3169233153224576,0.35693615659700995,90.0
1,0.0,-1.4016504833849044,-0.8878183514643003,89.0
1,0.0,0.9234787736897618,0.35693615659700995,88.0
1,0.0,1.9344045376352692,0.6058870582092722,87.0
1,0.0,-0.8961876014121508,-0.14096564662751349,86.0
1,0.0,-1.4420875139427245,-0.3899165482397758,85.0
1,0.0,-0.491817295833948,0.10798525498474768,84.0
1,1.0,-2.513668823724962,-0.6388674498520379,83.0
1,0.0,-3.1202242820922663,-1.634671056301086,82.0
1,0.0,-0.28963214304484663,-0.8878183514643003,81.0
1,0.0,-0.6940024486230495,-1.1367692530765623,80.0
1,0.0,-0.0874469902557452,-0.3899165482397758,79.0
1,0.0,0.9234787736897618,0.10798525498474768,78.0
1,0.0,0.3169233153224576,0.8548379598215345,77.0
1,0.0,0.7212936209006604,-0.14096564662751349,76.0
1,0.0,-0.491817295833948,-0.6388674498520379,75.0
1,0.0,-0.0874469902557452,0.35693615659700995,74.0
1,0.0,-1.3005579069903537,-0.14096564662751349,73.0
1,0.0,0.519108468111559,0.6058870582092722,72.0
1,0.0,1.7322193848461676,-0.6388674498520379,71.0
1,0.0,0.7212936209006604,0.8548379598215345,70.0
1,0.0,0.3169233153224576,1.3527397630460578,69.0
1,0.0,0.519108468111559,-0.3899165482397758,68.0
1,0.0,-0.28963214304484663,-0.14096564662751349,67.0
1,0.0,0.519108468111559,-0.3899165482397758,66.0
1,0.0,-0.28963214304484663,-0.3899165482397758,65.0
1,0.0,-0.491817295833948,-1.1367692530765623,64.0
1,0.0,-1.9071133653576582,-0.14096564662751349,63.0
1,1.0,-1.3005579069903537,-0.14096564662751349,62.0
1,0.0,-0.6940024486230495,-0.3899165482397758,61.0
1,0.0,0.3169233153224576,0.8548379598215345,60.0
1,0.0,0.4180158917170083,0.6058870582092722,59.0
1,0.0,-0.0874469902557452,-1.634671056301086,58.0
1,0.0,1.9344045376352692,0.35693615659700995,57.0
1,0.0,0.4180158917170083,0.35693615659700995,56.0
1,0.0,-0.491817295833948,0.10798525498474768,55.0
1,0.0,-0.9972801778067016,-0.3899165482397758,54.0
1,0.0,1.226756502873414,1.3527397630460578,53.0
1,0.0,-0.8961876014121508,-0.14096564662751349,52.0
1,0.0,0.7212936209006604,-1.3857201546888238,51.0
1,0.0,0.3169233153224576,1.3527397630460578,50.0
1,0.0,-0.0874469902557452,0.6058870582092722,49.0
1,0.0,-0.491817295833948,-0.14096564662751349,48.0
1,0.0,0.7212936209006604,1.1037888614337967,47.0
1,0.0,0.7212936209006604,-0.14096564662751349,46.0
1,1.0,-0.6940024486230495,-0.8878183514643003,45.0
1,0.0,0.3169233153224576,0.10798525498474768,44.0
1,0.0,-1.8060207889631072,0.6058870582092722,43.0
1,0.0,-0.5929098722284988,-0.14096564662751349,42.0
1,0.0,-1.7049282125685563,-0.6388674498520379,41.0
1,0.0,-0.0874469902557452,1.6016906646583202,40.0
1,0.0,-0.491817295833948,0.10798525498474768,39.0
1,1.0,-0.6940024486230495,-0.3899165482397758,38.0
1,0.0,-0.28963214304484663,-1.3857201546888238,37.0
1,0.0,1.1256639264788633,0.35693615659700995,36.0
1,0.0,-0.28963214304484663,0.6058870582092722,35.0
1,1.0,-2.7158539765140635,-0.3899165482397758,34.0
1,0.0,-0.0874469902557452,0.35693615659700995,33.0
1,0.0,0.9234787736897618,-0.14096564662751349,32.0
1,0.0,-2.513668823724962,-1.3857201546888238,31.0
1,0.0,-1.8060207889631072,-1.8836219579133484,30.0
1,0.0,0.1147381625333562,0.8548379598215345,29.0
1,0.0,0.1147381625333562,0.35693615659700995,28.0
1,0.0,0.3169233153224576,1.1037888614337967,27.0
1,0.0,-1.0377172083645223,-0.14096564662751349,26.0
1,0.0,0.9234787736897618,-0.8878183514643003,25.0
1,0.0,0.1147381625333562,-0.3899165482397758,24.0
1,0.0,0.1147381625333562,1.1037888614337967,23.0
1,0.0,0.519108468111559,0.10798525498474768,22.0
1,0.0,0.3169233153224576,-1.8836219579133484,21.0
1,0.0,1.1256639264788633,-0.8878183514643003,20.0
1,0.0,1.1256639264788633,-1.8836219579133484,19.0
1,1.0,-0.28963214304484663,-0.6388674498520379,18.0
1,0.0,-2.918039129303165,-1.1367692530765623,17.0
1,0.0,1.7322193848461676,1.3527397630460578,16.0
1,0.0,0.1147381625333562,-0.3899165482397758,15.0
1,0.0,-2.25082812509913,0.35693615659700995,14.0
1,1.0,-1.7049282125685563,-1.1367692530765623,13.0
1,0.0,0.519108468111559,-0.14096564662751349,12.0
1,0.0,0.3169233153224576,-1.1367692530765623,11.0
1,0.0,-0.6940024486230495,0.8548379598215345,10.0
1,0.0,-2.109298518146759,1.1037888614337967,9.0
1,0.0,-0.28963214304484663,-0.8878183514643003,8.0
1,0.0,-0.6940024486230495,0.6058870582092722,7.0
1,0.0,0.7212936209006604,-0.6388674498520379,6.0
1,0.0,-2.109298518146759,-1.634671056301086,5.0
1,0.0,-0.0874469902557452,-0.3899165482397758,4.0
1,0.0,-0.491817295833948,-0.6388674498520379,3.0
1,0.0,-0.28963214304484663,0.35693615659700995,2.0
1,0.0,1.530034232057066,0.35693615659700995,1.0
