1,0.0,0.3171667718611182,0.6093287536067398,1494.0
1,0.0,1.7346550561882343,-2.6241481275675267,1493.0
1,0.0,-1.2420703408987095,-1.1317741824101737,1492.0
1,0.0,1.3296584035233439,-2.3754191367079684,1491.0
1,0.0,-0.08782988080377216,0.6093287536067398,1490.0
1,0.0,0.7221634245260085,0.11187077188762133,1489.0
1,0.0,0.114668445528673,-0.8830451915506145,1488.0
1,0.0,-1.1003215124659982,-2.3754191367079684,1487.0
1,0.0,-0.08782988080377216,0.3605997627471805,1486.0
1,0.0,-0.8978231861335528,-0.385587209831496,1485.0
1,0.0,1.3296584035233439,0.3605997627471805,1484.0
1,0.0,1.5321567298557892,0.6093287536067398,1483.0
1,0.0,-0.08782988080377216,-1.1317741824101737,1482.0
1,0.0,0.7221634245260085,-2.1266901458484093,1481.0
1,0.0,0.114668445528673,0.3605997627471805,1480.0
1,0.0,1.1271600771908987,1.1067867353258585,1479.0
1,0.0,-2.4165606336268914,-1.1317741824101737,1478.0
1,0.0,0.3171667718611182,1.8529737079045348,1477.0
1,0.0,0.7221634245260085,-0.8830451915506145,1476.0
1,0.0,-0.4928265334686625,1.3555157261854165,1475.0
1,0.0,1.5321567298557892,0.8580577444662989,1474.0
1,0.0,0.9246617508584536,1.8529737079045348,1473.0
1,0.0,0.5196650981935633,0.3605997627471805,1472.0
1,0.0,0.3171667718611182,1.8529737079045348,1471.0
1,0.0,-0.2903282071362173,-0.8830451915506145,1470.0
1,0.0,-0.4928265334686625,-0.13685821897193678,1469.0
1,0.0,-0.4928265334686625,0.3605997627471805,1468.0
1,0.0,0.5196650981935633,1.8529737079045348,1467.0
1,0.0,0.4184159350273408,1.8529737079045348,1466.0
1,0.0,1.7346550561882343,1.1067867353258585,1465.0
1,0.0,2.139651708853125,1.6042447170449754,1464.0
1,0.0,1.5321567298557892,0.8580577444662989,1463.0
1,0.0,-0.2903282071362173,-0.385587209831496,1462.0
1,0.0,0.114668445528673,0.3605997627471805,1461.0
1,0.0,0.5196650981935633,0.3605997627471805,1460.0
1,0.0,-0.08782988080377216,1.8529737079045348,1459.0
1,0.0,0.9246617508584536,0.11187077188762133,1458.0
1,0.0,1.7346550561882343,0.8580577444662989,1457.0
1,0.0,0.3171667718611182,0.3605997627471805,1456.0
1,0.0,-0.4928265334686625,0.6093287536067398,1455.0
1,0.0,0.3171667718611182,-1.1317741824101737,1454.0
1,0.0,0.9246617508584536,-0.8830451915506145,1453.0
1,0.0,-0.2903282071362173,0.6093287536067398,1452.0
1,0.0,-0.08782988080377216,1.3555157261854165,1451.0
1,0.0,0.9246617508584536,0.8580577444662989,1450.0
1,0.0,-0.2903282071362173,1.6042447170449754,1449.0
1,0.0,-0.6953248598011076,1.8529737079045348,1448.0
1,0.0,-0.08782988080377216,1.3555157261854165,1447.0
1,0.0,2.139651708853125,1.3555157261854165,1446.0
1,0.0,-1.3028198387984429,0.11187077188762133,1445.0
1,0.0,0.3171667718611182,1.1067867353258585,1444.0
1,0.0,1.3296584035233439,0.6093287536067398,1443.0
1,0.0,0.9246617508584536,0.3605997627471805,1442.0
1,0.0,0.9246617508584536,-1.6292321641292908,1441.0
1,0.0,-1.4040690019646658,-0.13685821897193678,1440.0
1,0.0,1.3296584035233439,1.6042447170449754,1439.0
1,0.0,1.9371533825206797,1.8529737079045348,1438.0
1,0.0,0.5196650981935633,-0.13685821897193678,1437.0
1,0.0,0.5196650981935633,1.8529737079045348,1436.0
1,0.0,-0.4928265334686625,-2.3754191367079684,1435.0
1,0.0,0.114668445528673,-0.8830451915506145,1434.0
1,0.0,0.7221634245260085,-1.1317741824101737,1433.0
1,0.0,0.3171667718611182,-1.3805031732697317,1432.0
1,0.0,-0.8978231861335528,-0.6343162006910552,1431.0
1,0.0,-1.5053181651308882,1.1067867353258585,1430.0
1,0.0,0.7221634245260085,1.3555157261854165,1429.0
1,0.0,0.013419282362450423,0.11187077188762133,1428.0
1,0.0,-0.08782988080377216,0.8580577444662989,1427.0
1,0.0,-0.2903282071362173,0.3605997627471805,1426.0
1,0.0,0.3171667718611182,-1.8779611549888504,1425.0
1,0.0,-0.2903282071362173,0.8580577444662989,1424.0
1,0.0,-1.1003215124659982,0.11187077188762133,1423.0
1,0.0,0.3171667718611182,1.3555157261854165,1422.0
1,0.0,-1.1003215124659982,1.6042447170449754,1421.0
1,0.0,1.9371533825206797,0.6093287536067398,1420.0
1,0.0,-0.08782988080377216,0.8580577444662989,1419.0
1,0.0,-1.1003215124659982,1.1067867353258585,1418.0
1,0.0,0.5196650981935633,0.11187077188762133,1417.0
1,0.0,-0.8978231861335528,-0.8830451915506145,1416.0
1,0.0,-0.2903282071362173,-0.385587209831496,1415.0
1,0.0,0.3171667718611182,0.11187077188762133,1414.0
1,0.0,-0.7965740229673303,-1.6292321641292908,1413.0
1,0.0,-0.4928265334686625,0.8580577444662989,1412.0
1,0.0,2.139651708853125,1.1067867353258585,1411.0
1,0.0,0.114668445528673,-0.13685821897193678,1410.0
1,0.0,1.1271600771908987,1.1067867353258585,1409.0
1,0.0,0.5196650981935633,-0.8830451915506145,1408.0
1,0.0,-0.08782988080377216,-0.385587209831496,1407.0
1,0.0,-0.4928265334686625,-1.3805031732697317,1406.0
1,0.0,-0.4928265334686625,-2.1266901458484093,1405.0
1,0.0,-0.8978231861335528,0.8580577444662989,1404.0
1,0.0,1.5321567298557892,1.6042447170449754,1403.0
1,0.0,-0.8978231861335528,1.6042447170449754,1402.0
1,0.0,-1.3028198387984429,-0.13685821897193678,1401.0
1,0.0,0.9246617508584536,0.8580577444662989,1400.0
1,0.0,0.7221634245260085,-0.8830451915506145,1399.0
1,0.0,-0.4928265334686625,1.8529737079045348,1398.0
1,0.0,0.9246617508584536,0.11187077188762133,1397.0
1,0.0,0.114668445528673,1.1067867353258585,1396.0
1,0.0,0.3171667718611182,0.8580577444662989,1395.0
1,1.0,-2.8215572862917817,-1.8779611549888504,1394.0
1,0.0,0.7221634245260085,-0.13685821897193678,1393.0
1,0.0,0.114668445528673,1.6042447170449754,1392.0
1,0.0,0.6209142613597859,1.3555157261854165,1391.0
1,0.0,-0.6953248598011076,0.8580577444662989,1390.0
1,0.0,-0.8978231861335528,1.3555157261854165,1389.0
1,0.0,0.5196650981935633,1.8529737079045348,1388.0
1,0.0,-0.6953248598011076,-1.3805031732697317,1387.0
1,0.0,1.5321567298557892,1.1067867353258585,1386.0
1,0.0,-0.6953248598011076,-1.1317741824101737,1385.0
1,0.0,1.1271600771908987,-1.3805031732697317,1384.0
1,0.0,-0.2903282071362173,0.3605997627471805,1383.0
1,0.0,-0.9990723492997754,-0.6343162006910552,1382.0
1,0.0,-0.08782988080377216,1.3555157261854165,1381.0
1,0.0,-0.8978231861335528,1.6042447170449754,1380.0
1,0.0,-1.1003215124659982,0.8580577444662989,1379.0
1,0.0,-0.6953248598011076,-0.6343162006910552,1378.0
1,0.0,1.1271600771908987,-0.13685821897193678,1377.0
1,0.0,-0.4928265334686625,0.3605997627471805,1376.0
1,0.0,1.3296584035233439,1.1067867353258585,1375.0
1,0.0,1.3296584035233439,1.6042447170449754,1374.0
1,0.0,-0.9990723492997754,0.6093287536067398,1373.0
1,0.0,1.3296584035233439,0.8580577444662989,1372.0
1,0.0,0.3171667718611182,0.3605997627471805,1371.0
1,0.0,0.114668445528673,1.6042447170449754,1370.0
1,0.0,-0.08782988080377216,0.8580577444662989,1369.0
1,0.0,0.9246617508584536,0.8580577444662989,1368.0
1,0.0,1.7346550561882343,1.1067867353258585,1367.0
1,0.0,0.7221634245260085,0.3605997627471805,1366.0
1,0.0,0.7221634245260085,-1.1317741824101737,1365.0
1,0.0,0.9246617508584536,0.3605997627471805,1364.0
1,0.0,0.3171667718611182,-1.1317741824101737,1363.0
1,0.0,0.3171667718611182,0.6093287536067398,1362.0
1,0.0,-0.08782988080377216,-1.1317741824101737,1361.0
1,0.0,0.3171667718611182,1.1067867353258585,1360.0
1,0.0,1.3296584035233439,-0.385587209831496,1359.0
1,0.0,0.9246617508584536,0.3605997627471805,1358.0
1,0.0,-0.08782988080377216,0.11187077188762133,1357.0
1,0.0,-1.4040690019646658,1.1067867353258585,1356.0
1,0.0,-0.4928265334686625,1.3555157261854165,1355.0
1,0.0,0.5196650981935633,-0.8830451915506145,1354.0
1,0.0,-0.8978231861335528,-0.385587209831496,1353.0
1,0.0,-0.08782988080377216,-1.1317741824101737,1352.0
1,0.0,1.7346550561882343,0.11187077188762133,1351.0
1,0.0,-0.08782988080377216,-0.8830451915506145,1350.0
1,0.0,-1.1003215124659982,0.3605997627471805,1349.0
1,0.0,0.7221634245260085,0.6093287536067398,1348.0
1,0.0,-0.08782988080377216,-1.1317741824101737,1347.0
1,0.0,-0.08782988080377216,-0.385587209831496,1346.0
1,0.0,-0.2903282071362173,-0.385587209831496,1345.0
1,0.0,-0.6953248598011076,-0.6343162006910552,1344.0
1,0.0,1.5321567298557892,-0.385587209831496,1343.0
1,0.0,0.7221634245260085,0.11187077188762133,1342.0
1,0.0,0.9246617508584536,0.6093287536067398,1341.0
1,0.0,0.5196650981935633,0.11187077188762133,1340.0
1,0.0,1.9371533825206797,0.3605997627471805,1339.0
1,0.0,-1.7078164914633334,-3.121606109286645,1338.0
1,0.0,1.5321567298557892,0.6093287536067398,1337.0
1,0.0,1.3296584035233439,-0.385587209831496,1336.0
1,0.0,0.3171667718611182,1.3555157261854165,1335.0
1,0.0,0.114668445528673,-0.385587209831496,1334.0
1,0.0,0.7221634245260085,-0.8830451915506145,1333.0
1,0.0,0.9246617508584536,-0.385587209831496,1332.0
1,0.0,-0.2903282071362173,-0.6343162006910552,1331.0
1,0.0,-0.4928265334686625,-1.1317741824101737,1330.0
1,0.0,1.7346550561882343,1.3555157261854165,1329.0
1,0.0,-0.2903282071362173,-0.385587209831496,1328.0
1,0.0,1.5321567298557892,1.1067867353258585,1327.0
1,0.0,0.3171667718611182,0.8580577444662989,1326.0
1,1.0,-2.9228064494580046,-2.6241481275675267,1325.0
1,0.0,0.3171667718611182,-1.3805031732697317,1324.0
1,0.0,0.9246617508584536,-1.1317741824101737,1323.0
1,0.0,-0.08782988080377216,-0.6343162006910552,1322.0
1,0.0,0.5196650981935633,-0.6343162006910552,1321.0
1,0.0,0.5196650981935633,0.11187077188762133,1320.0
1,0.0,-2.659558625225825,-1.3805031732697317,1319.0
1,0.0,0.7221634245260085,0.3605997627471805,1318.0
1,0.0,0.114668445528673,-0.385587209831496,1317.0
1,0.0,2.139651708853125,1.6042447170449754,1316.0
1,0.0,-0.8978231861335528,-0.385587209831496,1315.0
1,0.0,1.9371533825206797,1.8529737079045348,1314.0
1,0.0,-1.5053181651308882,-0.8830451915506145,1313.0
1,0.0,1.5321567298557892,-0.385587209831496,1312.0
1,0.0,-1.6065673282971107,0.11187077188762133,1311.0
1,0.0,1.7346550561882343,1.1067867353258585,1310.0
1,0.0,0.114668445528673,0.3605997627471805,1309.0
1,0.0,1.9371533825206797,0.3605997627471805,1308.0
1,0.0,-0.6953248598011076,-0.385587209831496,1307.0
1,0.0,-0.3915773703024399,0.8580577444662989,1306.0
1,0.0,-1.9103148177957785,-0.13685821897193678,1305.0
1,0.0,-0.8978231861335528,-0.8830451915506145,1304.0
1,0.0,-0.8978231861335528,-0.13685821897193678,1303.0
1,0.0,-0.8978231861335528,-1.3805031732697317,1302.0
1,0.0,-0.6953248598011076,-2.3754191367079684,1301.0
1,0.0,1.5321567298557892,0.8580577444662989,1300.0
1,0.0,-0.4928265334686625,1.8529737079045348,1299.0
1,0.0,-0.2903282071362173,0.11187077188762133,1298.0
1,0.0,0.5196650981935633,-0.13685821897193678,1297.0
1,0.0,0.9246617508584536,-0.6343162006910552,1296.0
1,0.0,-1.5053181651308882,1.3555157261854165,1295.0
1,0.0,1.9371533825206797,1.1067867353258585,1294.0
1,0.0,0.5196650981935633,-0.13685821897193678,1293.0
1,0.0,-1.1003215124659982,-1.3805031732697317,1292.0
1,0.0,2.139651708853125,0.8580577444662989,1291.0
1,0.0,-1.7078164914633334,-0.8830451915506145,1290.0
1,0.0,-0.4928265334686625,-0.13685821897193678,1289.0
1,0.0,0.5196650981935633,-2.1266901458484093,1288.0
1,0.0,1.5321567298557892,0.8580577444662989,1287.0
1,0.0,0.7221634245260085,1.3555157261854165,1286.0
1,0.0,0.3171667718611182,1.8529737079045348,1285.0
1,0.0,0.114668445528673,0.6093287536067398,1284.0
1,0.0,1.1271600771908987,1.6042447170449754,1283.0
1,0.0,0.7221634245260085,-1.8779611549888504,1282.0
1,0.0,-1.1003215124659982,-0.13685821897193678,1281.0
1,0.0,-0.2903282071362173,0.3605997627471805,1280.0
1,0.0,0.7221634245260085,-0.385587209831496,1279.0
1,0.0,-1.1003215124659982,1.6042447170449754,1278.0
1,0.0,0.3171667718611182,1.6042447170449754,1277.0
1,0.0,1.1271600771908987,0.11187077188762133,1276.0
1,0.0,1.7346550561882343,-0.13685821897193678,1275.0
1,0.0,-0.8978231861335528,1.1067867353258585,1274.0
1,0.0,0.114668445528673,1.3555157261854165,1273.0
1,0.0,-0.4928265334686625,-1.1317741824101737,1272.0
1,0.0,-0.8978231861335528,1.6042447170449754,1271.0
1,0.0,-0.18907904396999475,-0.13685821897193678,1270.0
1,0.0,1.5321567298557892,1.3555157261854165,1269.0
1,0.0,-0.6953248598011076,1.6042447170449754,1268.0
1,0.0,0.114668445528673,-1.8779611549888504,1267.0
1,0.0,-0.18907904396999475,0.8580577444662989,1266.0
1,0.0,-0.594075696634885,0.6093287536067398,1265.0
1,0.0,0.114668445528673,-0.8830451915506145,1264.0
1,0.0,-0.2903282071362173,0.8580577444662989,1263.0
1,1.0,-1.1003215124659982,-1.3805031732697317,1262.0
1,0.0,-0.8978231861335528,-0.13685821897193678,1261.0
1,0.0,-0.2903282071362173,0.3605997627471805,1260.0
1,0.0,-0.08782988080377216,-1.8779611549888504,1259.0
1,0.0,0.3171667718611182,-0.8830451915506145,1258.0
1,0.0,0.5196650981935633,0.8580577444662989,1257.0
1,0.0,-0.4928265334686625,-0.385587209831496,1256.0
1,0.0,-0.6953248598011076,0.8580577444662989,1255.0
1,0.0,-0.6953248598011076,-0.385587209831496,1254.0
1,0.0,2.139651708853125,1.1067867353258585,1253.0
1,0.0,0.5196650981935633,-1.3805031732697317,1252.0
1,0.0,0.3171667718611182,-0.6343162006910552,1251.0
1,0.0,2.139651708853125,0.8580577444662989,1250.0
1,0.0,1.1271600771908987,-1.1317741824101737,1249.0
1,0.0,-0.8978231861335528,-1.1317741824101737,1248.0
1,0.0,2.139651708853125,1.6042447170449754,1247.0
1,0.0,-0.4928265334686625,0.3605997627471805,1246.0
1,0.0,1.5321567298557892,0.6093287536067398,1245.0
1,0.0,-0.08782988080377216,1.1067867353258585,1244.0
1,0.0,-0.6953248598011076,0.6093287536067398,1243.0
1,0.0,0.114668445528673,-0.13685821897193678,1242.0
1,0.0,0.3171667718611182,1.8529737079045348,1241.0
1,0.0,0.7221634245260085,0.11187077188762133,1240.0
1,0.0,0.5196650981935633,-0.385587209831496,1239.0
1,0.0,0.9246617508584536,-0.13685821897193678,1238.0
1,0.0,0.7221634245260085,-1.1317741824101737,1237.0
1,0.0,-1.5053181651308882,-1.8779611549888504,1236.0
1,0.0,1.3296584035233439,0.8580577444662989,1235.0
1,0.0,-0.9990723492997754,-2.1266901458484093,1234.0
1,0.0,0.7221634245260085,0.8580577444662989,1233.0
1,0.0,0.7221634245260085,1.3555157261854165,1232.0
1,0.0,0.5196650981935633,0.11187077188762133,1231.0
1,0.0,0.5196650981935633,-0.385587209831496,1230.0
1,0.0,-0.3915773703024399,0.11187077188762133,1229.0
1,0.0,-0.4928265334686625,0.3605997627471805,1228.0
1,0.0,-0.2903282071362173,0.6093287536067398,1227.0
1,0.0,1.7346550561882343,1.3555157261854165,1226.0
1,0.0,-0.2903282071362173,-0.13685821897193678,1225.0
1,0.0,-0.2903282071362173,0.11187077188762133,1224.0
1,0.0,-0.6953248598011076,0.8580577444662989,1223.0
1,0.0,0.114668445528673,-1.6292321641292908,1222.0
1,0.0,1.5321567298557892,1.8529737079045348,1221.0
1,0.0,1.5321567298557892,1.3555157261854165,1220.0
1,0.0,-0.4928265334686625,-0.385587209831496,1219.0
1,0.0,1.3296584035233439,1.1067867353258585,1218.0
1,0.0,1.3296584035233439,1.3555157261854165,1217.0
1,0.0,0.3171667718611182,0.3605997627471805,1216.0
1,0.0,0.9246617508584536,-0.6343162006910552,1215.0
1,0.0,0.3171667718611182,-0.13685821897193678,1214.0
1,0.0,-0.18907904396999475,1.6042447170449754,1213.0
1,0.0,0.3171667718611182,-0.8830451915506145,1212.0
1,0.0,0.9246617508584536,-0.13685821897193678,1211.0
1,0.0,-1.1003215124659982,-2.1266901458484093,1210.0
1,0.0,0.9246617508584536,0.3605997627471805,1209.0
1,0.0,-0.08782988080377216,0.8580577444662989,1208.0
1,0.0,0.114668445528673,0.11187077188762133,1207.0
1,0.0,-0.4928265334686625,0.3605997627471805,1206.0
1,0.0,1.1271600771908987,0.3605997627471805,1205.0
1,0.0,0.7221634245260085,1.3555157261854165,1204.0
1,1.0,-0.08782988080377216,-0.6343162006910552,1203.0
1,0.0,1.7346550561882343,-0.6343162006910552,1202.0
1,0.0,-0.08782988080377216,0.11187077188762133,1201.0
1,0.0,-0.8978231861335528,-1.1317741824101737,1200.0
1,0.0,-0.08782988080377216,0.11187077188762133,1199.0
1,0.0,-0.08782988080377216,-0.13685821897193678,1198.0
1,0.0,0.9246617508584536,-1.6292321641292908,1197.0
1,0.0,0.3171667718611182,0.6093287536067398,1196.0
1,0.0,-0.08782988080377216,0.11187077188762133,1195.0
1,0.0,1.1271600771908987,-1.8779611549888504,1194.0
1,0.0,-0.2903282071362173,-0.385587209831496,1193.0
1,0.0,0.3171667718611182,0.3605997627471805,1192.0
1,0.0,-0.6953248598011076,1.1067867353258585,1191.0
1,0.0,1.9371533825206797,0.6093287536067398,1190.0
1,0.0,1.5321567298557892,0.3605997627471805,1189.0
1,0.0,-0.7965740229673303,0.3605997627471805,1188.0
1,0.0,0.9246617508584536,0.8580577444662989,1187.0
1,0.0,-1.1003215124659982,0.3605997627471805,1186.0
1,0.0,-0.6953248598011076,-0.13685821897193678,1185.0
1,0.0,0.9246617508584536,1.1067867353258585,1184.0
1,0.0,-0.4928265334686625,1.6042447170449754,1183.0
1,0.0,0.114668445528673,-0.13685821897193678,1182.0
1,0.0,1.5321567298557892,1.1067867353258585,1181.0
1,0.0,-1.1003215124659982,0.3605997627471805,1180.0
1,0.0,0.9246617508584536,1.8529737079045348,1179.0
1,0.0,-0.4928265334686625,-0.8830451915506145,1178.0
1,0.0,-0.8978231861335528,-0.385587209831496,1177.0
1,0.0,0.5196650981935633,-0.13685821897193678,1176.0
1,0.0,-1.363569336698177,-0.6343162006910552,1175.0
1,0.0,-0.2903282071362173,0.11187077188762133,1174.0
1,0.0,1.5321567298557892,-0.385587209831496,1173.0
1,0.0,0.114668445528673,-0.6343162006910552,1172.0
1,0.0,0.7221634245260085,-0.13685821897193678,1171.0
1,0.0,0.7221634245260085,1.1067867353258585,1170.0
1,0.0,1.9371533825206797,0.8580577444662989,1169.0
1,0.0,-0.594075696634885,0.6093287536067398,1168.0
1,0.0,-0.2903282071362173,-0.8830451915506145,1167.0
1,0.0,-0.4928265334686625,-0.385587209831496,1166.0
1,0.0,-0.2903282071362173,-0.385587209831496,1165.0
1,0.0,-1.7078164914633334,0.6093287536067398,1164.0
1,0.0,-0.2903282071362173,-1.6292321641292908,1163.0
1,0.0,-0.08782988080377216,-0.385587209831496,1162.0
1,0.0,-0.08782988080377216,1.3555157261854165,1161.0
1,0.0,-0.08782988080377216,0.6093287536067398,1160.0
1,0.0,-0.18907904396999475,0.3605997627471805,1159.0
1,0.0,0.114668445528673,-0.385587209831496,1158.0
1,0.0,0.3171667718611182,-0.385587209831496,1157.0
1,0.0,0.5196650981935633,0.3605997627471805,1156.0
1,0.0,-0.08782988080377216,0.3605997627471805,1155.0
1,0.0,0.114668445528673,0.11187077188762133,1154.0
1,0.0,-0.2903282071362173,0.6093287536067398,1153.0
1,0.0,-0.4928265334686625,1.1067867353258585,1152.0
1,0.0,0.7221634245260085,0.3605997627471805,1151.0
1,0.0,0.7221634245260085,-1.8779611549888504,1150.0
1,0.0,0.3171667718611182,-0.13685821897193678,1149.0
1,0.0,-1.3028198387984429,0.11187077188762133,1148.0
1,0.0,-0.6953248598011076,-1.8779611549888504,1147.0
1,0.0,0.5196650981935633,1.1067867353258585,1146.0
1,1.0,-1.9103148177957785,0.6093287536067398,1145.0
1,0.0,0.5196650981935633,-0.385587209831496,1144.0
1,0.0,-0.2903282071362173,0.8580577444662989,1143.0
1,0.0,0.5196650981935633,1.3555157261854165,1142.0
1,0.0,0.7221634245260085,-0.6343162006910552,1141.0
1,0.0,1.5321567298557892,-0.13685821897193678,1140.0
1,0.0,-0.8978231861335528,0.6093287536067398,1139.0
1,0.0,1.5321567298557892,1.6042447170449754,1138.0
1,0.0,0.9246617508584536,-2.3754191367079684,1137.0
1,0.0,1.3296584035233439,-0.13685821897193678,1136.0
1,0.0,1.1271600771908987,1.8529737079045348,1135.0
1,0.0,0.114668445528673,0.3605997627471805,1134.0
1,0.0,-0.8978231861335528,-1.1317741824101737,1133.0
1,0.0,1.9371533825206797,-1.1317741824101737,1132.0
1,0.0,0.114668445528673,-1.1317741824101737,1131.0
1,0.0,0.7221634245260085,-0.385587209831496,1130.0
1,0.0,-0.6953248598011076,-0.13685821897193678,1129.0
1,0.0,0.5196650981935633,-0.13685821897193678,1128.0
1,0.0,-0.8978231861335528,-0.385587209831496,1127.0
1,0.0,-0.2903282071362173,-1.3805031732697317,1126.0
1,0.0,-0.08782988080377216,0.3605997627471805,1125.0
1,0.0,0.7221634245260085,-1.1317741824101737,1124.0
1,0.0,-0.3915773703024399,0.8580577444662989,1123.0
1,0.0,1.9371533825206797,1.1067867353258585,1122.0
1,0.0,-0.08782988080377216,0.3605997627471805,1121.0
1,0.0,-0.08782988080377216,0.6093287536067398,1120.0
1,0.0,0.9246617508584536,0.6093287536067398,1119.0
1,0.0,1.5321567298557892,-1.6292321641292908,1118.0
1,0.0,0.7221634245260085,1.6042447170449754,1117.0
1,0.0,0.5196650981935633,0.6093287536067398,1116.0
1,0.0,1.3296584035233439,0.8580577444662989,1115.0
1,0.0,-2.315311470460669,1.1067867353258585,1114.0
1,0.0,-1.3028198387984429,-0.13685821897193678,1113.0
1,0.0,1.3296584035233439,1.3555157261854165,1112.0
1,0.0,-0.6953248598011076,-0.8830451915506145,1111.0
1,0.0,0.9246617508584536,1.6042447170449754,1110.0
1,0.0,-0.2903282071362173,1.1067867353258585,1109.0
1,0.0,0.9246617508584536,-0.6343162006910552,1108.0
1,0.0,0.9246617508584536,0.8580577444662989,1107.0
1,0.0,0.9246617508584536,0.8580577444662989,1106.0
1,0.0,0.114668445528673,0.8580577444662989,1105.0
1,0.0,0.9246617508584536,0.11187077188762133,1104.0
1,0.0,0.7221634245260085,-0.13685821897193678,1103.0
1,0.0,-1.4040690019646658,-0.8830451915506145,1102.0
1,0.0,-0.2903282071362173,-0.13685821897193678,1101.0
1,0.0,0.3171667718611182,-0.6343162006910552,1100.0
1,0.0,-0.2903282071362173,-0.385587209831496,1099.0
1,0.0,1.1271600771908987,1.1067867353258585,1098.0
1,0.0,-0.4928265334686625,0.11187077188762133,1097.0
1,0.0,0.5196650981935633,0.11187077188762133,1096.0
1,0.0,-1.5053181651308882,1.6042447170449754,1095.0
1,0.0,2.139651708853125,1.1067867353258585,1094.0
1,0.0,0.5196650981935633,1.6042447170449754,1093.0
1,0.0,-0.08782988080377216,1.1067867353258585,1092.0
1,0.0,0.3171667718611182,-0.13685821897193678,1091.0
1,0.0,0.9246617508584536,-1.3805031732697317,1090.0
1,1.0,-1.1003215124659982,-0.385587209831496,1089.0
1,0.0,-0.9990723492997754,0.6093287536067398,1088.0
1,0.0,0.5196650981935633,-0.13685821897193678,1087.0
1,0.0,-0.08782988080377216,-0.385587209831496,1086.0
1,0.0,1.7346550561882343,0.3605997627471805,1085.0
1,0.0,-1.3028198387984429,-0.13685821897193678,1084.0
1,0.0,0.114668445528673,1.3555157261854165,1083.0
1,0.0,-1.7078164914633334,0.6093287536067398,1082.0
1,0.0,-2.4165606336268914,-1.3805031732697317,1081.0
1,0.0,0.7221634245260085,0.8580577444662989,1080.0
1,0.0,2.139651708853125,-0.13685821897193678,1079.0
1,0.0,0.7221634245260085,-1.6292321641292908,1078.0
1,0.0,-0.4928265334686625,1.1067867353258585,1077.0
1,0.0,0.5196650981935633,-1.1317741824101737,1076.0
1,0.0,1.5321567298557892,1.6042447170449754,1075.0
1,0.0,-0.2903282071362173,1.1067867353258585,1074.0
1,0.0,0.3171667718611182,-0.8830451915506145,1073.0
1,0.0,0.114668445528673,-0.385587209831496,1072.0
1,0.0,-0.2903282071362173,1.3555157261854165,1071.0
1,0.0,0.9246617508584536,0.8580577444662989,1070.0
1,0.0,0.7221634245260085,1.3555157261854165,1069.0
1,0.0,0.9246617508584536,0.6093287536067398,1068.0
1,0.0,0.3171667718611182,0.11187077188762133,1067.0
1,0.0,-0.6953248598011076,-0.385587209831496,1066.0
1,0.0,0.3171667718611182,0.6093287536067398,1065.0
1,0.0,0.2159176086948956,0.6093287536067398,1064.0
1,0.0,-0.7965740229673303,1.1067867353258585,1063.0
1,0.0,-2.8215572862917817,0.8580577444662989,1062.0
1,0.0,0.114668445528673,-0.8830451915506145,1061.0
1,0.0,0.114668445528673,-1.3805031732697317,1060.0
1,0.0,-0.08782988080377216,0.8580577444662989,1059.0
1,0.0,-0.4928265334686625,-0.6343162006910552,1058.0
1,0.0,1.5321567298557892,-1.1317741824101737,1057.0
1,0.0,0.9246617508584536,-1.3805031732697317,1056.0
1,0.0,-0.08782988080377216,0.6093287536067398,1055.0
1,0.0,-0.4928265334686625,-0.13685821897193678,1054.0
1,0.0,1.3296584035233439,-1.6292321641292908,1053.0
1,0.0,0.114668445528673,0.3605997627471805,1052.0
1,0.0,-0.4928265334686625,0.11187077188762133,1051.0
1,0.0,0.114668445528673,1.6042447170449754,1050.0
1,0.0,-0.8978231861335528,1.6042447170449754,1049.0
1,0.0,-0.4928265334686625,-0.385587209831496,1048.0
1,0.0,0.9246617508584536,-0.13685821897193678,1047.0
1,0.0,-0.3915773703024399,0.6093287536067398,1046.0
1,0.0,-0.4928265334686625,0.6093287536067398,1045.0
1,0.0,-0.3915773703024399,0.11187077188762133,1044.0
1,0.0,0.3171667718611182,-0.385587209831496,1043.0
1,0.0,-0.4928265334686625,1.1067867353258585,1042.0
1,0.0,0.114668445528673,-0.6343162006910552,1041.0
1,0.0,1.5321567298557892,-0.6343162006910552,1040.0
1,0.0,-0.2903282071362173,-0.13685821897193678,1039.0
1,0.0,1.7346550561882343,0.3605997627471805,1038.0
1,0.0,1.1271600771908987,0.8580577444662989,1037.0
1,0.0,-0.08782988080377216,0.3605997627471805,1036.0
1,0.0,-0.4928265334686625,0.11187077188762133,1035.0
1,1.0,-0.7965740229673303,-1.6292321641292908,1034.0
1,0.0,-0.9990723492997754,0.8580577444662989,1033.0
1,0.0,-0.08782988080377216,0.3605997627471805,1032.0
1,0.0,-0.2903282071362173,1.1067867353258585,1031.0
1,0.0,-1.3028198387984429,-1.3805031732697317,1030.0
1,0.0,1.9371533825206797,1.6042447170449754,1029.0
1,0.0,-0.08782988080377216,-0.6343162006910552,1028.0
1,0.0,-2.112813144128224,-0.13685821897193678,1027.0
1,0.0,-0.6953248598011076,-0.8830451915506145,1026.0
1,0.0,0.3171667718611182,0.8580577444662989,1025.0
1,0.0,-1.1003215124659982,-1.8779611549888504,1024.0
1,0.0,1.1271600771908987,1.1067867353258585,1023.0
1,0.0,-1.3028198387984429,0.6093287536067398,1022.0
1,0.0,-0.6953248598011076,0.8580577444662989,1021.0
1,0.0,0.9246617508584536,-0.8830451915506145,1020.0
1,0.0,-0.4928265334686625,1.1067867353258585,1019.0
1,0.0,-2.112813144128224,-2.1266901458484093,1018.0
1,0.0,-0.08782988080377216,0.6093287536067398,1017.0
1,0.0,0.3171667718611182,0.3605997627471805,1016.0
1,0.0,-0.2903282071362173,0.11187077188762133,1015.0
1,0.0,-0.8978231861335528,-0.385587209831496,1014.0
1,0.0,-0.4928265334686625,-2.1266901458484093,1013.0
1,0.0,0.9246617508584536,1.1067867353258585,1012.0
1,0.0,0.7221634245260085,0.6093287536067398,1011.0
1,0.0,0.5196650981935633,-1.1317741824101737,1010.0
1,0.0,-0.08782988080377216,0.3605997627471805,1009.0
1,0.0,0.114668445528673,-1.1317741824101737,1008.0
1,0.0,-0.6953248598011076,0.3605997627471805,1007.0
1,0.0,-0.6953248598011076,-0.6343162006910552,1006.0
1,0.0,0.7221634245260085,0.6093287536067398,1005.0
1,0.0,-1.7078164914633334,-0.13685821897193678,1004.0
1,0.0,1.4309075666895663,0.8580577444662989,1003.0
1,0.0,-0.2903282071362173,-0.6343162006910552,1002.0
1,0.0,1.5321567298557892,-0.6343162006910552,1001.0
1,0.0,0.5196650981935633,0.8580577444662989,1000.0
1,0.0,0.5196650981935633,-0.6343162006910552,999.0
1,0.0,-0.08782988080377216,0.11187077188762133,998.0
1,0.0,-0.4928265334686625,-0.13685821897193678,997.0
1,0.0,-0.08782988080377216,-2.8728771184270863,996.0
1,0.0,1.1271600771908987,0.3605997627471805,995.0
1,0.0,0.5196650981935633,0.11187077188762133,994.0
1,0.0,0.3171667718611182,0.8580577444662989,993.0
1,0.0,-0.6953248598011076,1.1067867353258585,992.0
1,0.0,-0.8978231861335528,-0.6343162006910552,991.0
1,0.0,0.5196650981935633,-0.6343162006910552,990.0
1,0.0,1.1271600771908987,-0.385587209831496,989.0
1,0.0,0.5196650981935633,-0.13685821897193678,988.0
1,0.0,-0.8978231861335528,1.1067867353258585,987.0
1,0.0,-1.5053181651308882,0.3605997627471805,986.0
1,0.0,1.5321567298557892,0.8580577444662989,985.0
1,0.0,0.114668445528673,0.6093287536067398,984.0
1,0.0,0.3171667718611182,0.8580577444662989,983.0
1,0.0,0.9246617508584536,1.1067867353258585,982.0
1,0.0,1.7346550561882343,1.3555157261854165,981.0
1,1.0,1.5321567298557892,1.6042447170449754,980.0
1,0.0,1.1271600771908987,-0.8830451915506145,979.0
1,0.0,-0.08782988080377216,0.6093287536067398,978.0
1,0.0,-0.4928265334686625,-0.385587209831496,977.0
1,0.0,1.1271600771908987,-0.6343162006910552,976.0
1,0.0,0.3171667718611182,0.11187077188762133,975.0
1,0.0,-0.6953248598011076,-1.1317741824101737,974.0
1,0.0,-0.8978231861335528,1.3555157261854165,973.0
1,0.0,-0.4928265334686625,-1.8779611549888504,972.0
1,0.0,-0.594075696634885,-0.8830451915506145,971.0
1,0.0,-0.4928265334686625,-0.6343162006910552,970.0
1,0.0,0.013419282362450423,0.11187077188762133,969.0
1,0.0,1.1271600771908987,0.6093287536067398,968.0
1,0.0,0.5196650981935633,0.11187077188762133,967.0
1,0.0,0.3171667718611182,-2.3754191367079684,966.0
1,0.0,-0.4928265334686625,-0.8830451915506145,965.0
1,0.0,-0.08782988080377216,-0.6343162006910552,964.0
1,0.0,-0.4928265334686625,-0.13685821897193678,963.0
1,0.0,1.1271600771908987,0.3605997627471805,962.0
1,0.0,-0.6953248598011076,-1.3805031732697317,961.0
1,0.0,-0.6953248598011076,-1.8779611549888504,960.0
1,0.0,-0.6953248598011076,-0.385587209831496,959.0
1,0.0,-0.8978231861335528,0.11187077188762133,958.0
1,0.0,0.5196650981935633,-0.385587209831496,957.0
1,0.0,-2.254561972560935,-1.3805031732697317,956.0
1,0.0,1.3296584035233439,0.6093287536067398,955.0
1,0.0,-0.08782988080377216,-0.385587209831496,954.0
1,0.0,0.5196650981935633,-2.1266901458484093,953.0
1,0.0,1.1271600771908987,0.8580577444662989,952.0
1,0.0,-0.08782988080377216,-0.8830451915506145,951.0
1,0.0,-0.4928265334686625,-1.1317741824101737,950.0
1,0.0,-1.3028198387984429,1.1067867353258585,949.0
1,0.0,-0.6953248598011076,0.6093287536067398,948.0
1,0.0,2.139651708853125,0.11187077188762133,947.0
1,0.0,-1.1003215124659982,0.11187077188762133,946.0
1,0.0,-0.2903282071362173,-0.13685821897193678,945.0
1,0.0,-0.4928265334686625,1.3555157261854165,944.0
1,0.0,1.7346550561882343,0.6093287536067398,943.0
1,0.0,-0.2903282071362173,-0.6343162006910552,942.0
1,0.0,-2.619058959959337,1.1067867353258585,941.0
1,0.0,-0.18907904396999475,0.6093287536067398,940.0
1,0.0,-0.4928265334686625,-0.13685821897193678,939.0
1,0.0,1.1271600771908987,1.6042447170449754,938.0
1,0.0,-1.2015706756322206,-1.6292321641292908,937.0
1,0.0,-0.4928265334686625,-0.6343162006910552,936.0
1,0.0,-0.8978231861335528,1.6042447170449754,935.0
1,0.0,-0.3915773703024399,-0.385587209831496,934.0
1,0.0,-1.1003215124659982,0.3605997627471805,933.0
1,0.0,-0.08782988080377216,0.8580577444662989,932.0
1,0.0,0.114668445528673,0.6093287536067398,931.0
1,0.0,-0.2903282071362173,-0.8830451915506145,930.0
1,0.0,1.7346550561882343,-0.8830451915506145,929.0
1,0.0,0.9246617508584536,1.1067867353258585,928.0
1,0.0,-0.6953248598011076,-2.1266901458484093,927.0
1,1.0,0.5196650981935633,1.1067867353258585,926.0
1,0.0,0.7221634245260085,0.8580577444662989,925.0
1,0.0,-0.2903282071362173,1.6042447170449754,924.0
1,0.0,0.7221634245260085,1.8529737079045348,923.0
1,0.0,0.3171667718611182,-0.13685821897193678,922.0
1,0.0,-0.2903282071362173,-0.385587209831496,921.0
1,0.0,-0.8978231861335528,-1.1317741824101737,920.0
1,0.0,-1.7078164914633334,-3.121606109286645,919.0
1,0.0,0.9246617508584536,-0.385587209831496,918.0
1,0.0,-0.4928265334686625,-0.13685821897193678,917.0
1,0.0,1.3296584035233439,0.8580577444662989,916.0
1,0.0,-0.2903282071362173,-1.8779611549888504,915.0
1,0.0,-0.4928265334686625,0.6093287536067398,914.0
1,0.0,-0.2903282071362173,0.3605997627471805,913.0
1,0.0,2.139651708853125,-0.6343162006910552,912.0
1,0.0,0.5196650981935633,-0.8830451915506145,911.0
1,0.0,0.9246617508584536,-0.8830451915506145,910.0
1,0.0,0.3171667718611182,-0.6343162006910552,909.0
1,0.0,-1.3028198387984429,-0.8830451915506145,908.0
1,0.0,-1.7078164914633334,-0.13685821897193678,907.0
1,0.0,-0.8978231861335528,-1.1317741824101737,906.0
1,0.0,-0.6953248598011076,-1.6292321641292908,905.0
1,0.0,-0.4928265334686625,0.11187077188762133,904.0
1,0.0,0.3171667718611182,0.11187077188762133,903.0
1,0.0,0.114668445528673,-0.6343162006910552,902.0
1,0.0,-0.2903282071362173,-1.6292321641292908,901.0
1,0.0,-0.4928265334686625,0.3605997627471805,900.0
1,0.0,1.7346550561882343,-0.8830451915506145,899.0
1,0.0,-1.1003215124659982,-0.6343162006910552,898.0
1,0.0,0.9246617508584536,-0.6343162006910552,897.0
1,0.0,-0.4928265334686625,1.6042447170449754,896.0
1,0.0,-0.8978231861335528,-0.13685821897193678,895.0
1,0.0,0.5196650981935633,0.3605997627471805,894.0
1,0.0,0.9246617508584536,1.1067867353258585,893.0
1,0.0,0.3171667718611182,1.3555157261854165,892.0
1,0.0,0.114668445528673,0.11187077188762133,891.0
1,0.0,0.3171667718611182,-1.3805031732697317,890.0
1,0.0,0.9246617508584536,-1.3805031732697317,889.0
1,0.0,1.5321567298557892,0.8580577444662989,888.0
1,0.0,0.5196650981935633,-1.3805031732697317,887.0
1,0.0,0.5196650981935633,0.6093287536067398,886.0
1,0.0,0.7221634245260085,0.8580577444662989,885.0
1,0.0,-0.2903282071362173,-0.385587209831496,884.0
1,0.0,1.5321567298557892,1.3555157261854165,883.0
1,0.0,-0.4928265334686625,0.8580577444662989,882.0
1,0.0,0.9246617508584536,-0.6343162006910552,881.0
1,0.0,0.7221634245260085,1.3555157261854165,880.0
1,0.0,0.7221634245260085,0.8580577444662989,879.0
1,0.0,-1.1003215124659982,0.11187077188762133,878.0
1,0.0,-0.6953248598011076,-0.13685821897193678,877.0
1,0.0,-0.6953248598011076,0.6093287536067398,876.0
1,0.0,0.114668445528673,0.3605997627471805,875.0
1,0.0,0.3171667718611182,-3.3703351001462036,874.0
1,1.0,0.5196650981935633,-1.8779611549888504,873.0
1,0.0,-0.4928265334686625,-0.6343162006910552,872.0
1,0.0,0.5196650981935633,-0.385587209831496,871.0
1,0.0,0.114668445528673,1.1067867353258585,870.0
1,0.0,-0.08782988080377216,0.11187077188762133,869.0
1,0.0,-0.6953248598011076,-0.13685821897193678,868.0
1,0.0,-1.2015706756322206,0.3605997627471805,867.0
1,0.0,0.114668445528673,0.11187077188762133,866.0
1,0.0,-0.8978231861335528,-0.8830451915506145,865.0
1,0.0,0.7221634245260085,-1.1317741824101737,864.0
1,0.0,-0.2903282071362173,-0.8830451915506145,863.0
1,0.0,0.114668445528673,-0.385587209831496,862.0
1,0.0,-0.3915773703024399,-0.13685821897193678,861.0
1,0.0,-0.8978231861335528,-0.6343162006910552,860.0
1,0.0,-1.9103148177957785,-0.13685821897193678,859.0
1,0.0,-0.2903282071362173,1.3555157261854165,858.0
1,0.0,1.5321567298557892,-0.6343162006910552,857.0
1,0.0,-1.1003215124659982,0.3605997627471805,856.0
1,0.0,-2.315311470460669,1.6042447170449754,855.0
1,0.0,-0.2903282071362173,1.3555157261854165,854.0
1,0.0,-0.8978231861335528,1.1067867353258585,853.0
1,0.0,0.5196650981935633,1.8529737079045348,852.0
1,0.0,-0.6953248598011076,-1.8779611549888504,851.0
1,0.0,-1.4040690019646658,0.8580577444662989,850.0
1,0.0,-1.1003215124659982,-0.6343162006910552,849.0
1,0.0,-0.2903282071362173,-1.3805031732697317,848.0
1,0.0,-0.8978231861335528,0.6093287536067398,847.0
1,0.0,-1.1003215124659982,0.11187077188762133,846.0
1,0.0,-2.781057621025293,-1.1317741824101737,845.0
1,0.0,-1.7078164914633334,1.3555157261854165,844.0
1,0.0,-0.3915773703024399,-0.8830451915506145,843.0
1,0.0,0.5196650981935633,0.8580577444662989,842.0
1,0.0,1.1271600771908987,1.1067867353258585,841.0
1,0.0,-1.5053181651308882,-2.1266901458484093,840.0
1,0.0,-0.8978231861335528,1.3555157261854165,839.0
1,0.0,-0.6953248598011076,0.8580577444662989,838.0
1,0.0,1.5321567298557892,1.1067867353258585,837.0
1,0.0,0.7221634245260085,-0.8830451915506145,836.0
1,0.0,-0.2903282071362173,0.6093287536067398,835.0
1,0.0,0.114668445528673,-0.13685821897193678,834.0
1,0.0,0.5196650981935633,-0.385587209831496,833.0
1,0.0,0.3171667718611182,-0.8830451915506145,832.0
1,0.0,0.9246617508584536,-0.8830451915506145,831.0
1,0.0,0.7221634245260085,-1.6292321641292908,830.0
1,0.0,1.1271600771908987,0.3605997627471805,829.0
1,0.0,-0.2903282071362173,-0.8830451915506145,828.0
1,0.0,-0.6953248598011076,0.8580577444662989,827.0
1,0.0,-1.4040690019646658,-0.385587209831496,826.0
1,0.0,0.3171667718611182,-0.385587209831496,825.0
1,0.0,-1.1003215124659982,-1.3805031732697317,824.0
1,0.0,0.7221634245260085,0.6093287536067398,823.0
1,0.0,0.9246617508584536,1.3555157261854165,822.0
1,0.0,-2.011563980962001,0.6093287536067398,821.0
1,1.0,0.3171667718611182,-1.1317741824101737,820.0
1,0.0,0.3171667718611182,-1.8779611549888504,819.0
1,0.0,0.3171667718611182,0.6093287536067398,818.0
1,0.0,0.5196650981935633,0.8580577444662989,817.0
1,0.0,-0.08782988080377216,-0.6343162006910552,816.0
1,0.0,0.114668445528673,-1.1317741824101737,815.0
1,0.0,0.9246617508584536,0.6093287536067398,814.0
1,0.0,-0.2903282071362173,1.1067867353258585,813.0
1,0.0,0.5196650981935633,0.6093287536067398,812.0
1,0.0,0.5196650981935633,0.8580577444662989,811.0
1,0.0,1.1271600771908987,-0.6343162006910552,810.0
1,0.0,-0.6953248598011076,-1.1317741824101737,809.0
1,0.0,-0.6953248598011076,0.11187077188762133,808.0
1,0.0,-1.3028198387984429,1.6042447170449754,807.0
1,0.0,-1.5053181651308882,1.3555157261854165,806.0
1,0.0,0.3171667718611182,1.6042447170449754,805.0
1,0.0,-0.2903282071362173,0.6093287536067398,804.0
1,0.0,0.114668445528673,0.11187077188762133,803.0
1,0.0,-0.6953248598011076,0.8580577444662989,802.0
1,0.0,0.7221634245260085,-0.6343162006910552,801.0
1,0.0,-0.6953248598011076,1.1067867353258585,800.0
1,0.0,1.7346550561882343,1.3555157261854165,799.0
1,0.0,-0.08782988080377216,1.8529737079045348,798.0
1,0.0,0.2159176086948956,0.6093287536067398,797.0
1,0.0,1.3296584035233439,1.3555157261854165,796.0
1,0.0,-0.4928265334686625,1.1067867353258585,795.0
1,0.0,0.7221634245260085,1.1067867353258585,794.0
1,0.0,-0.2903282071362173,-0.6343162006910552,793.0
1,0.0,-0.08782988080377216,-0.13685821897193678,792.0
1,0.0,-1.7078164914633334,0.6093287536067398,791.0
1,0.0,-0.2903282071362173,-1.3805031732697317,790.0
1,0.0,-0.4928265334686625,0.3605997627471805,789.0
1,0.0,0.2159176086948956,-0.6343162006910552,788.0
1,0.0,-0.2903282071362173,0.8580577444662989,787.0
1,0.0,-1.2015706756322206,-0.8830451915506145,786.0
1,0.0,0.7221634245260085,0.3605997627471805,785.0
1,0.0,-0.2903282071362173,1.6042447170449754,784.0
1,0.0,1.5321567298557892,-0.6343162006910552,783.0
1,0.0,-0.2903282071362173,-0.8830451915506145,782.0
1,0.0,-1.1003215124659982,0.8580577444662989,781.0
1,0.0,-1.1003215124659982,1.1067867353258585,780.0
1,0.0,-0.8978231861335528,0.8580577444662989,779.0
1,0.0,0.5196650981935633,0.3605997627471805,778.0
1,0.0,-0.4928265334686625,-0.6343162006910552,777.0
1,0.0,0.3171667718611182,0.6093287536067398,776.0
1,0.0,0.7221634245260085,0.8580577444662989,775.0
1,0.0,-1.1003215124659982,0.11187077188762133,774.0
1,0.0,-0.594075696634885,-1.1317741824101737,773.0
1,0.0,-0.08782988080377216,1.1067867353258585,772.0
1,0.0,0.5196650981935633,-0.13685821897193678,771.0
1,0.0,-0.594075696634885,-0.13685821897193678,770.0
1,0.0,0.114668445528673,-0.8830451915506145,769.0
1,1.0,-1.3028198387984429,0.6093287536067398,768.0
1,0.0,0.3171667718611182,0.11187077188762133,767.0
1,0.0,-0.08782988080377216,-0.13685821897193678,766.0
1,0.0,-0.4928265334686625,-0.8830451915506145,765.0
1,0.0,-0.4928265334686625,1.1067867353258585,764.0
1,0.0,0.7221634245260085,1.6042447170449754,763.0
1,0.0,-0.2903282071362173,-0.8830451915506145,762.0
1,0.0,-0.6953248598011076,1.3555157261854165,761.0
1,0.0,-0.2903282071362173,-0.385587209831496,760.0
1,0.0,0.7221634245260085,-0.6343162006910552,759.0
1,0.0,0.114668445528673,-0.13685821897193678,758.0
1,0.0,0.7221634245260085,-0.6343162006910552,757.0
1,0.0,0.5196650981935633,-1.6292321641292908,756.0
1,0.0,0.5196650981935633,0.11187077188762133,755.0
1,0.0,0.3171667718611182,0.11187077188762133,754.0
1,0.0,1.1271600771908987,0.6093287536067398,753.0
1,0.0,-0.4928265334686625,-0.6343162006910552,752.0
1,0.0,1.5321567298557892,1.6042447170449754,751.0
1,0.0,-0.8978231861335528,-0.6343162006910552,750.0
1,0.0,0.9246617508584536,1.8529737079045348,749.0
1,0.0,-0.4928265334686625,1.6042447170449754,748.0
1,0.0,-0.2903282071362173,1.3555157261854165,747.0
1,0.0,-0.08782988080377216,-0.385587209831496,746.0
1,0.0,0.5196650981935633,0.3605997627471805,745.0
1,0.0,1.5321567298557892,1.6042447170449754,744.0
1,0.0,-0.08782988080377216,-0.13685821897193678,743.0
1,0.0,0.114668445528673,-0.6343162006910552,742.0
1,0.0,-0.08782988080377216,-0.385587209831496,741.0
1,0.0,-0.6953248598011076,-1.1317741824101737,740.0
1,0.0,1.3296584035233439,-0.8830451915506145,739.0
1,0.0,-0.4928265334686625,0.6093287536067398,738.0
1,0.0,0.5196650981935633,0.3605997627471805,737.0
1,0.0,1.1271600771908987,0.11187077188762133,736.0
1,0.0,-0.8978231861335528,-0.385587209831496,735.0
1,0.0,-3.6315505916215622,-0.8830451915506145,734.0
1,0.0,-0.6953248598011076,0.8580577444662989,733.0
1,0.0,-0.4928265334686625,-2.8728771184270863,732.0
1,0.0,0.7221634245260085,1.1067867353258585,731.0
1,0.0,-0.8978231861335528,-1.6292321641292908,730.0
1,0.0,0.5196650981935633,0.3605997627471805,729.0
1,0.0,0.5196650981935633,-0.6343162006910552,728.0
1,0.0,-1.4040690019646658,1.1067867353258585,727.0
1,0.0,-0.8978231861335528,-1.6292321641292908,726.0
1,0.0,-1.7078164914633334,-2.1266901458484093,725.0
1,0.0,1.1271600771908987,-0.8830451915506145,724.0
1,0.0,0.114668445528673,0.6093287536067398,723.0
1,0.0,0.5196650981935633,-0.8830451915506145,722.0
1,0.0,0.5196650981935633,0.8580577444662989,721.0
1,0.0,1.3296584035233439,0.3605997627471805,720.0
1,0.0,1.5321567298557892,0.8580577444662989,719.0
1,0.0,-0.6953248598011076,0.6093287536067398,718.0
1,0.0,0.9246617508584536,0.8580577444662989,717.0
1,1.0,-1.1003215124659982,-1.3805031732697317,716.0
1,0.0,1.7346550561882343,1.1067867353258585,715.0
1,0.0,0.114668445528673,-0.13685821897193678,714.0
1,0.0,-1.3028198387984429,-0.385587209831496,713.0
1,0.0,-0.08782988080377216,1.1067867353258585,712.0
1,0.0,0.7221634245260085,0.3605997627471805,711.0
1,0.0,0.5196650981935633,-1.3805031732697317,710.0
1,0.0,0.3171667718611182,1.6042447170449754,709.0
1,0.0,-1.2015706756322206,-1.3805031732697317,708.0
1,0.0,-0.9990723492997754,-0.385587209831496,707.0
1,0.0,0.9246617508584536,0.8580577444662989,706.0
1,0.0,0.5196650981935633,-1.6292321641292908,705.0
1,0.0,1.3296584035233439,0.11187077188762133,704.0
1,0.0,0.114668445528673,-0.13685821897193678,703.0
1,0.0,-1.1003215124659982,-1.6292321641292908,702.0
1,0.0,0.9246617508584536,1.3555157261854165,701.0
1,0.0,-0.2903282071362173,-1.3805031732697317,700.0
1,0.0,-0.6953248598011076,0.8580577444662989,699.0
1,0.0,-1.3028198387984429,-2.1266901458484093,698.0
1,0.0,-0.8978231861335528,-0.385587209831496,697.0
1,0.0,-0.6953248598011076,1.8529737079045348,696.0
1,0.0,0.5196650981935633,-1.6292321641292908,695.0
1,0.0,-0.4928265334686625,0.3605997627471805,694.0
1,0.0,-0.8978231861335528,0.6093287536067398,693.0
1,0.0,-0.2903282071362173,-0.385587209831496,692.0
1,0.0,-0.8978231861335528,-2.3754191367079684,691.0
1,0.0,-1.3028198387984429,-2.8728771184270863,690.0
1,0.0,0.7221634245260085,0.3605997627471805,689.0
1,0.0,-0.4928265334686625,-0.13685821897193678,688.0
1,0.0,-0.2903282071362173,0.3605997627471805,687.0
1,0.0,-0.4928265334686625,0.11187077188762133,686.0
1,0.0,-1.2015706756322206,-0.13685821897193678,685.0
1,0.0,0.7221634245260085,-0.6343162006910552,684.0
1,0.0,-0.08782988080377216,1.1067867353258585,683.0
1,0.0,-1.5053181651308882,-0.8830451915506145,682.0
1,0.0,-1.5053181651308882,-2.1266901458484093,681.0
1,0.0,0.114668445528673,0.11187077188762133,680.0
1,0.0,-1.4040690019646658,-0.6343162006910552,679.0
1,0.0,0.5196650981935633,0.3605997627471805,678.0
1,0.0,0.7221634245260085,-0.385587209831496,677.0
1,0.0,0.3171667718611182,-0.8830451915506145,676.0
1,0.0,1.3296584035233439,0.3605997627471805,675.0
1,0.0,0.3171667718611182,0.3605997627471805,674.0
1,0.0,-0.08782988080377216,-0.6343162006910552,673.0
1,0.0,0.7221634245260085,-2.3754191367079684,672.0
1,0.0,0.5196650981935633,0.3605997627471805,671.0
1,0.0,0.114668445528673,-0.13685821897193678,670.0
1,0.0,0.114668445528673,-0.385587209831496,669.0
1,0.0,-0.6953248598011076,0.3605997627471805,668.0
1,0.0,-0.08782988080377216,-0.385587209831496,667.0
1,0.0,0.114668445528673,-1.3805031732697317,666.0
1,0.0,-1.6065673282971107,1.1067867353258585,665.0
1,1.0,-0.4928265334686625,-0.385587209831496,664.0
1,0.0,0.114668445528673,-0.13685821897193678,663.0
1,0.0,-0.08782988080377216,-2.8728771184270863,662.0
1,0.0,-0.2903282071362173,1.6042447170449754,661.0
1,0.0,0.3171667718611182,-0.385587209831496,660.0
1,0.0,-0.08782988080377216,0.3605997627471805,659.0
1,0.0,0.3171667718611182,-0.6343162006910552,658.0
1,0.0,2.139651708853125,0.11187077188762133,657.0
1,0.0,0.9246617508584536,0.6093287536067398,656.0
1,0.0,-0.2903282071362173,-0.13685821897193678,655.0
1,0.0,0.114668445528673,-0.6343162006910552,654.0
1,0.0,0.9246617508584536,0.11187077188762133,653.0
1,0.0,0.3171667718611182,0.8580577444662989,652.0
1,0.0,0.3171667718611182,0.3605997627471805,651.0
1,0.0,-2.011563980962001,-0.385587209831496,650.0
1,0.0,-0.6953248598011076,-0.13685821897193678,649.0
1,0.0,-0.4928265334686625,0.11187077188762133,648.0
1,0.0,0.5196650981935633,1.6042447170449754,647.0
1,0.0,-1.1003215124659982,-1.3805031732697317,646.0
1,0.0,-0.4928265334686625,0.11187077188762133,645.0
1,0.0,-0.2903282071362173,1.1067867353258585,644.0
1,0.0,-0.6953248598011076,-1.1317741824101737,643.0
1,0.0,0.114668445528673,-0.385587209831496,642.0
1,0.0,1.3296584035233439,1.1067867353258585,641.0
1,0.0,-0.8978231861335528,-0.8830451915506145,640.0
1,0.0,0.5196650981935633,0.11187077188762133,639.0
1,0.0,0.3171667718611182,-0.385587209831496,638.0
1,0.0,-1.3028198387984429,1.6042447170449754,637.0
1,0.0,0.5196650981935633,-1.1317741824101737,636.0
1,0.0,0.013419282362450423,-0.13685821897193678,635.0
1,0.0,0.7221634245260085,0.6093287536067398,634.0
1,0.0,-1.3028198387984429,-0.6343162006910552,633.0
1,0.0,-1.3028198387984429,0.11187077188762133,632.0
1,0.0,0.5196650981935633,0.6093287536067398,631.0
1,0.0,0.7221634245260085,0.3605997627471805,630.0
1,0.0,-0.08782988080377216,-0.13685821897193678,629.0
1,0.0,0.3171667718611182,-1.1317741824101737,628.0
1,0.0,-0.2903282071362173,-0.8830451915506145,627.0
1,0.0,-0.08782988080377216,-0.13685821897193678,626.0
1,0.0,0.9246617508584536,1.6042447170449754,625.0
1,0.0,-0.2903282071362173,1.3555157261854165,624.0
1,0.0,0.114668445528673,-2.6241481275675267,623.0
1,0.0,1.1271600771908987,0.3605997627471805,622.0
1,0.0,0.3171667718611182,-0.385587209831496,621.0
1,0.0,-0.6953248598011076,1.3555157261854165,620.0
1,0.0,0.3171667718611182,0.3605997627471805,619.0
1,0.0,-1.2015706756322206,-2.1266901458484093,618.0
1,0.0,-0.8978231861335528,-0.13685821897193678,617.0
1,0.0,0.114668445528673,-0.385587209831496,616.0
1,0.0,-0.8978231861335528,-0.6343162006910552,615.0
1,0.0,-0.2903282071362173,-2.8728771184270863,614.0
1,1.0,-1.3028198387984429,-2.1266901458484093,613.0
1,0.0,-0.8978231861335528,-0.13685821897193678,612.0
1,0.0,1.5321567298557892,0.6093287536067398,611.0
1,0.0,-0.08782988080377216,-0.13685821897193678,610.0
1,0.0,-2.4165606336268914,-1.1317741824101737,609.0
1,0.0,-1.5053181651308882,1.3555157261854165,608.0
1,0.0,0.5196650981935633,-0.6343162006910552,607.0
1,0.0,-0.08782988080377216,0.6093287536067398,606.0
1,0.0,0.3171667718611182,1.3555157261854165,605.0
1,0.0,-1.1003215124659982,-0.6343162006910552,604.0
1,0.0,-0.594075696634885,-1.1317741824101737,603.0
1,0.0,-0.4928265334686625,-0.6343162006910552,602.0
1,0.0,0.3171667718611182,-0.13685821897193678,601.0
1,0.0,-0.2903282071362173,0.6093287536067398,600.0
1,0.0,1.1271600771908987,0.3605997627471805,599.0
1,0.0,-1.1003215124659982,-0.385587209831496,598.0
1,0.0,1.1271600771908987,-0.385587209831496,597.0
1,0.0,0.7221634245260085,1.3555157261854165,596.0
1,0.0,-1.6065673282971107,0.6093287536067398,595.0
1,0.0,0.5196650981935633,0.3605997627471805,594.0
1,0.0,-0.4928265334686625,0.11187077188762133,593.0
1,0.0,0.5196650981935633,-0.385587209831496,592.0
1,0.0,1.7346550561882343,-0.6343162006910552,591.0
1,0.0,-1.2015706756322206,-0.6343162006910552,590.0
1,0.0,1.5321567298557892,0.8580577444662989,589.0
1,0.0,-0.2903282071362173,-1.6292321641292908,588.0
1,0.0,-0.2903282071362173,-2.8728771184270863,587.0
1,0.0,1.5321567298557892,-1.8779611549888504,586.0
1,0.0,-0.8978231861335528,0.8580577444662989,585.0
1,0.0,0.3171667718611182,-1.3805031732697317,584.0
1,0.0,-2.7203081231255597,1.3555157261854165,583.0
1,0.0,-0.6953248598011076,0.3605997627471805,582.0
1,0.0,-0.2903282071362173,-0.13685821897193678,581.0
1,0.0,-0.08782988080377216,0.6093287536067398,580.0
1,0.0,1.7346550561882343,0.8580577444662989,579.0
1,0.0,-1.5053181651308882,-0.13685821897193678,578.0
1,0.0,-0.8978231861335528,-2.1266901458484093,577.0
1,0.0,-0.8978231861335528,-0.13685821897193678,576.0
1,0.0,-1.2015706756322206,0.6093287536067398,575.0
1,0.0,-1.2015706756322206,0.8580577444662989,574.0
1,0.0,-1.7078164914633334,1.6042447170449754,573.0
1,0.0,-1.2015706756322206,-0.13685821897193678,572.0
1,0.0,-0.4928265334686625,0.3605997627471805,571.0
1,0.0,0.7221634245260085,1.6042447170449754,570.0
1,0.0,-1.1003215124659982,-0.13685821897193678,569.0
1,0.0,-0.7965740229673303,-0.6343162006910552,568.0
1,0.0,-0.4928265334686625,-0.13685821897193678,567.0
1,0.0,-0.4928265334686625,-0.6343162006910552,566.0
1,0.0,0.3171667718611182,0.3605997627471805,565.0
1,0.0,0.5196650981935633,1.6042447170449754,564.0
1,0.0,-0.2903282071362173,0.6093287536067398,563.0
1,1.0,-0.4928265334686625,-1.6292321641292908,562.0
1,0.0,-0.08782988080377216,0.3605997627471805,561.0
1,0.0,0.9246617508584536,1.3555157261854165,560.0
1,0.0,-2.011563980962001,-2.1266901458484093,559.0
1,0.0,-0.8978231861335528,0.11187077188762133,558.0
1,0.0,-1.5053181651308882,-0.8830451915506145,557.0
1,0.0,0.114668445528673,0.3605997627471805,556.0
1,0.0,0.5196650981935633,0.11187077188762133,555.0
1,0.0,-0.6953248598011076,0.3605997627471805,554.0
1,0.0,1.3296584035233439,-0.13685821897193678,553.0
1,0.0,1.3296584035233439,1.1067867353258585,552.0
1,0.0,-0.08782988080377216,0.3605997627471805,551.0
1,0.0,0.8234125876922309,-2.1266901458484093,550.0
1,0.0,0.5196650981935633,-0.8830451915506145,549.0
1,0.0,0.114668445528673,0.3605997627471805,548.0
1,0.0,0.3171667718611182,0.6093287536067398,547.0
1,0.0,-0.4928265334686625,0.11187077188762133,546.0
1,0.0,-0.594075696634885,-1.1317741824101737,545.0
1,0.0,-1.9103148177957785,-0.6343162006910552,544.0
1,0.0,-0.2903282071362173,-0.13685821897193678,543.0
1,0.0,2.139651708853125,0.11187077188762133,542.0
1,0.0,-1.7078164914633334,0.3605997627471805,541.0
1,0.0,0.7221634245260085,-1.3805031732697317,540.0
1,0.0,-0.4928265334686625,-1.8779611549888504,539.0
1,0.0,-0.8978231861335528,-0.8830451915506145,538.0
1,0.0,1.1271600771908987,-1.8779611549888504,537.0
1,0.0,-0.4928265334686625,-0.8830451915506145,536.0
1,0.0,-3.53030142845534,-0.13685821897193678,535.0
1,0.0,0.5196650981935633,-1.8779611549888504,534.0
1,0.0,-0.4928265334686625,0.8580577444662989,533.0
1,0.0,-2.9228064494580046,-2.3754191367079684,532.0
1,0.0,-0.7965740229673303,-0.8830451915506145,531.0
1,0.0,0.3171667718611182,-1.8779611549888504,530.0
1,0.0,-0.8978231861335528,0.6093287536067398,529.0
1,0.0,0.3171667718611182,0.8580577444662989,528.0
1,0.0,-1.1003215124659982,1.1067867353258585,527.0
1,0.0,1.1271600771908987,-0.6343162006910552,526.0
1,0.0,-0.4928265334686625,-0.6343162006910552,525.0
1,0.0,0.3171667718611182,0.11187077188762133,524.0
1,0.0,-0.08782988080377216,-0.13685821897193678,523.0
1,0.0,0.7221634245260085,1.3555157261854165,522.0
1,0.0,1.3296584035233439,-0.13685821897193678,521.0
1,0.0,-0.7965740229673303,-0.385587209831496,520.0
1,0.0,-0.08782988080377216,-0.8830451915506145,519.0
1,0.0,-1.1003215124659982,-0.13685821897193678,518.0
1,0.0,-0.6953248598011076,-0.13685821897193678,517.0
1,0.0,1.9371533825206797,0.8580577444662989,516.0
1,0.0,0.7221634245260085,0.8580577444662989,515.0
1,0.0,-0.6953248598011076,-0.13685821897193678,514.0
1,0.0,-1.809065654629556,0.11187077188762133,513.0
1,0.0,-1.7078164914633334,-0.385587209831496,512.0
1,1.0,-1.9103148177957785,-0.8830451915506145,511.0
1,0.0,-0.2903282071362173,-0.13685821897193678,510.0
1,0.0,-0.2903282071362173,1.6042447170449754,509.0
1,0.0,0.7221634245260085,0.8580577444662989,508.0
1,0.0,0.5196650981935633,-1.8779611549888504,507.0
1,0.0,-0.6953248598011076,-0.385587209831496,506.0
1,0.0,-0.2903282071362173,0.3605997627471805,505.0
1,0.0,1.3296584035233439,0.6093287536067398,504.0
1,0.0,-0.2903282071362173,0.11187077188762133,503.0
1,0.0,-0.6953248598011076,0.6093287536067398,502.0
1,0.0,0.3171667718611182,0.11187077188762133,501.0
1,0.0,-0.8978231861335528,-2.1266901458484093,500.0
1,0.0,0.7221634245260085,0.3605997627471805,499.0
1,0.0,0.3171667718611182,1.3555157261854165,498.0
1,0.0,0.114668445528673,1.1067867353258585,497.0
1,0.0,0.3171667718611182,0.8580577444662989,496.0
1,0.0,-1.5053181651308882,1.6042447170449754,495.0
1,0.0,-1.5053181651308882,0.11187077188762133,494.0
1,0.0,-1.7078164914633334,0.6093287536067398,493.0
1,0.0,-0.6953248598011076,0.8580577444662989,492.0
1,0.0,0.3171667718611182,-0.13685821897193678,491.0
1,0.0,-0.9990723492997754,-0.8830451915506145,490.0
1,0.0,-0.08782988080377216,-1.8779611549888504,489.0
1,0.0,0.7221634245260085,0.8580577444662989,488.0
1,0.0,-1.7078164914633334,-0.8830451915506145,487.0
1,0.0,0.5196650981935633,-0.13685821897193678,486.0
1,0.0,0.5196650981935633,-0.6343162006910552,485.0
1,0.0,0.7221634245260085,-0.385587209831496,484.0
1,0.0,0.013419282362450423,-0.8830451915506145,483.0
1,0.0,0.5196650981935633,0.6093287536067398,482.0
1,0.0,-0.6953248598011076,-1.1317741824101737,481.0
1,0.0,0.9246617508584536,0.6093287536067398,480.0
1,0.0,0.9246617508584536,0.3605997627471805,479.0
1,0.0,-0.2903282071362173,1.1067867353258585,478.0
1,0.0,-0.6953248598011076,-1.1317741824101737,477.0
1,0.0,-0.4928265334686625,0.11187077188762133,476.0
1,0.0,-1.1003215124659982,0.11187077188762133,475.0
1,0.0,0.3171667718611182,0.8580577444662989,474.0
1,0.0,-1.6065673282971107,-0.8830451915506145,473.0
1,0.0,-0.4928265334686625,0.3605997627471805,472.0
1,0.0,-2.2140623072944465,-0.8830451915506145,471.0
1,0.0,-0.6953248598011076,-0.385587209831496,470.0
1,0.0,-0.08782988080377216,-2.1266901458484093,469.0
1,0.0,-2.011563980962001,-0.8830451915506145,468.0
1,0.0,-0.08782988080377216,-0.8830451915506145,467.0
1,0.0,1.5321567298557892,0.11187077188762133,466.0
1,0.0,-0.2903282071362173,-0.13685821897193678,465.0
1,0.0,0.7221634245260085,-2.3754191367079684,464.0
1,0.0,-0.4928265334686625,-2.3754191367079684,463.0
1,0.0,-0.08782988080377216,0.3605997627471805,462.0
1,1.0,-1.1003215124659982,-0.8830451915506145,461.0
1,0.0,-1.7078164914633334,-0.6343162006910552,460.0
1,0.0,0.114668445528673,0.8580577444662989,459.0
1,0.0,0.114668445528673,0.3605997627471805,458.0
1,0.0,1.5321567298557892,1.6042447170449754,457.0
1,0.0,0.5196650981935633,-1.1317741824101737,456.0
1,0.0,0.5196650981935633,0.8580577444662989,455.0
1,0.0,0.114668445528673,1.6042447170449754,454.0
1,0.0,0.5196650981935633,1.1067867353258585,453.0
1,0.0,-0.4928265334686625,0.3605997627471805,452.0
1,0.0,-0.6953248598011076,-1.1317741824101737,451.0
1,0.0,1.3296584035233439,-0.13685821897193678,450.0
1,0.0,-0.2903282071362173,-1.1317741824101737,449.0
1,0.0,-0.6953248598011076,1.1067867353258585,448.0
1,0.0,-2.112813144128224,-0.13685821897193678,447.0
1,0.0,1.1271600771908987,0.6093287536067398,446.0
1,0.0,1.0259109140246765,0.8580577444662989,445.0
1,0.0,-0.8978231861335528,-0.6343162006910552,444.0
1,0.0,-1.2015706756322206,0.6093287536067398,443.0
1,0.0,-0.2903282071362173,-0.385587209831496,442.0
1,0.0,0.114668445528673,-1.1317741824101737,441.0
1,0.0,-1.1003215124659982,-1.6292321641292908,440.0
1,0.0,0.5196650981935633,-0.385587209831496,439.0
1,0.0,1.1271600771908987,0.8580577444662989,438.0
1,0.0,-0.4928265334686625,1.1067867353258585,437.0
1,0.0,0.3171667718611182,-0.6343162006910552,436.0
1,0.0,1.7346550561882343,0.11187077188762133,435.0
1,0.0,0.114668445528673,0.11187077188762133,434.0
1,0.0,1.7346550561882343,1.8529737079045348,433.0
1,0.0,-0.08782988080377216,1.6042447170449754,432.0
1,0.0,0.3171667718611182,1.6042447170449754,431.0
1,0.0,0.9246617508584536,-0.385587209831496,430.0
1,0.0,1.3296584035233439,0.3605997627471805,429.0
1,0.0,0.7221634245260085,-0.6343162006910552,428.0
1,0.0,-0.2903282071362173,-1.1317741824101737,427.0
1,0.0,0.9246617508584536,0.3605997627471805,426.0
1,0.0,-1.2420703408987095,-2.1266901458484093,425.0
1,0.0,-2.011563980962001,-0.385587209831496,424.0
1,0.0,0.7221634245260085,-1.6292321641292908,423.0
1,0.0,0.3171667718611182,0.8580577444662989,422.0
1,0.0,0.3171667718611182,1.8529737079045348,421.0
1,0.0,-0.6953248598011076,-0.8830451915506145,420.0
1,0.0,0.5196650981935633,-0.8830451915506145,419.0
1,0.0,1.3296584035233439,0.3605997627471805,418.0
1,0.0,-0.9990723492997754,-1.1317741824101737,417.0
1,0.0,0.3171667718611182,0.3605997627471805,416.0
1,0.0,-1.809065654629556,-0.385587209831496,415.0
1,0.0,-0.6953248598011076,-0.385587209831496,414.0
1,0.0,-2.173562642027957,0.11187077188762133,413.0
1,0.0,0.9246617508584536,-0.6343162006910552,412.0
1,0.0,0.7221634245260085,-1.1317741824101737,411.0
1,1.0,-0.8978231861335528,-0.6343162006910552,410.0
1,0.0,-0.08782988080377216,-0.13685821897193678,409.0
1,0.0,1.3296584035233439,-0.385587209831496,408.0
1,0.0,-1.9103148177957785,0.3605997627471805,407.0
1,0.0,0.114668445528673,1.6042447170449754,406.0
1,0.0,0.9246617508584536,-0.385587209831496,405.0
1,0.0,-0.08782988080377216,0.11187077188762133,404.0
1,0.0,-1.3028198387984429,0.8580577444662989,403.0
1,0.0,-0.2903282071362173,-0.385587209831496,402.0
1,0.0,-1.4445686672311546,-1.8779611549888504,401.0
1,0.0,-0.8978231861335528,-0.385587209831496,400.0
1,0.0,0.5196650981935633,-1.6292321641292908,399.0
1,0.0,-1.1003215124659982,-0.385587209831496,398.0
1,0.0,0.3171667718611182,0.6093287536067398,397.0
1,0.0,-2.112813144128224,-0.6343162006910552,396.0
1,0.0,-0.9990723492997754,-0.13685821897193678,395.0
1,0.0,-0.6953248598011076,0.3605997627471805,394.0
1,0.0,-0.2903282071362173,-1.1317741824101737,393.0
1,0.0,-0.6953248598011076,0.11187077188762133,392.0
1,0.0,-0.08782988080377216,1.3555157261854165,391.0
1,0.0,-0.8978231861335528,0.6093287536067398,390.0
1,0.0,-0.2903282071362173,-0.13685821897193678,389.0
1,0.0,2.139651708853125,-2.1266901458484093,388.0
1,0.0,0.5196650981935633,-1.1317741824101737,387.0
1,0.0,-2.983555947357738,-0.385587209831496,386.0
1,0.0,1.1271600771908987,1.6042447170449754,385.0
1,0.0,0.7221634245260085,-0.8830451915506145,384.0
1,0.0,-1.5053181651308882,-2.8728771184270863,383.0
1,0.0,-0.6953248598011076,-0.13685821897193678,382.0
1,0.0,0.7221634245260085,-0.8830451915506145,381.0
1,0.0,-0.2903282071362173,1.1067867353258585,380.0
1,0.0,-0.08782988080377216,-0.13685821897193678,379.0
1,0.0,0.9246617508584536,-3.121606109286645,378.0
1,0.0,-0.2903282071362173,0.11187077188762133,377.0
1,0.0,-0.4928265334686625,0.3605997627471805,376.0
1,0.0,-0.8978231861335528,-0.8830451915506145,375.0
1,0.0,-1.809065654629556,1.1067867353258585,374.0
1,0.0,-0.2903282071362173,-0.8830451915506145,373.0
1,0.0,-0.08782988080377216,1.3555157261854165,372.0
1,0.0,-0.8978231861335528,0.11187077188762133,371.0
1,0.0,0.5196650981935633,0.8580577444662989,370.0
1,0.0,1.9371533825206797,0.6093287536067398,369.0
1,0.0,-1.9103148177957785,-1.1317741824101737,368.0
1,0.0,0.7221634245260085,-1.3805031732697317,367.0
1,0.0,0.5196650981935633,-0.8830451915506145,366.0
1,0.0,-0.08782988080377216,-0.385587209831496,365.0
1,0.0,-2.5178097967931143,-0.8830451915506145,364.0
1,0.0,0.9246617508584536,1.8529737079045348,363.0
1,0.0,-0.6953248598011076,-0.385587209831496,362.0
1,0.0,-0.08782988080377216,0.11187077188762133,361.0
1,1.0,-1.5053181651308882,-1.3805031732697317,360.0
1,0.0,1.3296584035233439,0.3605997627471805,359.0
1,0.0,0.4184159350273408,-0.13685821897193678,358.0
1,0.0,1.1271600771908987,2.1017026987640928,357.0
1,0.0,-0.2903282071362173,0.6093287536067398,356.0
1,0.0,-0.2903282071362173,-0.8830451915506145,355.0
1,0.0,0.7221634245260085,-1.8779611549888504,354.0
1,0.0,0.114668445528673,0.8580577444662989,353.0
1,0.0,-1.1003215124659982,-0.6343162006910552,352.0
1,0.0,0.114668445528673,-0.6343162006910552,351.0
1,0.0,-0.08782988080377216,0.3605997627471805,350.0
1,0.0,0.114668445528673,-0.8830451915506145,349.0
1,0.0,0.3171667718611182,-0.385587209831496,348.0
1,0.0,-0.7965740229673303,-0.13685821897193678,347.0
1,0.0,0.9246617508584536,0.6093287536067398,346.0
1,0.0,-0.2903282071362173,-0.8830451915506145,345.0
1,0.0,-0.4928265334686625,-0.385587209831496,344.0
1,0.0,-0.2903282071362173,1.1067867353258585,343.0
1,0.0,-2.112813144128224,-0.6343162006910552,342.0
1,0.0,-0.08782988080377216,-0.13685821897193678,341.0
1,0.0,-1.3028198387984429,-1.6292321641292908,340.0
1,0.0,-0.6953248598011076,-0.6343162006910552,339.0
1,0.0,-0.08782988080377216,0.8580577444662989,338.0
1,0.0,0.7221634245260085,-0.6343162006910552,337.0
1,0.0,-0.9990723492997754,-0.13685821897193678,336.0
1,0.0,-0.2903282071362173,0.6093287536067398,335.0
1,0.0,-0.8978231861335528,1.1067867353258585,334.0
1,0.0,1.7346550561882343,0.6093287536067398,333.0
1,0.0,1.1271600771908987,0.6093287536067398,332.0
1,0.0,1.5321567298557892,0.6093287536067398,331.0
1,0.0,-0.8978231861335528,-0.13685821897193678,330.0
1,0.0,-0.08782988080377216,-1.1317741824101737,329.0
1,0.0,-0.4928265334686625,1.1067867353258585,328.0
1,0.0,-0.2903282071362173,-0.6343162006910552,327.0
1,0.0,0.7221634245260085,0.3605997627471805,326.0
1,0.0,-0.7965740229673303,0.3605997627471805,325.0
1,0.0,-0.8978231861335528,-1.1317741824101737,324.0
1,0.0,-0.4928265334686625,0.3605997627471805,323.0
1,0.0,0.3171667718611182,-0.385587209831496,322.0
1,0.0,-0.4928265334686625,-1.3805031732697317,321.0
1,0.0,-1.9103148177957785,0.3605997627471805,320.0
1,0.0,-1.7685659893630672,0.6093287536067398,319.0
1,0.0,0.114668445528673,-0.6343162006910552,318.0
1,0.0,-1.1003215124659982,-1.8779611549888504,317.0
1,0.0,-0.22957870923648435,0.6093287536067398,316.0
1,0.0,-0.8978231861335528,-1.3805031732697317,315.0
1,0.0,-1.9103148177957785,0.11187077188762133,314.0
1,0.0,-2.7203081231255597,-0.13685821897193678,313.0
1,0.0,1.7346550561882343,0.3605997627471805,312.0
1,0.0,-0.4928265334686625,0.8580577444662989,311.0
1,1.0,-1.1003215124659982,0.11187077188762133,310.0
1,0.0,-0.18907904396999475,-0.385587209831496,309.0
1,0.0,-0.2903282071362173,-0.13685821897193678,308.0
1,0.0,0.5196650981935633,-0.6343162006910552,307.0
1,0.0,1.5321567298557892,0.3605997627471805,306.0
1,0.0,-4.036547244286453,-0.6343162006910552,305.0
1,0.0,-0.4928265334686625,0.3605997627471805,304.0
1,0.0,-1.5660676630306216,-1.1317741824101737,303.0
1,0.0,0.9246617508584536,0.3605997627471805,302.0
1,0.0,-1.9103148177957785,-0.6343162006910552,301.0
1,0.0,-1.7078164914633334,-0.385587209831496,300.0
1,0.0,-2.5178097967931143,-1.6292321641292908,299.0
1,0.0,-0.6953248598011076,1.8529737079045348,298.0
1,0.0,-0.08782988080377216,-1.6292321641292908,297.0
1,0.0,0.114668445528673,-0.13685821897193678,296.0
1,0.0,1.1271600771908987,0.3605997627471805,295.0
1,0.0,-0.08782988080377216,0.3605997627471805,294.0
1,0.0,-1.6065673282971107,-0.6343162006910552,293.0
1,0.0,0.5196650981935633,-0.6343162006910552,292.0
1,0.0,-2.7203081231255597,-1.6292321641292908,291.0
1,0.0,-0.08782988080377216,0.8580577444662989,290.0
1,0.0,0.5196650981935633,0.6093287536067398,289.0
1,0.0,0.7221634245260085,1.1067867353258585,288.0
1,0.0,0.5196650981935633,0.6093287536067398,287.0
1,0.0,0.5196650981935633,-0.13685821897193678,286.0
1,0.0,0.8234125876922309,-0.6343162006910552,285.0
1,0.0,-0.8978231861335528,0.8580577444662989,284.0
1,0.0,1.7346550561882343,1.1067867353258585,283.0
1,0.0,-0.08782988080377216,1.1067867353258585,282.0
1,0.0,-1.9103148177957785,0.3605997627471805,281.0
1,0.0,-0.4928265334686625,0.3605997627471805,280.0
1,0.0,-0.2903282071362173,-1.6292321641292908,279.0
1,0.0,-0.8978231861335528,-2.1266901458484093,278.0
1,0.0,0.114668445528673,2.1017026987640928,277.0
1,0.0,-2.5178097967931143,0.6093287536067398,276.0
1,0.0,-0.2903282071362173,1.1067867353258585,275.0
1,0.0,0.114668445528673,0.8580577444662989,274.0
1,0.0,0.5196650981935633,0.8580577444662989,273.0
1,0.0,-0.2903282071362173,0.3605997627471805,272.0
1,0.0,-2.5178097967931143,-1.6292321641292908,271.0
1,0.0,-0.4928265334686625,-0.8830451915506145,270.0
1,0.0,-1.7078164914633334,-1.1317741824101737,269.0
1,0.0,-0.2903282071362173,-0.385587209831496,268.0
1,0.0,1.3296584035233439,-0.385587209831496,267.0
1,0.0,-0.4928265334686625,0.8580577444662989,266.0
1,0.0,-0.3915773703024399,0.11187077188762133,265.0
1,0.0,0.9246617508584536,-0.13685821897193678,264.0
1,0.0,-0.08782988080377216,0.11187077188762133,263.0
1,0.0,0.7221634245260085,0.8580577444662989,262.0
1,0.0,-0.2903282071362173,-2.6241481275675267,261.0
1,1.0,-0.4928265334686625,-1.8779611549888504,260.0
1,0.0,0.5196650981935633,-0.385587209831496,259.0
1,0.0,1.3296584035233439,0.11187077188762133,258.0
1,0.0,1.3296584035233439,0.6093287536067398,257.0
1,0.0,-0.6953248598011076,-0.385587209831496,256.0
1,0.0,-0.08782988080377216,-0.385587209831496,255.0
1,0.0,1.2284092403571214,1.3555157261854165,254.0
1,0.0,-2.315311470460669,-1.8779611549888504,253.0
1,0.0,0.9246617508584536,-0.8830451915506145,252.0
1,0.0,-0.08782988080377216,-0.8830451915506145,251.0
1,0.0,-1.4040690019646658,0.6093287536067398,250.0
1,0.0,-0.8978231861335528,-0.13685821897193678,249.0
1,0.0,-1.1003215124659982,0.3605997627471805,248.0
1,0.0,0.3171667718611182,1.6042447170449754,247.0
1,0.0,-0.2903282071362173,-1.6292321641292908,246.0
1,0.0,0.5196650981935633,0.3605997627471805,245.0
1,0.0,-0.2903282071362173,0.6093287536067398,244.0
1,0.0,0.5196650981935633,-1.8779611549888504,243.0
1,0.0,-0.4928265334686625,0.8580577444662989,242.0
1,0.0,0.114668445528673,0.3605997627471805,241.0
1,0.0,1.5321567298557892,0.11187077188762133,240.0
1,0.0,-0.2903282071362173,1.1067867353258585,239.0
1,0.0,1.5321567298557892,-0.385587209831496,238.0
1,0.0,0.5196650981935633,0.11187077188762133,237.0
1,0.0,0.114668445528673,-0.8830451915506145,236.0
1,0.0,0.9246617508584536,-0.13685821897193678,235.0
1,0.0,-0.4928265334686625,-0.13685821897193678,234.0
1,0.0,-1.1003215124659982,-0.385587209831496,233.0
1,0.0,1.1271600771908987,-1.8779611549888504,232.0
1,0.0,-0.2903282071362173,-0.385587209831496,231.0
1,0.0,-0.6953248598011076,0.3605997627471805,230.0
1,0.0,-0.2903282071362173,1.1067867353258585,229.0
1,0.0,1.9371533825206797,0.3605997627471805,228.0
1,0.0,-1.3028198387984429,1.3555157261854165,227.0
1,0.0,-0.8978231861335528,-1.8779611549888504,226.0
1,0.0,1.1271600771908987,-1.6292321641292908,225.0
1,0.0,0.114668445528673,-0.6343162006910552,224.0
1,0.0,-0.2903282071362173,-1.6292321641292908,223.0
1,0.0,0.5196650981935633,1.6042447170449754,222.0
1,0.0,0.9246617508584536,-0.13685821897193678,221.0
1,0.0,1.9371533825206797,-1.8779611549888504,220.0
1,0.0,-0.2903282071362173,-0.385587209831496,219.0
1,0.0,1.7346550561882343,0.11187077188762133,218.0
1,0.0,-1.809065654629556,-1.8779611549888504,217.0
1,0.0,0.5196650981935633,-1.6292321641292908,216.0
1,0.0,0.3171667718611182,1.1067867353258585,215.0
1,0.0,0.3171667718611182,0.3605997627471805,214.0
1,0.0,-1.1003215124659982,0.6093287536067398,213.0
1,0.0,0.3171667718611182,-1.1317741824101737,212.0
1,0.0,0.114668445528673,0.8580577444662989,211.0
1,1.0,0.3171667718611182,-0.385587209831496,210.0
1,0.0,-0.9990723492997754,-0.385587209831496,209.0
1,0.0,-0.2903282071362173,0.6093287536067398,208.0
1,0.0,-0.2903282071362173,-0.8830451915506145,207.0
1,0.0,-0.8978231861335528,-0.385587209831496,206.0
1,0.0,0.114668445528673,-0.8830451915506145,205.0
1,0.0,1.1271600771908987,-0.13685821897193678,204.0
1,0.0,0.3171667718611182,0.11187077188762133,203.0
1,0.0,0.114668445528673,0.6093287536067398,202.0
1,0.0,0.114668445528673,1.1067867353258585,201.0
1,0.0,-0.2903282071362173,1.1067867353258585,200.0
1,0.0,-0.08782988080377216,-0.8830451915506145,199.0
1,0.0,-0.6953248598011076,-2.8728771184270863,198.0
1,0.0,-0.2903282071362173,-0.6343162006910552,197.0
1,0.0,0.3171667718611182,0.11187077188762133,196.0
1,0.0,0.3171667718611182,0.6093287536067398,195.0
1,0.0,1.5321567298557892,-2.6241481275675267,194.0
1,0.0,-0.4928265334686625,-0.385587209831496,193.0
1,0.0,0.114668445528673,-1.1317741824101737,192.0
1,0.0,-1.7078164914633334,-0.8830451915506145,191.0
1,0.0,0.5196650981935633,-1.8779611549888504,190.0
1,0.0,-0.4928265334686625,-0.385587209831496,189.0
1,0.0,-1.3028198387984429,-0.13685821897193678,188.0
1,0.0,-0.2903282071362173,-0.6343162006910552,187.0
1,0.0,-2.619058959959337,0.8580577444662989,186.0
1,0.0,1.1271600771908987,-0.13685821897193678,185.0
1,0.0,-1.3028198387984429,-0.8830451915506145,184.0
1,0.0,0.013419282362450423,1.1067867353258585,183.0
1,0.0,-1.5053181651308882,-0.8830451915506145,182.0
1,0.0,1.7346550561882343,-0.8830451915506145,181.0
1,0.0,-0.8978231861335528,-1.6292321641292908,180.0
1,0.0,0.7221634245260085,-0.385587209831496,179.0
1,0.0,-1.1003215124659982,0.11187077188762133,178.0
1,0.0,1.1271600771908987,-1.8779611549888504,177.0
1,0.0,-1.1003215124659982,-1.3805031732697317,176.0
1,0.0,-0.2903282071362173,-0.8830451915506145,175.0
1,0.0,-1.5053181651308882,-0.6343162006910552,174.0
1,0.0,0.013419282362450423,0.11187077188762133,173.0
1,0.0,1.7346550561882343,0.8580577444662989,172.0
1,0.0,-1.5053181651308882,0.8580577444662989,171.0
1,0.0,-0.9990723492997754,1.3555157261854165,170.0
1,0.0,-1.6065673282971107,-1.6292321641292908,169.0
1,0.0,0.114668445528673,0.6093287536067398,168.0
1,0.0,1.1271600771908987,1.1067867353258585,167.0
1,0.0,0.7221634245260085,-0.13685821897193678,166.0
1,0.0,0.3171667718611182,0.6093287536067398,165.0
1,0.0,0.9246617508584536,-0.8830451915506145,164.0
1,0.0,-2.781057621025293,-0.8830451915506145,163.0
1,0.0,0.5196650981935633,-1.8779611549888504,162.0
1,0.0,-0.7965740229673303,1.1067867353258585,161.0
1,1.0,-0.6953248598011076,0.11187077188762133,160.0
1,0.0,-0.6953248598011076,0.3605997627471805,159.0
1,0.0,-0.18907904396999475,-1.3805031732697317,158.0
1,0.0,-0.2903282071362173,-0.6343162006910552,157.0
1,0.0,-1.5053181651308882,0.11187077188762133,156.0
1,0.0,-0.9990723492997754,-1.1317741824101737,155.0
1,0.0,-1.6470669935635998,-0.385587209831496,154.0
1,0.0,-1.3028198387984429,0.11187077188762133,153.0
1,0.0,-1.1003215124659982,-0.13685821897193678,152.0
1,0.0,2.139651708853125,1.1067867353258585,151.0
1,0.0,-0.4928265334686625,-0.13685821897193678,150.0
1,0.0,-1.1003215124659982,-1.1317741824101737,149.0
1,0.0,-0.8978231861335528,0.8580577444662989,148.0
1,0.0,0.5196650981935633,0.11187077188762133,147.0
1,0.0,0.5196650981935633,1.1067867353258585,146.0
1,0.0,-0.08782988080377216,-1.8779611549888504,145.0
1,0.0,0.9246617508584536,-1.8779611549888504,144.0
1,0.0,-0.2903282071362173,-1.6292321641292908,143.0
1,0.0,-0.8978231861335528,0.8580577444662989,142.0
1,0.0,-0.08782988080377216,-0.385587209831496,141.0
1,0.0,-1.9103148177957785,-0.385587209831496,140.0
1,0.0,-0.8978231861335528,-0.8830451915506145,139.0
1,0.0,-3.7327997547877856,-2.6241481275675267,138.0
1,0.0,0.3171667718611182,0.6093287536067398,137.0
1,0.0,-1.3028198387984429,-1.3805031732697317,136.0
1,0.0,1.3296584035233439,-0.385587209831496,135.0
1,0.0,-1.3028198387984429,-0.13685821897193678,134.0
1,0.0,1.1271600771908987,-0.6343162006910552,133.0
1,0.0,0.3171667718611182,-0.6343162006910552,132.0
1,0.0,1.1271600771908987,-1.6292321641292908,131.0
1,0.0,-0.2903282071362173,-1.1317741824101737,130.0
1,0.0,1.5321567298557892,2.350431689623653,129.0
1,0.0,1.3296584035233439,1.6042447170449754,128.0
1,0.0,-1.5053181651308882,0.6093287536067398,127.0
1,0.0,0.9246617508584536,1.6042447170449754,126.0
1,0.0,1.9371533825206797,0.8580577444662989,125.0
1,0.0,-0.6953248598011076,-0.13685821897193678,124.0
1,0.0,-1.5053181651308882,0.3605997627471805,123.0
1,0.0,0.7221634245260085,-2.1266901458484093,122.0
1,0.0,-0.4928265334686625,1.1067867353258585,121.0
1,0.0,-0.8978231861335528,-0.6343162006910552,120.0
1,0.0,-0.08782988080377216,0.11187077188762133,119.0
1,0.0,-0.8978231861335528,-0.13685821897193678,118.0
1,1.0,-2.9228064494580046,-1.8779611549888504,117.0
1,0.0,0.9246617508584536,1.6042447170449754,116.0
1,0.0,-0.6953248598011076,-0.8830451915506145,115.0
1,0.0,0.114668445528673,0.6093287536067398,114.0
1,0.0,-0.9990723492997754,-2.3754191367079684,113.0
1,0.0,-0.594075696634885,-1.6292321641292908,112.0
1,0.0,0.3171667718611182,-2.1266901458484093,111.0
1,0.0,0.7221634245260085,0.3605997627471805,110.0
1,0.0,1.5321567298557892,0.6093287536067398,109.0
1,0.0,0.7221634245260085,1.1067867353258585,108.0
1,0.0,-1.5053181651308882,-0.13685821897193678,107.0
1,0.0,-0.14857937870350513,-1.3805031732697317,106.0
1,0.0,0.5196650981935633,-0.8830451915506145,105.0
1,0.0,-2.254561972560935,1.1067867353258585,104.0
1,1.0,-1.5053181651308882,-2.1266901458484093,103.0
1,0.0,-0.8978231861335528,0.6093287536067398,102.0
1,0.0,0.7221634245260085,1.3555157261854165,101.0
1,0.0,0.3171667718611182,0.8580577444662989,100.0
1,0.0,1.9371533825206797,0.3605997627471805,99.0
1,0.0,-0.4928265334686625,-1.1317741824101737,98.0
1,0.0,-2.983555947357738,-2.6241481275675267,97.0
1,0.0,-1.3028198387984429,0.11187077188762133,96.0
1,0.0,0.9246617508584536,-0.8830451915506145,95.0
1,0.0,-2.112813144128224,0.11187077188762133,94.0
1,0.0,-0.08782988080377216,0.8580577444662989,93.0
1,0.0,-1.1003215124659982,0.3605997627471805,92.0
1,0.0,0.114668445528673,0.11187077188762133,91.0
1,0.0,-0.2903282071362173,-0.8830451915506145,90.0
1,0.0,0.3171667718611182,1.8529737079045348,89.0
1,0.0,-0.08782988080377216,-3.121606109286645,88.0
1,0.0,-0.8978231861335528,0.3605997627471805,87.0
1,0.0,-0.4928265334686625,0.11187077188762133,86.0
1,0.0,0.114668445528673,-0.6343162006910552,85.0
1,0.0,0.3171667718611182,-0.385587209831496,84.0
1,0.0,-0.4928265334686625,-1.1317741824101737,83.0
1,0.0,0.114668445528673,-0.13685821897193678,82.0
1,0.0,-0.7965740229673303,-0.6343162006910552,81.0
1,0.0,0.7221634245260085,0.6093287536067398,80.0
1,1.0,-2.315311470460669,-1.1317741824101737,79.0
1,0.0,-0.2903282071362173,-0.8830451915506145,78.0
1,1.0,-2.315311470460669,-0.6343162006910552,77.0
1,0.0,0.9246617508584536,0.3605997627471805,76.0
1,0.0,-0.08782988080377216,0.6093287536067398,75.0
1,0.0,1.1271600771908987,-1.8779611549888504,74.0
1,0.0,0.3171667718611182,-0.13685821897193678,73.0
1,1.0,-0.6953248598011076,-0.13685821897193678,72.0
1,0.0,1.5321567298557892,1.3555157261854165,71.0
1,0.0,-1.3028198387984429,0.11187077188762133,70.0
1,0.0,-1.5053181651308882,1.6042447170449754,69.0
1,0.0,1.1271600771908987,-2.3754191367079684,68.0
1,0.0,-0.6953248598011076,-0.385587209831496,67.0
1,0.0,-0.594075696634885,-1.3805031732697317,66.0
1,0.0,-0.2903282071362173,1.1067867353258585,65.0
1,0.0,-0.6953248598011076,-2.1266901458484093,64.0
1,0.0,-2.112813144128224,0.11187077188762133,63.0
1,0.0,-1.4445686672311546,-1.6292321641292908,62.0
1,0.0,-0.9990723492997754,1.3555157261854165,61.0
1,0.0,-0.2903282071362173,-0.8830451915506145,60.0
1,0.0,0.114668445528673,0.6093287536067398,59.0
1,0.0,-0.2903282071362173,-0.13685821897193678,58.0
1,0.0,-0.7965740229673303,0.6093287536067398,57.0
1,0.0,-1.8495653198960451,-1.1317741824101737,56.0
1,0.0,-0.08782988080377216,0.3605997627471805,55.0
1,1.0,-2.2140623072944465,-0.8830451915506145,54.0
1,0.0,-0.4928265334686625,-0.6343162006910552,53.0
1,0.0,-0.8978231861335528,-0.6343162006910552,52.0
1,0.0,-2.2140623072944465,0.3605997627471805,51.0
1,0.0,-0.4928265334686625,-0.13685821897193678,50.0
1,0.0,-0.18907904396999475,0.3605997627471805,49.0
1,0.0,1.5321567298557892,1.1067867353258585,48.0
1,1.0,-0.6953248598011076,-0.13685821897193678,47.0
1,0.0,0.5196650981935633,1.6042447170449754,46.0
1,0.0,1.5321567298557892,0.6093287536067398,45.0
1,0.0,-1.039572014566265,-0.13685821897193678,44.0
1,0.0,-0.08782988080377216,-0.8830451915506145,43.0
1,0.0,-1.3028198387984429,-0.6343162006910552,42.0
1,1.0,0.3171667718611182,-0.6343162006910552,41.0
1,0.0,0.9246617508584536,1.1067867353258585,40.0
1,0.0,-1.3028198387984429,0.6093287536067398,39.0
1,0.0,-0.4928265334686625,-0.6343162006910552,38.0
1,0.0,1.1271600771908987,-0.8830451915506145,37.0
1,0.0,-0.4320770355689295,-0.385587209831496,36.0
1,0.0,-0.9990723492997754,-1.1317741824101737,35.0
1,0.0,-0.2903282071362173,-1.6292321641292908,34.0
1,0.0,-0.08782988080377216,0.6093287536067398,33.0
1,0.0,-1.7078164914633334,-0.13685821897193678,32.0
1,0.0,-2.2140623072944465,-0.8830451915506145,31.0
1,0.0,0.5196650981935633,-1.1317741824101737,30.0
1,0.0,1.5321567298557892,-0.13685821897193678,29.0
1,0.0,-1.3028198387984429,-0.6343162006910552,28.0
1,0.0,0.114668445528673,-0.6343162006910552,27.0
1,0.0,1.3296584035233439,0.3605997627471805,26.0
1,0.0,-1.4040690019646658,-0.385587209831496,25.0
1,0.0,0.7221634245260085,-0.385587209831496,24.0
1,0.0,-0.08782988080377216,0.11187077188762133,23.0
1,0.0,-0.2903282071362173,1.1067867353258585,22.0
1,0.0,-0.08782988080377216,-0.8830451915506145,21.0
1,0.0,0.7221634245260085,-3.3703351001462036,20.0
1,0.0,-0.08782988080377216,0.11187077188762133,19.0
1,0.0,-0.594075696634885,-0.385587209831496,18.0
1,1.0,-1.7078164914633334,-0.385587209831496,17.0
1,0.0,-0.3915773703024399,-0.385587209831496,16.0
1,0.0,0.7221634245260085,-2.3754191367079684,15.0
1,0.0,-0.2903282071362173,-0.8830451915506145,14.0
1,0.0,-0.08782988080377216,-0.8830451915506145,13.0
1,0.0,0.9246617508584536,0.6093287536067398,12.0
1,0.0,-0.4928265334686625,-0.6343162006910552,11.0
1,1.0,-1.7078164914633334,-0.385587209831496,10.0
1,0.0,0.9246617508584536,-1.6292321641292908,9.0
1,0.0,-1.2015706756322206,-2.1266901458484093,8.0
1,0.0,0.114668445528673,-0.6343162006910552,7.0
1,0.0,-2.112813144128224,-1.6292321641292908,6.0
1,0.0,-1.7078164914633334,0.11187077188762133,5.0
1,0.0,-0.8978231861335528,0.3605997627471805,4.0
1,0.0,-2.2140623072944465,-2.1266901458484093,3.0
1,0.0,-0.4928265334686625,-0.6343162006910552,2.0
1,0.0,-0.6953248598011076,-0.6343162006910552,1.0
