1,0.0,0.3171667718611182,0.6093287536067398,1.0
1,0.0,1.7346550561882343,-2.6241481275675267,0.999330655957162
1,0.0,-1.2420703408987095,-1.1317741824101737,0.998661311914324
1,0.0,1.3296584035233439,-2.3754191367079684,0.9979919678714859
1,0.0,-0.08782988080377216,0.6093287536067398,0.9973226238286479
1,0.0,0.7221634245260085,0.11187077188762133,0.9966532797858099
1,0.0,0.114668445528673,-0.8830451915506145,0.9959839357429718
1,0.0,-1.1003215124659982,-2.3754191367079684,0.9953145917001339
1,0.0,-0.08782988080377216,0.3605997627471805,0.9946452476572959
1,0.0,-0.8978231861335528,-0.385587209831496,0.9939759036144579
1,0.0,1.3296584035233439,0.3605997627471805,0.9933065595716198
1,0.0,1.5321567298557892,0.6093287536067398,0.9926372155287818
1,0.0,-0.08782988080377216,-1.1317741824101737,0.9919678714859438
1,0.0,0.7221634245260085,-2.1266901458484093,0.9912985274431058
1,0.0,0.114668445528673,0.3605997627471805,0.9906291834002677
1,0.0,1.1271600771908987,1.1067867353258585,0.9899598393574297
1,0.0,-2.4165606336268914,-1.1317741824101737,0.9892904953145917
1,1.0,-2.8215572862917817,-1.8779611549888504,0.9886211512717537
1,0.0,0.3171667718611182,1.8529737079045348,0.9879518072289156
1,0.0,0.7221634245260085,-0.8830451915506145,0.9872824631860776
1,0.0,-0.4928265334686625,1.3555157261854165,0.9866131191432396
1,0.0,1.5321567298557892,0.8580577444662989,0.9859437751004017
1,0.0,0.9246617508584536,1.8529737079045348,0.9852744310575636
1,0.0,0.5196650981935633,0.3605997627471805,0.9846050870147256
1,0.0,0.3171667718611182,1.8529737079045348,0.9839357429718876
1,0.0,-0.2903282071362173,-0.8830451915506145,0.9832663989290495
1,0.0,-0.4928265334686625,-0.13685821897193678,0.9825970548862115
1,0.0,-0.4928265334686625,0.3605997627471805,0.9819277108433735
1,0.0,0.5196650981935633,1.8529737079045348,0.9812583668005355
1,0.0,0.4184159350273408,1.8529737079045348,0.9805890227576974
1,1.0,-2.9228064494580046,-2.6241481275675267,0.9799196787148594
1,0.0,1.7346550561882343,1.1067867353258585,0.9792503346720214
1,0.0,2.139651708853125,1.6042447170449754,0.9785809906291834
1,0.0,1.5321567298557892,0.8580577444662989,0.9779116465863453
1,0.0,-0.2903282071362173,-0.385587209831496,0.9772423025435074
1,0.0,0.114668445528673,0.3605997627471805,0.9765729585006694
1,0.0,0.5196650981935633,0.3605997627471805,0.9759036144578314
1,0.0,-0.08782988080377216,1.8529737079045348,0.9752342704149933
1,0.0,0.9246617508584536,0.11187077188762133,0.9745649263721553
1,0.0,1.7346550561882343,0.8580577444662989,0.9738955823293173
1,0.0,0.3171667718611182,0.3605997627471805,0.9732262382864793
1,1.0,-1.1003215124659982,-1.3805031732697317,0.9725568942436412
1,0.0,-0.4928265334686625,0.6093287536067398,0.9718875502008032
1,0.0,0.3171667718611182,-1.1317741824101737,0.9712182061579652
1,0.0,0.9246617508584536,-0.8830451915506145,0.9705488621151271
1,0.0,-0.2903282071362173,0.6093287536067398,0.9698795180722891
1,0.0,-0.08782988080377216,1.3555157261854165,0.9692101740294511
1,0.0,0.9246617508584536,0.8580577444662989,0.9685408299866132
1,0.0,-0.2903282071362173,1.6042447170449754,0.9678714859437751
1,0.0,-0.6953248598011076,1.8529737079045348,0.9672021419009371
1,0.0,-0.08782988080377216,1.3555157261854165,0.9665327978580991
1,0.0,2.139651708853125,1.3555157261854165,0.9658634538152611
1,1.0,-0.08782988080377216,-0.6343162006910552,0.965194109772423
1,0.0,-1.3028198387984429,0.11187077188762133,0.964524765729585
1,0.0,0.3171667718611182,1.1067867353258585,0.963855421686747
1,0.0,1.3296584035233439,0.6093287536067398,0.963186077643909
1,0.0,0.9246617508584536,0.3605997627471805,0.9625167336010709
1,0.0,0.9246617508584536,-1.6292321641292908,0.9618473895582329
1,0.0,-1.4040690019646658,-0.13685821897193678,0.9611780455153949
1,0.0,1.3296584035233439,1.6042447170449754,0.9605087014725568
1,0.0,1.9371533825206797,1.8529737079045348,0.9598393574297188
1,0.0,0.5196650981935633,-0.13685821897193678,0.9591700133868809
1,0.0,0.5196650981935633,1.8529737079045348,0.9585006693440429
1,1.0,-1.9103148177957785,0.6093287536067398,0.9578313253012049
1,0.0,-0.4928265334686625,-2.3754191367079684,0.9571619812583668
1,0.0,0.114668445528673,-0.8830451915506145,0.9564926372155288
1,0.0,0.7221634245260085,-1.1317741824101737,0.9558232931726908
1,0.0,0.3171667718611182,-1.3805031732697317,0.9551539491298527
1,0.0,-0.8978231861335528,-0.6343162006910552,0.9544846050870147
1,0.0,-1.5053181651308882,1.1067867353258585,0.9538152610441767
1,0.0,0.7221634245260085,1.3555157261854165,0.9531459170013387
1,0.0,0.013419282362450423,0.11187077188762133,0.9524765729585006
1,0.0,-0.08782988080377216,0.8580577444662989,0.9518072289156626
1,1.0,-1.1003215124659982,-0.385587209831496,0.9511378848728246
1,0.0,-0.2903282071362173,0.3605997627471805,0.9504685408299867
1,0.0,0.3171667718611182,-1.8779611549888504,0.9497991967871486
1,0.0,-0.2903282071362173,0.8580577444662989,0.9491298527443106
1,0.0,-1.1003215124659982,0.11187077188762133,0.9484605087014726
1,0.0,0.3171667718611182,1.3555157261854165,0.9477911646586346
1,0.0,-1.1003215124659982,1.6042447170449754,0.9471218206157965
1,0.0,1.9371533825206797,0.6093287536067398,0.9464524765729585
1,0.0,-0.08782988080377216,0.8580577444662989,0.9457831325301205
1,0.0,-1.1003215124659982,1.1067867353258585,0.9451137884872824
1,1.0,-0.7965740229673303,-1.6292321641292908,0.9444444444444444
1,0.0,0.5196650981935633,0.11187077188762133,0.9437751004016064
1,0.0,-0.8978231861335528,-0.8830451915506145,0.9431057563587684
1,0.0,-0.2903282071362173,-0.385587209831496,0.9424364123159303
1,0.0,0.3171667718611182,0.11187077188762133,0.9417670682730924
1,0.0,-0.7965740229673303,-1.6292321641292908,0.9410977242302544
1,0.0,-0.4928265334686625,0.8580577444662989,0.9404283801874164
1,0.0,2.139651708853125,1.1067867353258585,0.9397590361445783
1,0.0,0.114668445528673,-0.13685821897193678,0.9390896921017403
1,0.0,1.1271600771908987,1.1067867353258585,0.9384203480589023
1,1.0,1.5321567298557892,1.6042447170449754,0.9377510040160643
1,0.0,0.5196650981935633,-0.8830451915506145,0.9370816599732262
1,0.0,-0.08782988080377216,-0.385587209831496,0.9364123159303882
1,0.0,-0.4928265334686625,-1.3805031732697317,0.9357429718875502
1,0.0,-0.4928265334686625,-2.1266901458484093,0.9350736278447122
1,0.0,-0.8978231861335528,0.8580577444662989,0.9344042838018741
1,0.0,1.5321567298557892,1.6042447170449754,0.9337349397590361
1,0.0,-0.8978231861335528,1.6042447170449754,0.9330655957161981
1,0.0,-1.3028198387984429,-0.13685821897193678,0.9323962516733602
1,0.0,0.9246617508584536,0.8580577444662989,0.9317269076305221
1,1.0,0.5196650981935633,1.1067867353258585,0.9310575635876841
1,0.0,0.7221634245260085,-0.8830451915506145,0.9303882195448461
1,0.0,-0.4928265334686625,1.8529737079045348,0.929718875502008
1,0.0,0.9246617508584536,0.11187077188762133,0.92904953145917
1,0.0,0.114668445528673,1.1067867353258585,0.928380187416332
1,0.0,0.3171667718611182,0.8580577444662989,0.927710843373494
1,0.0,0.7221634245260085,-0.13685821897193678,0.9270414993306559
1,0.0,0.114668445528673,1.6042447170449754,0.9263721552878179
1,0.0,0.6209142613597859,1.3555157261854165,0.9257028112449799
1,0.0,-0.6953248598011076,0.8580577444662989,0.9250334672021419
1,1.0,0.5196650981935633,-1.8779611549888504,0.9243641231593038
1,0.0,-0.8978231861335528,1.3555157261854165,0.9236947791164659
1,0.0,0.5196650981935633,1.8529737079045348,0.9230254350736279
1,0.0,-0.6953248598011076,-1.3805031732697317,0.9223560910307899
1,0.0,1.5321567298557892,1.1067867353258585,0.9216867469879518
1,0.0,-0.6953248598011076,-1.1317741824101737,0.9210174029451138
1,0.0,1.1271600771908987,-1.3805031732697317,0.9203480589022758
1,0.0,-0.2903282071362173,0.3605997627471805,0.9196787148594378
1,0.0,-0.9990723492997754,-0.6343162006910552,0.9190093708165997
1,1.0,0.3171667718611182,-1.1317741824101737,0.9183400267737617
1,0.0,-0.08782988080377216,1.3555157261854165,0.9176706827309237
1,0.0,-0.8978231861335528,1.6042447170449754,0.9170013386880856
1,0.0,-1.1003215124659982,0.8580577444662989,0.9163319946452476
1,0.0,-0.6953248598011076,-0.6343162006910552,0.9156626506024096
1,0.0,1.1271600771908987,-0.13685821897193678,0.9149933065595717
1,0.0,-0.4928265334686625,0.3605997627471805,0.9143239625167336
1,0.0,1.3296584035233439,1.1067867353258585,0.9136546184738956
1,0.0,1.3296584035233439,1.6042447170449754,0.9129852744310576
1,0.0,-0.9990723492997754,0.6093287536067398,0.9123159303882196
1,1.0,-1.3028198387984429,0.6093287536067398,0.9116465863453815
1,0.0,1.3296584035233439,0.8580577444662989,0.9109772423025435
1,0.0,0.3171667718611182,0.3605997627471805,0.9103078982597055
1,0.0,0.114668445528673,1.6042447170449754,0.9096385542168675
1,0.0,-0.08782988080377216,0.8580577444662989,0.9089692101740294
1,0.0,0.9246617508584536,0.8580577444662989,0.9082998661311914
1,0.0,1.7346550561882343,1.1067867353258585,0.9076305220883534
1,0.0,0.7221634245260085,0.3605997627471805,0.9069611780455153
1,0.0,0.7221634245260085,-1.1317741824101737,0.9062918340026773
1,1.0,-1.1003215124659982,-1.3805031732697317,0.9056224899598394
1,0.0,0.9246617508584536,0.3605997627471805,0.9049531459170014
1,0.0,0.3171667718611182,-1.1317741824101737,0.9042838018741634
1,0.0,0.3171667718611182,0.6093287536067398,0.9036144578313253
1,0.0,-0.08782988080377216,-1.1317741824101737,0.9029451137884873
1,0.0,0.3171667718611182,1.1067867353258585,0.9022757697456493
1,0.0,1.3296584035233439,-0.385587209831496,0.9016064257028112
1,0.0,0.9246617508584536,0.3605997627471805,0.9009370816599732
1,0.0,-0.08782988080377216,0.11187077188762133,0.9002677376171352
1,0.0,-1.4040690019646658,1.1067867353258585,0.8995983935742972
1,1.0,-0.4928265334686625,-0.385587209831496,0.8989290495314591
1,0.0,-0.4928265334686625,1.3555157261854165,0.8982597054886211
1,0.0,0.5196650981935633,-0.8830451915506145,0.8975903614457831
1,0.0,-0.8978231861335528,-0.385587209831496,0.8969210174029452
1,0.0,-0.08782988080377216,-1.1317741824101737,0.8962516733601071
1,0.0,1.7346550561882343,0.11187077188762133,0.8955823293172691
1,0.0,-0.08782988080377216,-0.8830451915506145,0.8949129852744311
1,0.0,-1.1003215124659982,0.3605997627471805,0.8942436412315931
1,0.0,0.7221634245260085,0.6093287536067398,0.893574297188755
1,1.0,-1.3028198387984429,-2.1266901458484093,0.892904953145917
1,0.0,-0.08782988080377216,-1.1317741824101737,0.892235609103079
1,0.0,-0.08782988080377216,-0.385587209831496,0.891566265060241
1,0.0,-0.2903282071362173,-0.385587209831496,0.8908969210174029
1,0.0,-0.6953248598011076,-0.6343162006910552,0.8902275769745649
1,0.0,1.5321567298557892,-0.385587209831496,0.8895582329317269
1,0.0,0.7221634245260085,0.11187077188762133,0.8888888888888888
1,0.0,0.9246617508584536,0.6093287536067398,0.8882195448460509
1,0.0,0.5196650981935633,0.11187077188762133,0.8875502008032129
1,0.0,1.9371533825206797,0.3605997627471805,0.8868808567603749
1,1.0,-0.4928265334686625,-1.6292321641292908,0.8862115127175368
1,0.0,-1.7078164914633334,-3.121606109286645,0.8855421686746988
1,0.0,1.5321567298557892,0.6093287536067398,0.8848728246318608
1,0.0,1.3296584035233439,-0.385587209831496,0.8842034805890228
1,0.0,0.3171667718611182,1.3555157261854165,0.8835341365461847
1,0.0,0.114668445528673,-0.385587209831496,0.8828647925033467
1,0.0,0.7221634245260085,-0.8830451915506145,0.8821954484605087
1,0.0,0.9246617508584536,-0.385587209831496,0.8815261044176707
1,0.0,-0.2903282071362173,-0.6343162006910552,0.8808567603748326
1,1.0,-1.9103148177957785,-0.8830451915506145,0.8801874163319946
1,0.0,-0.4928265334686625,-1.1317741824101737,0.8795180722891566
1,0.0,1.7346550561882343,1.3555157261854165,0.8788487282463187
1,0.0,-0.2903282071362173,-0.385587209831496,0.8781793842034806
1,0.0,1.5321567298557892,1.1067867353258585,0.8775100401606426
1,0.0,0.3171667718611182,0.8580577444662989,0.8768406961178046
1,0.0,0.3171667718611182,-1.3805031732697317,0.8761713520749665
1,0.0,0.9246617508584536,-1.1317741824101737,0.8755020080321285
1,0.0,-0.08782988080377216,-0.6343162006910552,0.8748326639892905
1,1.0,-1.1003215124659982,-0.8830451915506145,0.8741633199464525
1,0.0,0.5196650981935633,-0.6343162006910552,0.8734939759036144
1,0.0,0.5196650981935633,0.11187077188762133,0.8728246318607764
1,0.0,-2.659558625225825,-1.3805031732697317,0.8721552878179384
1,0.0,0.7221634245260085,0.3605997627471805,0.8714859437751004
1,0.0,0.114668445528673,-0.385587209831496,0.8708165997322623
1,0.0,2.139651708853125,1.6042447170449754,0.8701472556894244
1,0.0,-0.8978231861335528,-0.385587209831496,0.8694779116465864
1,0.0,1.9371533825206797,1.8529737079045348,0.8688085676037484
1,0.0,-1.5053181651308882,-0.8830451915506145,0.8681392235609103
1,1.0,-0.8978231861335528,-0.6343162006910552,0.8674698795180723
1,0.0,1.5321567298557892,-0.385587209831496,0.8668005354752343
1,0.0,-1.6065673282971107,0.11187077188762133,0.8661311914323963
1,0.0,1.7346550561882343,1.1067867353258585,0.8654618473895582
1,0.0,0.114668445528673,0.3605997627471805,0.8647925033467202
1,0.0,1.9371533825206797,0.3605997627471805,0.8641231593038822
1,0.0,-0.6953248598011076,-0.385587209831496,0.8634538152610441
1,0.0,-0.3915773703024399,0.8580577444662989,0.8627844712182061
1,0.0,-1.9103148177957785,-0.13685821897193678,0.8621151271753681
1,1.0,-1.5053181651308882,-1.3805031732697317,0.8614457831325302
1,0.0,-0.8978231861335528,-0.8830451915506145,0.8607764390896921
1,0.0,-0.8978231861335528,-0.13685821897193678,0.8601070950468541
1,0.0,-0.8978231861335528,-1.3805031732697317,0.8594377510040161
1,0.0,-0.6953248598011076,-2.3754191367079684,0.8587684069611781
1,0.0,1.5321567298557892,0.8580577444662989,0.85809906291834
1,0.0,-0.4928265334686625,1.8529737079045348,0.857429718875502
1,0.0,-0.2903282071362173,0.11187077188762133,0.856760374832664
1,0.0,0.5196650981935633,-0.13685821897193678,0.856091030789826
1,1.0,-1.1003215124659982,0.11187077188762133,0.8554216867469879
1,0.0,0.9246617508584536,-0.6343162006910552,0.8547523427041499
1,0.0,-1.5053181651308882,1.3555157261854165,0.8540829986613119
1,0.0,1.9371533825206797,1.1067867353258585,0.8534136546184738
1,0.0,0.5196650981935633,-0.13685821897193678,0.8527443105756358
1,0.0,-1.1003215124659982,-1.3805031732697317,0.8520749665327979
1,0.0,2.139651708853125,0.8580577444662989,0.8514056224899599
1,0.0,-1.7078164914633334,-0.8830451915506145,0.8507362784471219
1,0.0,-0.4928265334686625,-0.13685821897193678,0.8500669344042838
1,1.0,-0.4928265334686625,-1.8779611549888504,0.8493975903614458
1,0.0,0.5196650981935633,-2.1266901458484093,0.8487282463186078
1,0.0,1.5321567298557892,0.8580577444662989,0.8480589022757697
1,0.0,0.7221634245260085,1.3555157261854165,0.8473895582329317
1,0.0,0.3171667718611182,1.8529737079045348,0.8467202141900937
1,0.0,0.114668445528673,0.6093287536067398,0.8460508701472557
1,0.0,1.1271600771908987,1.6042447170449754,0.8453815261044176
1,0.0,0.7221634245260085,-1.8779611549888504,0.8447121820615796
1,0.0,-1.1003215124659982,-0.13685821897193678,0.8440428380187416
1,0.0,-0.2903282071362173,0.3605997627471805,0.8433734939759037
1,1.0,0.3171667718611182,-0.385587209831496,0.8427041499330656
1,0.0,0.7221634245260085,-0.385587209831496,0.8420348058902276
1,0.0,-1.1003215124659982,1.6042447170449754,0.8413654618473896
1,0.0,0.3171667718611182,1.6042447170449754,0.8406961178045516
1,0.0,1.1271600771908987,0.11187077188762133,0.8400267737617135
1,0.0,1.7346550561882343,-0.13685821897193678,0.8393574297188755
1,0.0,-0.8978231861335528,1.1067867353258585,0.8386880856760375
1,0.0,0.114668445528673,1.3555157261854165,0.8380187416331994
1,0.0,-0.4928265334686625,-1.1317741824101737,0.8373493975903614
1,1.0,-0.6953248598011076,0.11187077188762133,0.8366800535475234
1,0.0,-0.8978231861335528,1.6042447170449754,0.8360107095046854
1,0.0,-0.18907904396999475,-0.13685821897193678,0.8353413654618473
1,0.0,1.5321567298557892,1.3555157261854165,0.8346720214190094
1,0.0,-0.6953248598011076,1.6042447170449754,0.8340026773761714
1,0.0,0.114668445528673,-1.8779611549888504,0.8333333333333334
1,0.0,-0.18907904396999475,0.8580577444662989,0.8326639892904953
1,0.0,-0.594075696634885,0.6093287536067398,0.8319946452476573
1,0.0,0.114668445528673,-0.8830451915506145,0.8313253012048193
1,1.0,-2.9228064494580046,-1.8779611549888504,0.8306559571619813
1,0.0,-0.2903282071362173,0.8580577444662989,0.8299866131191432
1,0.0,-0.8978231861335528,-0.13685821897193678,0.8293172690763052
1,0.0,-0.2903282071362173,0.3605997627471805,0.8286479250334672
1,0.0,-0.08782988080377216,-1.8779611549888504,0.8279785809906292
1,0.0,0.3171667718611182,-0.8830451915506145,0.8273092369477911
1,0.0,0.5196650981935633,0.8580577444662989,0.8266398929049531
1,0.0,-0.4928265334686625,-0.385587209831496,0.8259705488621151
1,0.0,-0.6953248598011076,0.8580577444662989,0.8253012048192772
1,1.0,-1.5053181651308882,-2.1266901458484093,0.8246318607764391
1,0.0,-0.6953248598011076,-0.385587209831496,0.8239625167336011
1,0.0,2.139651708853125,1.1067867353258585,0.8232931726907631
1,0.0,0.5196650981935633,-1.3805031732697317,0.822623828647925
1,0.0,0.3171667718611182,-0.6343162006910552,0.821954484605087
1,0.0,2.139651708853125,0.8580577444662989,0.821285140562249
1,0.0,1.1271600771908987,-1.1317741824101737,0.820615796519411
1,0.0,-0.8978231861335528,-1.1317741824101737,0.8199464524765729
1,0.0,2.139651708853125,1.6042447170449754,0.8192771084337349
1,1.0,-2.315311470460669,-1.1317741824101737,0.8186077643908969
1,0.0,-0.4928265334686625,0.3605997627471805,0.8179384203480589
1,0.0,1.5321567298557892,0.6093287536067398,0.8172690763052208
1,0.0,-0.08782988080377216,1.1067867353258585,0.8165997322623829
1,0.0,-0.6953248598011076,0.6093287536067398,0.8159303882195449
1,0.0,0.114668445528673,-0.13685821897193678,0.8152610441767069
1,0.0,0.3171667718611182,1.8529737079045348,0.8145917001338688
1,0.0,0.7221634245260085,0.11187077188762133,0.8139223560910308
1,0.0,0.5196650981935633,-0.385587209831496,0.8132530120481928
1,1.0,-2.315311470460669,-0.6343162006910552,0.8125836680053548
1,0.0,0.9246617508584536,-0.13685821897193678,0.8119143239625167
1,0.0,0.7221634245260085,-1.1317741824101737,0.8112449799196787
1,0.0,-1.5053181651308882,-1.8779611549888504,0.8105756358768407
1,0.0,1.3296584035233439,0.8580577444662989,0.8099062918340026
1,0.0,-0.9990723492997754,-2.1266901458484093,0.8092369477911646
1,0.0,0.7221634245260085,0.8580577444662989,0.8085676037483266
1,0.0,0.7221634245260085,1.3555157261854165,0.8078982597054887
1,0.0,0.5196650981935633,0.11187077188762133,0.8072289156626506
1,1.0,-0.6953248598011076,-0.13685821897193678,0.8065595716198126
1,0.0,0.5196650981935633,-0.385587209831496,0.8058902275769746
1,0.0,-0.3915773703024399,0.11187077188762133,0.8052208835341366
1,0.0,-0.4928265334686625,0.3605997627471805,0.8045515394912985
1,0.0,-0.2903282071362173,0.6093287536067398,0.8038821954484605
1,0.0,1.7346550561882343,1.3555157261854165,0.8032128514056225
1,0.0,-0.2903282071362173,-0.13685821897193678,0.8025435073627845
1,0.0,-0.2903282071362173,0.11187077188762133,0.8018741633199464
1,0.0,-0.6953248598011076,0.8580577444662989,0.8012048192771084
1,1.0,-2.2140623072944465,-0.8830451915506145,0.8005354752342704
1,0.0,0.114668445528673,-1.6292321641292908,0.7998661311914324
1,0.0,1.5321567298557892,1.8529737079045348,0.7991967871485943
1,0.0,1.5321567298557892,1.3555157261854165,0.7985274431057564
1,0.0,-0.4928265334686625,-0.385587209831496,0.7978580990629184
1,0.0,1.3296584035233439,1.1067867353258585,0.7971887550200804
1,0.0,1.3296584035233439,1.3555157261854165,0.7965194109772423
1,0.0,0.3171667718611182,0.3605997627471805,0.7958500669344043
1,0.0,0.9246617508584536,-0.6343162006910552,0.7951807228915663
1,1.0,-0.6953248598011076,-0.13685821897193678,0.7945113788487282
1,0.0,0.3171667718611182,-0.13685821897193678,0.7938420348058902
1,0.0,-0.18907904396999475,1.6042447170449754,0.7931726907630522
1,0.0,0.3171667718611182,-0.8830451915506145,0.7925033467202142
1,0.0,0.9246617508584536,-0.13685821897193678,0.7918340026773761
1,0.0,-1.1003215124659982,-2.1266901458484093,0.7911646586345381
1,0.0,0.9246617508584536,0.3605997627471805,0.7904953145917001
1,0.0,-0.08782988080377216,0.8580577444662989,0.7898259705488622
1,0.0,0.114668445528673,0.11187077188762133,0.7891566265060241
1,1.0,0.3171667718611182,-0.6343162006910552,0.7884872824631861
1,0.0,-0.4928265334686625,0.3605997627471805,0.7878179384203481
1,0.0,1.1271600771908987,0.3605997627471805,0.7871485943775101
1,0.0,0.7221634245260085,1.3555157261854165,0.786479250334672
1,0.0,1.7346550561882343,-0.6343162006910552,0.785809906291834
1,0.0,-0.08782988080377216,0.11187077188762133,0.785140562248996
1,0.0,-0.8978231861335528,-1.1317741824101737,0.784471218206158
1,0.0,-0.08782988080377216,0.11187077188762133,0.7838018741633199
1,0.0,-0.08782988080377216,-0.13685821897193678,0.7831325301204819
1,1.0,-1.7078164914633334,-0.385587209831496,0.7824631860776439
1,0.0,0.9246617508584536,-1.6292321641292908,0.7817938420348058
1,0.0,0.3171667718611182,0.6093287536067398,0.7811244979919679
1,0.0,-0.08782988080377216,0.11187077188762133,0.7804551539491299
1,0.0,1.1271600771908987,-1.8779611549888504,0.7797858099062919
1,0.0,-0.2903282071362173,-0.385587209831496,0.7791164658634538
1,0.0,0.3171667718611182,0.3605997627471805,0.7784471218206158
1,0.0,-0.6953248598011076,1.1067867353258585,0.7777777777777778
1,0.0,1.9371533825206797,0.6093287536067398,0.7771084337349398
1,1.0,-1.7078164914633334,-0.385587209831496,0.7764390896921017
1,0.0,1.5321567298557892,0.3605997627471805,0.7757697456492637
1,0.0,-0.7965740229673303,0.3605997627471805,0.7751004016064257
1,0.0,0.9246617508584536,0.8580577444662989,0.7744310575635877
1,0.0,-1.1003215124659982,0.3605997627471805,0.7737617135207496
1,0.0,-0.6953248598011076,-0.13685821897193678,0.7730923694779116
1,0.0,0.9246617508584536,1.1067867353258585,0.7724230254350736
1,0.0,-0.4928265334686625,1.6042447170449754,0.7717536813922357
1,0.0,0.114668445528673,-0.13685821897193678,0.7710843373493976
1,0.0,1.5321567298557892,1.1067867353258585,0.7704149933065596
1,0.0,-1.1003215124659982,0.3605997627471805,0.7697456492637216
1,0.0,0.9246617508584536,1.8529737079045348,0.7690763052208835
1,0.0,-0.4928265334686625,-0.8830451915506145,0.7684069611780455
1,0.0,-0.8978231861335528,-0.385587209831496,0.7677376171352075
1,0.0,0.5196650981935633,-0.13685821897193678,0.7670682730923695
1,0.0,-1.363569336698177,-0.6343162006910552,0.7663989290495314
1,0.0,-0.2903282071362173,0.11187077188762133,0.7657295850066934
1,0.0,1.5321567298557892,-0.385587209831496,0.7650602409638554
1,0.0,0.114668445528673,-0.6343162006910552,0.7643908969210174
1,0.0,0.7221634245260085,-0.13685821897193678,0.7637215528781793
1,0.0,0.7221634245260085,1.1067867353258585,0.7630522088353414
1,0.0,1.9371533825206797,0.8580577444662989,0.7623828647925034
1,0.0,-0.594075696634885,0.6093287536067398,0.7617135207496654
1,0.0,-0.2903282071362173,-0.8830451915506145,0.7610441767068273
1,0.0,-0.4928265334686625,-0.385587209831496,0.7603748326639893
1,0.0,-0.2903282071362173,-0.385587209831496,0.7597054886211513
1,0.0,-1.7078164914633334,0.6093287536067398,0.7590361445783133
1,0.0,-0.2903282071362173,-1.6292321641292908,0.7583668005354752
1,0.0,-0.08782988080377216,-0.385587209831496,0.7576974564926372
1,0.0,-0.08782988080377216,1.3555157261854165,0.7570281124497992
1,0.0,-0.08782988080377216,0.6093287536067398,0.7563587684069611
1,0.0,-0.18907904396999475,0.3605997627471805,0.7556894243641231
1,0.0,0.114668445528673,-0.385587209831496,0.7550200803212851
1,0.0,0.3171667718611182,-0.385587209831496,0.7543507362784472
1,0.0,0.5196650981935633,0.3605997627471805,0.7536813922356091
1,0.0,-0.08782988080377216,0.3605997627471805,0.7530120481927711
1,0.0,0.114668445528673,0.11187077188762133,0.7523427041499331
1,0.0,-0.2903282071362173,0.6093287536067398,0.7516733601070951
1,0.0,-0.4928265334686625,1.1067867353258585,0.751004016064257
1,0.0,0.7221634245260085,0.3605997627471805,0.750334672021419
1,0.0,0.7221634245260085,-1.8779611549888504,0.749665327978581
1,0.0,0.3171667718611182,-0.13685821897193678,0.748995983935743
1,0.0,-1.3028198387984429,0.11187077188762133,0.7483266398929049
1,0.0,-0.6953248598011076,-1.8779611549888504,0.7476572958500669
1,0.0,0.5196650981935633,1.1067867353258585,0.7469879518072289
1,0.0,0.5196650981935633,-0.385587209831496,0.7463186077643909
1,0.0,-0.2903282071362173,0.8580577444662989,0.7456492637215528
1,0.0,0.5196650981935633,1.3555157261854165,0.7449799196787149
1,0.0,0.7221634245260085,-0.6343162006910552,0.7443105756358769
1,0.0,1.5321567298557892,-0.13685821897193678,0.7436412315930389
1,0.0,-0.8978231861335528,0.6093287536067398,0.7429718875502008
1,0.0,1.5321567298557892,1.6042447170449754,0.7423025435073628
1,0.0,0.9246617508584536,-2.3754191367079684,0.7416331994645248
1,0.0,1.3296584035233439,-0.13685821897193678,0.7409638554216867
1,0.0,1.1271600771908987,1.8529737079045348,0.7402945113788487
1,0.0,0.114668445528673,0.3605997627471805,0.7396251673360107
1,0.0,-0.8978231861335528,-1.1317741824101737,0.7389558232931727
1,0.0,1.9371533825206797,-1.1317741824101737,0.7382864792503346
1,0.0,0.114668445528673,-1.1317741824101737,0.7376171352074966
1,0.0,0.7221634245260085,-0.385587209831496,0.7369477911646586
1,0.0,-0.6953248598011076,-0.13685821897193678,0.7362784471218207
1,0.0,0.5196650981935633,-0.13685821897193678,0.7356091030789826
1,0.0,-0.8978231861335528,-0.385587209831496,0.7349397590361446
1,0.0,-0.2903282071362173,-1.3805031732697317,0.7342704149933066
1,0.0,-0.08782988080377216,0.3605997627471805,0.7336010709504686
1,0.0,0.7221634245260085,-1.1317741824101737,0.7329317269076305
1,0.0,-0.3915773703024399,0.8580577444662989,0.7322623828647925
1,0.0,1.9371533825206797,1.1067867353258585,0.7315930388219545
1,0.0,-0.08782988080377216,0.3605997627471805,0.7309236947791165
1,0.0,-0.08782988080377216,0.6093287536067398,0.7302543507362784
1,0.0,0.9246617508584536,0.6093287536067398,0.7295850066934404
1,0.0,1.5321567298557892,-1.6292321641292908,0.7289156626506024
1,0.0,0.7221634245260085,1.6042447170449754,0.7282463186077643
1,0.0,0.5196650981935633,0.6093287536067398,0.7275769745649264
1,0.0,1.3296584035233439,0.8580577444662989,0.7269076305220884
1,0.0,-2.315311470460669,1.1067867353258585,0.7262382864792504
1,0.0,-1.3028198387984429,-0.13685821897193678,0.7255689424364123
1,0.0,1.3296584035233439,1.3555157261854165,0.7248995983935743
1,0.0,-0.6953248598011076,-0.8830451915506145,0.7242302543507363
1,0.0,0.9246617508584536,1.6042447170449754,0.7235609103078983
1,0.0,-0.2903282071362173,1.1067867353258585,0.7228915662650602
1,0.0,0.9246617508584536,-0.6343162006910552,0.7222222222222222
1,0.0,0.9246617508584536,0.8580577444662989,0.7215528781793842
1,0.0,0.9246617508584536,0.8580577444662989,0.7208835341365462
1,0.0,0.114668445528673,0.8580577444662989,0.7202141900937081
1,0.0,0.9246617508584536,0.11187077188762133,0.7195448460508701
1,0.0,0.7221634245260085,-0.13685821897193678,0.7188755020080321
1,0.0,-1.4040690019646658,-0.8830451915506145,0.7182061579651942
1,0.0,-0.2903282071362173,-0.13685821897193678,0.7175368139223561
1,0.0,0.3171667718611182,-0.6343162006910552,0.7168674698795181
1,0.0,-0.2903282071362173,-0.385587209831496,0.7161981258366801
1,0.0,1.1271600771908987,1.1067867353258585,0.715528781793842
1,0.0,-0.4928265334686625,0.11187077188762133,0.714859437751004
1,0.0,0.5196650981935633,0.11187077188762133,0.714190093708166
1,0.0,-1.5053181651308882,1.6042447170449754,0.713520749665328
1,0.0,2.139651708853125,1.1067867353258585,0.7128514056224899
1,0.0,0.5196650981935633,1.6042447170449754,0.7121820615796519
1,0.0,-0.08782988080377216,1.1067867353258585,0.7115127175368139
1,0.0,0.3171667718611182,-0.13685821897193678,0.7108433734939759
1,0.0,0.9246617508584536,-1.3805031732697317,0.7101740294511378
1,0.0,-0.9990723492997754,0.6093287536067398,0.7095046854082999
1,0.0,0.5196650981935633,-0.13685821897193678,0.7088353413654619
1,0.0,-0.08782988080377216,-0.385587209831496,0.7081659973226239
1,0.0,1.7346550561882343,0.3605997627471805,0.7074966532797858
1,0.0,-1.3028198387984429,-0.13685821897193678,0.7068273092369478
1,0.0,0.114668445528673,1.3555157261854165,0.7061579651941098
1,0.0,-1.7078164914633334,0.6093287536067398,0.7054886211512718
1,0.0,-2.4165606336268914,-1.3805031732697317,0.7048192771084337
1,0.0,0.7221634245260085,0.8580577444662989,0.7041499330655957
1,0.0,2.139651708853125,-0.13685821897193678,0.7034805890227577
1,0.0,0.7221634245260085,-1.6292321641292908,0.7028112449799196
1,0.0,-0.4928265334686625,1.1067867353258585,0.7021419009370816
1,0.0,0.5196650981935633,-1.1317741824101737,0.7014725568942436
1,0.0,1.5321567298557892,1.6042447170449754,0.7008032128514057
1,0.0,-0.2903282071362173,1.1067867353258585,0.7001338688085676
1,0.0,0.3171667718611182,-0.8830451915506145,0.6994645247657296
1,0.0,0.114668445528673,-0.385587209831496,0.6987951807228916
1,0.0,-0.2903282071362173,1.3555157261854165,0.6981258366800536
1,0.0,0.9246617508584536,0.8580577444662989,0.6974564926372155
1,0.0,0.7221634245260085,1.3555157261854165,0.6967871485943775
1,0.0,0.9246617508584536,0.6093287536067398,0.6961178045515395
1,0.0,0.3171667718611182,0.11187077188762133,0.6954484605087015
1,0.0,-0.6953248598011076,-0.385587209831496,0.6947791164658634
1,0.0,0.3171667718611182,0.6093287536067398,0.6941097724230254
1,0.0,0.2159176086948956,0.6093287536067398,0.6934404283801874
1,0.0,-0.7965740229673303,1.1067867353258585,0.6927710843373494
1,0.0,-2.8215572862917817,0.8580577444662989,0.6921017402945113
1,0.0,0.114668445528673,-0.8830451915506145,0.6914323962516734
1,0.0,0.114668445528673,-1.3805031732697317,0.6907630522088354
1,0.0,-0.08782988080377216,0.8580577444662989,0.6900937081659974
1,0.0,-0.4928265334686625,-0.6343162006910552,0.6894243641231593
1,0.0,1.5321567298557892,-1.1317741824101737,0.6887550200803213
1,0.0,0.9246617508584536,-1.3805031732697317,0.6880856760374833
1,0.0,-0.08782988080377216,0.6093287536067398,0.6874163319946452
1,0.0,-0.4928265334686625,-0.13685821897193678,0.6867469879518072
1,0.0,1.3296584035233439,-1.6292321641292908,0.6860776439089692
1,0.0,0.114668445528673,0.3605997627471805,0.6854082998661312
1,0.0,-0.4928265334686625,0.11187077188762133,0.6847389558232931
1,0.0,0.114668445528673,1.6042447170449754,0.6840696117804551
1,0.0,-0.8978231861335528,1.6042447170449754,0.6834002677376171
1,0.0,-0.4928265334686625,-0.385587209831496,0.6827309236947792
1,0.0,0.9246617508584536,-0.13685821897193678,0.6820615796519411
1,0.0,-0.3915773703024399,0.6093287536067398,0.6813922356091031
1,0.0,-0.4928265334686625,0.6093287536067398,0.6807228915662651
1,0.0,-0.3915773703024399,0.11187077188762133,0.6800535475234271
1,0.0,0.3171667718611182,-0.385587209831496,0.679384203480589
1,0.0,-0.4928265334686625,1.1067867353258585,0.678714859437751
1,0.0,0.114668445528673,-0.6343162006910552,0.678045515394913
1,0.0,1.5321567298557892,-0.6343162006910552,0.677376171352075
1,0.0,-0.2903282071362173,-0.13685821897193678,0.6767068273092369
1,0.0,1.7346550561882343,0.3605997627471805,0.6760374832663989
1,0.0,1.1271600771908987,0.8580577444662989,0.6753681392235609
1,0.0,-0.08782988080377216,0.3605997627471805,0.6746987951807228
1,0.0,-0.4928265334686625,0.11187077188762133,0.6740294511378849
1,0.0,-0.9990723492997754,0.8580577444662989,0.6733601070950469
1,0.0,-0.08782988080377216,0.3605997627471805,0.6726907630522089
1,0.0,-0.2903282071362173,1.1067867353258585,0.6720214190093708
1,0.0,-1.3028198387984429,-1.3805031732697317,0.6713520749665328
1,0.0,1.9371533825206797,1.6042447170449754,0.6706827309236948
1,0.0,-0.08782988080377216,-0.6343162006910552,0.6700133868808568
1,0.0,-2.112813144128224,-0.13685821897193678,0.6693440428380187
1,0.0,-0.6953248598011076,-0.8830451915506145,0.6686746987951807
1,0.0,0.3171667718611182,0.8580577444662989,0.6680053547523427
1,0.0,-1.1003215124659982,-1.8779611549888504,0.6673360107095047
1,0.0,1.1271600771908987,1.1067867353258585,0.6666666666666666
1,0.0,-1.3028198387984429,0.6093287536067398,0.6659973226238286
1,0.0,-0.6953248598011076,0.8580577444662989,0.6653279785809906
1,0.0,0.9246617508584536,-0.8830451915506145,0.6646586345381527
1,0.0,-0.4928265334686625,1.1067867353258585,0.6639892904953146
1,0.0,-2.112813144128224,-2.1266901458484093,0.6633199464524766
1,0.0,-0.08782988080377216,0.6093287536067398,0.6626506024096386
1,0.0,0.3171667718611182,0.3605997627471805,0.6619812583668006
1,0.0,-0.2903282071362173,0.11187077188762133,0.6613119143239625
1,0.0,-0.8978231861335528,-0.385587209831496,0.6606425702811245
1,0.0,-0.4928265334686625,-2.1266901458484093,0.6599732262382865
1,0.0,0.9246617508584536,1.1067867353258585,0.6593038821954484
1,0.0,0.7221634245260085,0.6093287536067398,0.6586345381526104
1,0.0,0.5196650981935633,-1.1317741824101737,0.6579651941097724
1,0.0,-0.08782988080377216,0.3605997627471805,0.6572958500669344
1,0.0,0.114668445528673,-1.1317741824101737,0.6566265060240963
1,0.0,-0.6953248598011076,0.3605997627471805,0.6559571619812584
1,0.0,-0.6953248598011076,-0.6343162006910552,0.6552878179384204
1,0.0,0.7221634245260085,0.6093287536067398,0.6546184738955824
1,0.0,-1.7078164914633334,-0.13685821897193678,0.6539491298527443
1,0.0,1.4309075666895663,0.8580577444662989,0.6532797858099063
1,0.0,-0.2903282071362173,-0.6343162006910552,0.6526104417670683
1,0.0,1.5321567298557892,-0.6343162006910552,0.6519410977242303
1,0.0,0.5196650981935633,0.8580577444662989,0.6512717536813922
1,0.0,0.5196650981935633,-0.6343162006910552,0.6506024096385542
1,0.0,-0.08782988080377216,0.11187077188762133,0.6499330655957162
1,0.0,-0.4928265334686625,-0.13685821897193678,0.6492637215528781
1,0.0,-0.08782988080377216,-2.8728771184270863,0.6485943775100401
1,0.0,1.1271600771908987,0.3605997627471805,0.6479250334672021
1,0.0,0.5196650981935633,0.11187077188762133,0.6472556894243642
1,0.0,0.3171667718611182,0.8580577444662989,0.6465863453815262
1,0.0,-0.6953248598011076,1.1067867353258585,0.6459170013386881
1,0.0,-0.8978231861335528,-0.6343162006910552,0.6452476572958501
1,0.0,0.5196650981935633,-0.6343162006910552,0.6445783132530121
1,0.0,1.1271600771908987,-0.385587209831496,0.643908969210174
1,0.0,0.5196650981935633,-0.13685821897193678,0.643239625167336
1,0.0,-0.8978231861335528,1.1067867353258585,0.642570281124498
1,0.0,-1.5053181651308882,0.3605997627471805,0.64190093708166
1,0.0,1.5321567298557892,0.8580577444662989,0.6412315930388219
1,0.0,0.114668445528673,0.6093287536067398,0.6405622489959839
1,0.0,0.3171667718611182,0.8580577444662989,0.6398929049531459
1,0.0,0.9246617508584536,1.1067867353258585,0.6392235609103079
1,0.0,1.7346550561882343,1.3555157261854165,0.6385542168674698
1,0.0,1.1271600771908987,-0.8830451915506145,0.6378848728246319
1,0.0,-0.08782988080377216,0.6093287536067398,0.6372155287817939
1,0.0,-0.4928265334686625,-0.385587209831496,0.6365461847389559
1,0.0,1.1271600771908987,-0.6343162006910552,0.6358768406961178
1,0.0,0.3171667718611182,0.11187077188762133,0.6352074966532798
1,0.0,-0.6953248598011076,-1.1317741824101737,0.6345381526104418
1,0.0,-0.8978231861335528,1.3555157261854165,0.6338688085676037
1,0.0,-0.4928265334686625,-1.8779611549888504,0.6331994645247657
1,0.0,-0.594075696634885,-0.8830451915506145,0.6325301204819277
1,0.0,-0.4928265334686625,-0.6343162006910552,0.6318607764390897
1,0.0,0.013419282362450423,0.11187077188762133,0.6311914323962516
1,0.0,1.1271600771908987,0.6093287536067398,0.6305220883534136
1,0.0,0.5196650981935633,0.11187077188762133,0.6298527443105756
1,0.0,0.3171667718611182,-2.3754191367079684,0.6291834002677377
1,0.0,-0.4928265334686625,-0.8830451915506145,0.6285140562248996
1,0.0,-0.08782988080377216,-0.6343162006910552,0.6278447121820616
1,0.0,-0.4928265334686625,-0.13685821897193678,0.6271753681392236
1,0.0,1.1271600771908987,0.3605997627471805,0.6265060240963856
1,0.0,-0.6953248598011076,-1.3805031732697317,0.6258366800535475
1,0.0,-0.6953248598011076,-1.8779611549888504,0.6251673360107095
1,0.0,-0.6953248598011076,-0.385587209831496,0.6244979919678715
1,0.0,-0.8978231861335528,0.11187077188762133,0.6238286479250335
1,0.0,0.5196650981935633,-0.385587209831496,0.6231593038821954
1,0.0,-2.254561972560935,-1.3805031732697317,0.6224899598393574
1,0.0,1.3296584035233439,0.6093287536067398,0.6218206157965194
1,0.0,-0.08782988080377216,-0.385587209831496,0.6211512717536813
1,0.0,0.5196650981935633,-2.1266901458484093,0.6204819277108434
1,0.0,1.1271600771908987,0.8580577444662989,0.6198125836680054
1,0.0,-0.08782988080377216,-0.8830451915506145,0.6191432396251674
1,0.0,-0.4928265334686625,-1.1317741824101737,0.6184738955823293
1,0.0,-1.3028198387984429,1.1067867353258585,0.6178045515394913
1,0.0,-0.6953248598011076,0.6093287536067398,0.6171352074966533
1,0.0,2.139651708853125,0.11187077188762133,0.6164658634538153
1,0.0,-1.1003215124659982,0.11187077188762133,0.6157965194109772
1,0.0,-0.2903282071362173,-0.13685821897193678,0.6151271753681392
1,0.0,-0.4928265334686625,1.3555157261854165,0.6144578313253012
1,0.0,1.7346550561882343,0.6093287536067398,0.6137884872824632
1,0.0,-0.2903282071362173,-0.6343162006910552,0.6131191432396251
1,0.0,-2.619058959959337,1.1067867353258585,0.6124497991967871
1,0.0,-0.18907904396999475,0.6093287536067398,0.6117804551539491
1,0.0,-0.4928265334686625,-0.13685821897193678,0.6111111111111112
1,0.0,1.1271600771908987,1.6042447170449754,0.6104417670682731
1,0.0,-1.2015706756322206,-1.6292321641292908,0.6097724230254351
1,0.0,-0.4928265334686625,-0.6343162006910552,0.6091030789825971
1,0.0,-0.8978231861335528,1.6042447170449754,0.608433734939759
1,0.0,-0.3915773703024399,-0.385587209831496,0.607764390896921
1,0.0,-1.1003215124659982,0.3605997627471805,0.607095046854083
1,0.0,-0.08782988080377216,0.8580577444662989,0.606425702811245
1,0.0,0.114668445528673,0.6093287536067398,0.6057563587684069
1,0.0,-0.2903282071362173,-0.8830451915506145,0.6050870147255689
1,0.0,1.7346550561882343,-0.8830451915506145,0.6044176706827309
1,0.0,0.9246617508584536,1.1067867353258585,0.6037483266398929
1,0.0,-0.6953248598011076,-2.1266901458484093,0.6030789825970548
1,0.0,0.7221634245260085,0.8580577444662989,0.6024096385542169
1,0.0,-0.2903282071362173,1.6042447170449754,0.6017402945113789
1,0.0,0.7221634245260085,1.8529737079045348,0.6010709504685409
1,0.0,0.3171667718611182,-0.13685821897193678,0.6004016064257028
1,0.0,-0.2903282071362173,-0.385587209831496,0.5997322623828648
1,0.0,-0.8978231861335528,-1.1317741824101737,0.5990629183400268
1,0.0,-1.7078164914633334,-3.121606109286645,0.5983935742971888
1,0.0,0.9246617508584536,-0.385587209831496,0.5977242302543507
1,0.0,-0.4928265334686625,-0.13685821897193678,0.5970548862115127
1,0.0,1.3296584035233439,0.8580577444662989,0.5963855421686747
1,0.0,-0.2903282071362173,-1.8779611549888504,0.5957161981258366
1,0.0,-0.4928265334686625,0.6093287536067398,0.5950468540829986
1,0.0,-0.2903282071362173,0.3605997627471805,0.5943775100401606
1,0.0,2.139651708853125,-0.6343162006910552,0.5937081659973227
1,0.0,0.5196650981935633,-0.8830451915506145,0.5930388219544847
1,0.0,0.9246617508584536,-0.8830451915506145,0.5923694779116466
1,0.0,0.3171667718611182,-0.6343162006910552,0.5917001338688086
1,0.0,-1.3028198387984429,-0.8830451915506145,0.5910307898259706
1,0.0,-1.7078164914633334,-0.13685821897193678,0.5903614457831325
1,0.0,-0.8978231861335528,-1.1317741824101737,0.5896921017402945
1,0.0,-0.6953248598011076,-1.6292321641292908,0.5890227576974565
1,0.0,-0.4928265334686625,0.11187077188762133,0.5883534136546185
1,0.0,0.3171667718611182,0.11187077188762133,0.5876840696117804
1,0.0,0.114668445528673,-0.6343162006910552,0.5870147255689424
1,0.0,-0.2903282071362173,-1.6292321641292908,0.5863453815261044
1,0.0,-0.4928265334686625,0.3605997627471805,0.5856760374832664
1,0.0,1.7346550561882343,-0.8830451915506145,0.5850066934404283
1,0.0,-1.1003215124659982,-0.6343162006910552,0.5843373493975904
1,0.0,0.9246617508584536,-0.6343162006910552,0.5836680053547524
1,0.0,-0.4928265334686625,1.6042447170449754,0.5829986613119144
1,0.0,-0.8978231861335528,-0.13685821897193678,0.5823293172690763
1,0.0,0.5196650981935633,0.3605997627471805,0.5816599732262383
1,0.0,0.9246617508584536,1.1067867353258585,0.5809906291834003
1,0.0,0.3171667718611182,1.3555157261854165,0.5803212851405622
1,0.0,0.114668445528673,0.11187077188762133,0.5796519410977242
1,0.0,0.3171667718611182,-1.3805031732697317,0.5789825970548862
1,0.0,0.9246617508584536,-1.3805031732697317,0.5783132530120482
1,0.0,1.5321567298557892,0.8580577444662989,0.5776439089692101
1,0.0,0.5196650981935633,-1.3805031732697317,0.5769745649263721
1,0.0,0.5196650981935633,0.6093287536067398,0.5763052208835341
1,0.0,0.7221634245260085,0.8580577444662989,0.5756358768406962
1,0.0,-0.2903282071362173,-0.385587209831496,0.5749665327978581
1,0.0,1.5321567298557892,1.3555157261854165,0.5742971887550201
1,0.0,-0.4928265334686625,0.8580577444662989,0.5736278447121821
1,0.0,0.9246617508584536,-0.6343162006910552,0.5729585006693441
1,0.0,0.7221634245260085,1.3555157261854165,0.572289156626506
1,0.0,0.7221634245260085,0.8580577444662989,0.571619812583668
1,0.0,-1.1003215124659982,0.11187077188762133,0.57095046854083
1,0.0,-0.6953248598011076,-0.13685821897193678,0.570281124497992
1,0.0,-0.6953248598011076,0.6093287536067398,0.5696117804551539
1,0.0,0.114668445528673,0.3605997627471805,0.5689424364123159
1,0.0,0.3171667718611182,-3.3703351001462036,0.5682730923694779
1,0.0,-0.4928265334686625,-0.6343162006910552,0.5676037483266398
1,0.0,0.5196650981935633,-0.385587209831496,0.5669344042838019
1,0.0,0.114668445528673,1.1067867353258585,0.5662650602409639
1,0.0,-0.08782988080377216,0.11187077188762133,0.5655957161981259
1,0.0,-0.6953248598011076,-0.13685821897193678,0.5649263721552878
1,0.0,-1.2015706756322206,0.3605997627471805,0.5642570281124498
1,0.0,0.114668445528673,0.11187077188762133,0.5635876840696118
1,0.0,-0.8978231861335528,-0.8830451915506145,0.5629183400267738
1,0.0,0.7221634245260085,-1.1317741824101737,0.5622489959839357
1,0.0,-0.2903282071362173,-0.8830451915506145,0.5615796519410977
1,0.0,0.114668445528673,-0.385587209831496,0.5609103078982597
1,0.0,-0.3915773703024399,-0.13685821897193678,0.5602409638554217
1,0.0,-0.8978231861335528,-0.6343162006910552,0.5595716198125836
1,0.0,-1.9103148177957785,-0.13685821897193678,0.5589022757697456
1,0.0,-0.2903282071362173,1.3555157261854165,0.5582329317269076
1,0.0,1.5321567298557892,-0.6343162006910552,0.5575635876840697
1,0.0,-1.1003215124659982,0.3605997627471805,0.5568942436412316
1,0.0,-2.315311470460669,1.6042447170449754,0.5562248995983936
1,0.0,-0.2903282071362173,1.3555157261854165,0.5555555555555556
1,0.0,-0.8978231861335528,1.1067867353258585,0.5548862115127176
1,0.0,0.5196650981935633,1.8529737079045348,0.5542168674698795
1,0.0,-0.6953248598011076,-1.8779611549888504,0.5535475234270415
1,0.0,-1.4040690019646658,0.8580577444662989,0.5528781793842035
1,0.0,-1.1003215124659982,-0.6343162006910552,0.5522088353413654
1,0.0,-0.2903282071362173,-1.3805031732697317,0.5515394912985274
1,0.0,-0.8978231861335528,0.6093287536067398,0.5508701472556894
1,0.0,-1.1003215124659982,0.11187077188762133,0.5502008032128514
1,0.0,-2.781057621025293,-1.1317741824101737,0.5495314591700133
1,0.0,-1.7078164914633334,1.3555157261854165,0.5488621151271754
1,0.0,-0.3915773703024399,-0.8830451915506145,0.5481927710843374
1,0.0,0.5196650981935633,0.8580577444662989,0.5475234270414994
1,0.0,1.1271600771908987,1.1067867353258585,0.5468540829986613
1,0.0,-1.5053181651308882,-2.1266901458484093,0.5461847389558233
1,0.0,-0.8978231861335528,1.3555157261854165,0.5455153949129853
1,0.0,-0.6953248598011076,0.8580577444662989,0.5448460508701473
1,0.0,1.5321567298557892,1.1067867353258585,0.5441767068273092
1,0.0,0.7221634245260085,-0.8830451915506145,0.5435073627844712
1,0.0,-0.2903282071362173,0.6093287536067398,0.5428380187416332
1,0.0,0.114668445528673,-0.13685821897193678,0.5421686746987951
1,0.0,0.5196650981935633,-0.385587209831496,0.5414993306559571
1,0.0,0.3171667718611182,-0.8830451915506145,0.5408299866131191
1,0.0,0.9246617508584536,-0.8830451915506145,0.5401606425702812
1,0.0,0.7221634245260085,-1.6292321641292908,0.5394912985274432
1,0.0,1.1271600771908987,0.3605997627471805,0.5388219544846051
1,0.0,-0.2903282071362173,-0.8830451915506145,0.5381526104417671
1,0.0,-0.6953248598011076,0.8580577444662989,0.5374832663989291
1,0.0,-1.4040690019646658,-0.385587209831496,0.536813922356091
1,0.0,0.3171667718611182,-0.385587209831496,0.536144578313253
1,0.0,-1.1003215124659982,-1.3805031732697317,0.535475234270415
1,0.0,0.7221634245260085,0.6093287536067398,0.534805890227577
1,0.0,0.9246617508584536,1.3555157261854165,0.5341365461847389
1,0.0,-2.011563980962001,0.6093287536067398,0.5334672021419009
1,0.0,0.3171667718611182,-1.8779611549888504,0.5327978580990629
1,0.0,0.3171667718611182,0.6093287536067398,0.5321285140562249
1,0.0,0.5196650981935633,0.8580577444662989,0.5314591700133868
1,0.0,-0.08782988080377216,-0.6343162006910552,0.5307898259705489
1,0.0,0.114668445528673,-1.1317741824101737,0.5301204819277109
1,0.0,0.9246617508584536,0.6093287536067398,0.5294511378848729
1,0.0,-0.2903282071362173,1.1067867353258585,0.5287817938420348
1,0.0,0.5196650981935633,0.6093287536067398,0.5281124497991968
1,0.0,0.5196650981935633,0.8580577444662989,0.5274431057563588
1,0.0,1.1271600771908987,-0.6343162006910552,0.5267737617135207
1,0.0,-0.6953248598011076,-1.1317741824101737,0.5261044176706827
1,0.0,-0.6953248598011076,0.11187077188762133,0.5254350736278447
1,0.0,-1.3028198387984429,1.6042447170449754,0.5247657295850067
1,0.0,-1.5053181651308882,1.3555157261854165,0.5240963855421686
1,0.0,0.3171667718611182,1.6042447170449754,0.5234270414993306
1,0.0,-0.2903282071362173,0.6093287536067398,0.5227576974564926
1,0.0,0.114668445528673,0.11187077188762133,0.5220883534136547
1,0.0,-0.6953248598011076,0.8580577444662989,0.5214190093708166
1,0.0,0.7221634245260085,-0.6343162006910552,0.5207496653279786
1,0.0,-0.6953248598011076,1.1067867353258585,0.5200803212851406
1,0.0,1.7346550561882343,1.3555157261854165,0.5194109772423026
1,0.0,-0.08782988080377216,1.8529737079045348,0.5187416331994645
1,0.0,0.2159176086948956,0.6093287536067398,0.5180722891566265
1,0.0,1.3296584035233439,1.3555157261854165,0.5174029451137885
1,0.0,-0.4928265334686625,1.1067867353258585,0.5167336010709505
1,0.0,0.7221634245260085,1.1067867353258585,0.5160642570281124
1,0.0,-0.2903282071362173,-0.6343162006910552,0.5153949129852744
1,0.0,-0.08782988080377216,-0.13685821897193678,0.5147255689424364
1,0.0,-1.7078164914633334,0.6093287536067398,0.5140562248995983
1,0.0,-0.2903282071362173,-1.3805031732697317,0.5133868808567604
1,0.0,-0.4928265334686625,0.3605997627471805,0.5127175368139224
1,0.0,0.2159176086948956,-0.6343162006910552,0.5120481927710844
1,0.0,-0.2903282071362173,0.8580577444662989,0.5113788487282463
1,0.0,-1.2015706756322206,-0.8830451915506145,0.5107095046854083
1,0.0,0.7221634245260085,0.3605997627471805,0.5100401606425703
1,0.0,-0.2903282071362173,1.6042447170449754,0.5093708165997323
1,0.0,1.5321567298557892,-0.6343162006910552,0.5087014725568942
1,0.0,-0.2903282071362173,-0.8830451915506145,0.5080321285140562
1,0.0,-1.1003215124659982,0.8580577444662989,0.5073627844712182
1,0.0,-1.1003215124659982,1.1067867353258585,0.5066934404283802
1,0.0,-0.8978231861335528,0.8580577444662989,0.5060240963855421
1,0.0,0.5196650981935633,0.3605997627471805,0.5053547523427041
1,0.0,-0.4928265334686625,-0.6343162006910552,0.5046854082998661
1,0.0,0.3171667718611182,0.6093287536067398,0.5040160642570282
1,0.0,0.7221634245260085,0.8580577444662989,0.5033467202141901
1,0.0,-1.1003215124659982,0.11187077188762133,0.5026773761713521
1,0.0,-0.594075696634885,-1.1317741824101737,0.5020080321285141
1,0.0,-0.08782988080377216,1.1067867353258585,0.501338688085676
1,0.0,0.5196650981935633,-0.13685821897193678,0.500669344042838
1,0.0,-0.594075696634885,-0.13685821897193678,0.5
1,0.0,0.114668445528673,-0.8830451915506145,0.499330655957162
1,0.0,0.3171667718611182,0.11187077188762133,0.49866131191432395
1,0.0,-0.08782988080377216,-0.13685821897193678,0.4979919678714859
1,0.0,-0.4928265334686625,-0.8830451915506145,0.49732262382864795
1,0.0,-0.4928265334686625,1.1067867353258585,0.4966532797858099
1,0.0,0.7221634245260085,1.6042447170449754,0.4959839357429719
1,0.0,-0.2903282071362173,-0.8830451915506145,0.49531459170013387
1,0.0,-0.6953248598011076,1.3555157261854165,0.49464524765729584
1,0.0,-0.2903282071362173,-0.385587209831496,0.4939759036144578
1,0.0,0.7221634245260085,-0.6343162006910552,0.4933065595716198
1,0.0,0.114668445528673,-0.13685821897193678,0.4926372155287818
1,0.0,0.7221634245260085,-0.6343162006910552,0.4919678714859438
1,0.0,0.5196650981935633,-1.6292321641292908,0.49129852744310576
1,0.0,0.5196650981935633,0.11187077188762133,0.49062918340026773
1,0.0,0.3171667718611182,0.11187077188762133,0.4899598393574297
1,0.0,1.1271600771908987,0.6093287536067398,0.4892904953145917
1,0.0,-0.4928265334686625,-0.6343162006910552,0.4886211512717537
1,0.0,1.5321567298557892,1.6042447170449754,0.4879518072289157
1,0.0,-0.8978231861335528,-0.6343162006910552,0.48728246318607765
1,0.0,0.9246617508584536,1.8529737079045348,0.4866131191432396
1,0.0,-0.4928265334686625,1.6042447170449754,0.4859437751004016
1,0.0,-0.2903282071362173,1.3555157261854165,0.48527443105756357
1,0.0,-0.08782988080377216,-0.385587209831496,0.48460508701472554
1,0.0,0.5196650981935633,0.3605997627471805,0.4839357429718876
1,0.0,1.5321567298557892,1.6042447170449754,0.48326639892904955
1,0.0,-0.08782988080377216,-0.13685821897193678,0.4825970548862115
1,0.0,0.114668445528673,-0.6343162006910552,0.4819277108433735
1,0.0,-0.08782988080377216,-0.385587209831496,0.48125836680053546
1,0.0,-0.6953248598011076,-1.1317741824101737,0.48058902275769744
1,0.0,1.3296584035233439,-0.8830451915506145,0.4799196787148594
1,0.0,-0.4928265334686625,0.6093287536067398,0.47925033467202144
1,0.0,0.5196650981935633,0.3605997627471805,0.4785809906291834
1,0.0,1.1271600771908987,0.11187077188762133,0.4779116465863454
1,0.0,-0.8978231861335528,-0.385587209831496,0.47724230254350736
1,0.0,-3.6315505916215622,-0.8830451915506145,0.47657295850066933
1,0.0,-0.6953248598011076,0.8580577444662989,0.4759036144578313
1,0.0,-0.4928265334686625,-2.8728771184270863,0.47523427041499333
1,0.0,0.7221634245260085,1.1067867353258585,0.4745649263721553
1,0.0,-0.8978231861335528,-1.6292321641292908,0.4738955823293173
1,0.0,0.5196650981935633,0.3605997627471805,0.47322623828647925
1,0.0,0.5196650981935633,-0.6343162006910552,0.4725568942436412
1,0.0,-1.4040690019646658,1.1067867353258585,0.4718875502008032
1,0.0,-0.8978231861335528,-1.6292321641292908,0.47121820615796517
1,0.0,-1.7078164914633334,-2.1266901458484093,0.4705488621151272
1,0.0,1.1271600771908987,-0.8830451915506145,0.46987951807228917
1,0.0,0.114668445528673,0.6093287536067398,0.46921017402945114
1,0.0,0.5196650981935633,-0.8830451915506145,0.4685408299866131
1,0.0,0.5196650981935633,0.8580577444662989,0.4678714859437751
1,0.0,1.3296584035233439,0.3605997627471805,0.46720214190093706
1,0.0,1.5321567298557892,0.8580577444662989,0.46653279785809904
1,0.0,-0.6953248598011076,0.6093287536067398,0.46586345381526106
1,0.0,0.9246617508584536,0.8580577444662989,0.46519410977242304
1,0.0,1.7346550561882343,1.1067867353258585,0.464524765729585
1,0.0,0.114668445528673,-0.13685821897193678,0.463855421686747
1,0.0,-1.3028198387984429,-0.385587209831496,0.46318607764390896
1,0.0,-0.08782988080377216,1.1067867353258585,0.46251673360107093
1,0.0,0.7221634245260085,0.3605997627471805,0.46184738955823296
1,0.0,0.5196650981935633,-1.3805031732697317,0.46117804551539493
1,0.0,0.3171667718611182,1.6042447170449754,0.4605087014725569
1,0.0,-1.2015706756322206,-1.3805031732697317,0.4598393574297189
1,0.0,-0.9990723492997754,-0.385587209831496,0.45917001338688085
1,0.0,0.9246617508584536,0.8580577444662989,0.4585006693440428
1,0.0,0.5196650981935633,-1.6292321641292908,0.4578313253012048
1,0.0,1.3296584035233439,0.11187077188762133,0.4571619812583668
1,0.0,0.114668445528673,-0.13685821897193678,0.4564926372155288
1,0.0,-1.1003215124659982,-1.6292321641292908,0.45582329317269077
1,0.0,0.9246617508584536,1.3555157261854165,0.45515394912985274
1,0.0,-0.2903282071362173,-1.3805031732697317,0.4544846050870147
1,0.0,-0.6953248598011076,0.8580577444662989,0.4538152610441767
1,0.0,-1.3028198387984429,-2.1266901458484093,0.45314591700133866
1,0.0,-0.8978231861335528,-0.385587209831496,0.4524765729585007
1,0.0,-0.6953248598011076,1.8529737079045348,0.45180722891566266
1,0.0,0.5196650981935633,-1.6292321641292908,0.45113788487282463
1,0.0,-0.4928265334686625,0.3605997627471805,0.4504685408299866
1,0.0,-0.8978231861335528,0.6093287536067398,0.4497991967871486
1,0.0,-0.2903282071362173,-0.385587209831496,0.44912985274431055
1,0.0,-0.8978231861335528,-2.3754191367079684,0.4484605087014726
1,0.0,-1.3028198387984429,-2.8728771184270863,0.44779116465863456
1,0.0,0.7221634245260085,0.3605997627471805,0.44712182061579653
1,0.0,-0.4928265334686625,-0.13685821897193678,0.4464524765729585
1,0.0,-0.2903282071362173,0.3605997627471805,0.4457831325301205
1,0.0,-0.4928265334686625,0.11187077188762133,0.44511378848728245
1,0.0,-1.2015706756322206,-0.13685821897193678,0.4444444444444444
1,0.0,0.7221634245260085,-0.6343162006910552,0.44377510040160645
1,0.0,-0.08782988080377216,1.1067867353258585,0.4431057563587684
1,0.0,-1.5053181651308882,-0.8830451915506145,0.4424364123159304
1,0.0,-1.5053181651308882,-2.1266901458484093,0.44176706827309237
1,0.0,0.114668445528673,0.11187077188762133,0.44109772423025434
1,0.0,-1.4040690019646658,-0.6343162006910552,0.4404283801874163
1,0.0,0.5196650981935633,0.3605997627471805,0.4397590361445783
1,0.0,0.7221634245260085,-0.385587209831496,0.4390896921017403
1,0.0,0.3171667718611182,-0.8830451915506145,0.4384203480589023
1,0.0,1.3296584035233439,0.3605997627471805,0.43775100401606426
1,0.0,0.3171667718611182,0.3605997627471805,0.43708165997322623
1,0.0,-0.08782988080377216,-0.6343162006910552,0.4364123159303882
1,0.0,0.7221634245260085,-2.3754191367079684,0.4357429718875502
1,0.0,0.5196650981935633,0.3605997627471805,0.4350736278447122
1,0.0,0.114668445528673,-0.13685821897193678,0.4344042838018742
1,0.0,0.114668445528673,-0.385587209831496,0.43373493975903615
1,0.0,-0.6953248598011076,0.3605997627471805,0.4330655957161981
1,0.0,-0.08782988080377216,-0.385587209831496,0.4323962516733601
1,0.0,0.114668445528673,-1.3805031732697317,0.43172690763052207
1,0.0,-1.6065673282971107,1.1067867353258585,0.43105756358768405
1,0.0,0.114668445528673,-0.13685821897193678,0.4303882195448461
1,0.0,-0.08782988080377216,-2.8728771184270863,0.42971887550200805
1,0.0,-0.2903282071362173,1.6042447170449754,0.42904953145917
1,0.0,0.3171667718611182,-0.385587209831496,0.428380187416332
1,0.0,-0.08782988080377216,0.3605997627471805,0.42771084337349397
1,0.0,0.3171667718611182,-0.6343162006910552,0.42704149933065594
1,0.0,2.139651708853125,0.11187077188762133,0.4263721552878179
1,0.0,0.9246617508584536,0.6093287536067398,0.42570281124497994
1,0.0,-0.2903282071362173,-0.13685821897193678,0.4250334672021419
1,0.0,0.114668445528673,-0.6343162006910552,0.4243641231593039
1,0.0,0.9246617508584536,0.11187077188762133,0.42369477911646586
1,0.0,0.3171667718611182,0.8580577444662989,0.42302543507362783
1,0.0,0.3171667718611182,0.3605997627471805,0.4223560910307898
1,0.0,-2.011563980962001,-0.385587209831496,0.42168674698795183
1,0.0,-0.6953248598011076,-0.13685821897193678,0.4210174029451138
1,0.0,-0.4928265334686625,0.11187077188762133,0.4203480589022758
1,0.0,0.5196650981935633,1.6042447170449754,0.41967871485943775
1,0.0,-1.1003215124659982,-1.3805031732697317,0.4190093708165997
1,0.0,-0.4928265334686625,0.11187077188762133,0.4183400267737617
1,0.0,-0.2903282071362173,1.1067867353258585,0.41767068273092367
1,0.0,-0.6953248598011076,-1.1317741824101737,0.4170013386880857
1,0.0,0.114668445528673,-0.385587209831496,0.41633199464524767
1,0.0,1.3296584035233439,1.1067867353258585,0.41566265060240964
1,0.0,-0.8978231861335528,-0.8830451915506145,0.4149933065595716
1,0.0,0.5196650981935633,0.11187077188762133,0.4143239625167336
1,0.0,0.3171667718611182,-0.385587209831496,0.41365461847389556
1,0.0,-1.3028198387984429,1.6042447170449754,0.41298527443105754
1,0.0,0.5196650981935633,-1.1317741824101737,0.41231593038821956
1,0.0,0.013419282362450423,-0.13685821897193678,0.41164658634538154
1,0.0,0.7221634245260085,0.6093287536067398,0.4109772423025435
1,0.0,-1.3028198387984429,-0.6343162006910552,0.4103078982597055
1,0.0,-1.3028198387984429,0.11187077188762133,0.40963855421686746
1,0.0,0.5196650981935633,0.6093287536067398,0.40896921017402943
1,0.0,0.7221634245260085,0.3605997627471805,0.40829986613119146
1,0.0,-0.08782988080377216,-0.13685821897193678,0.40763052208835343
1,0.0,0.3171667718611182,-1.1317741824101737,0.4069611780455154
1,0.0,-0.2903282071362173,-0.8830451915506145,0.4062918340026774
1,0.0,-0.08782988080377216,-0.13685821897193678,0.40562248995983935
1,0.0,0.9246617508584536,1.6042447170449754,0.4049531459170013
1,0.0,-0.2903282071362173,1.3555157261854165,0.4042838018741633
1,0.0,0.114668445528673,-2.6241481275675267,0.4036144578313253
1,0.0,1.1271600771908987,0.3605997627471805,0.4029451137884873
1,0.0,0.3171667718611182,-0.385587209831496,0.40227576974564927
1,0.0,-0.6953248598011076,1.3555157261854165,0.40160642570281124
1,0.0,0.3171667718611182,0.3605997627471805,0.4009370816599732
1,0.0,-1.2015706756322206,-2.1266901458484093,0.4002677376171352
1,0.0,-0.8978231861335528,-0.13685821897193678,0.39959839357429716
1,0.0,0.114668445528673,-0.385587209831496,0.3989290495314592
1,0.0,-0.8978231861335528,-0.6343162006910552,0.39825970548862116
1,0.0,-0.2903282071362173,-2.8728771184270863,0.39759036144578314
1,0.0,-0.8978231861335528,-0.13685821897193678,0.3969210174029451
1,0.0,1.5321567298557892,0.6093287536067398,0.3962516733601071
1,0.0,-0.08782988080377216,-0.13685821897193678,0.39558232931726905
1,0.0,-2.4165606336268914,-1.1317741824101737,0.3949129852744311
1,0.0,-1.5053181651308882,1.3555157261854165,0.39424364123159306
1,0.0,0.5196650981935633,-0.6343162006910552,0.39357429718875503
1,0.0,-0.08782988080377216,0.6093287536067398,0.392904953145917
1,0.0,0.3171667718611182,1.3555157261854165,0.392235609103079
1,0.0,-1.1003215124659982,-0.6343162006910552,0.39156626506024095
1,0.0,-0.594075696634885,-1.1317741824101737,0.3908969210174029
1,0.0,-0.4928265334686625,-0.6343162006910552,0.39022757697456495
1,0.0,0.3171667718611182,-0.13685821897193678,0.3895582329317269
1,0.0,-0.2903282071362173,0.6093287536067398,0.3888888888888889
1,0.0,1.1271600771908987,0.3605997627471805,0.38821954484605087
1,0.0,-1.1003215124659982,-0.385587209831496,0.38755020080321284
1,0.0,1.1271600771908987,-0.385587209831496,0.3868808567603748
1,0.0,0.7221634245260085,1.3555157261854165,0.3862115127175368
1,0.0,-1.6065673282971107,0.6093287536067398,0.3855421686746988
1,0.0,0.5196650981935633,0.3605997627471805,0.3848728246318608
1,0.0,-0.4928265334686625,0.11187077188762133,0.38420348058902276
1,0.0,0.5196650981935633,-0.385587209831496,0.38353413654618473
1,0.0,1.7346550561882343,-0.6343162006910552,0.3828647925033467
1,0.0,-1.2015706756322206,-0.6343162006910552,0.3821954484605087
1,0.0,1.5321567298557892,0.8580577444662989,0.3815261044176707
1,0.0,-0.2903282071362173,-1.6292321641292908,0.3808567603748327
1,0.0,-0.2903282071362173,-2.8728771184270863,0.38018741633199465
1,0.0,1.5321567298557892,-1.8779611549888504,0.3795180722891566
1,0.0,-0.8978231861335528,0.8580577444662989,0.3788487282463186
1,0.0,0.3171667718611182,-1.3805031732697317,0.3781793842034806
1,0.0,-2.7203081231255597,1.3555157261854165,0.37751004016064255
1,0.0,-0.6953248598011076,0.3605997627471805,0.3768406961178046
1,0.0,-0.2903282071362173,-0.13685821897193678,0.37617135207496655
1,0.0,-0.08782988080377216,0.6093287536067398,0.3755020080321285
1,0.0,1.7346550561882343,0.8580577444662989,0.3748326639892905
1,0.0,-1.5053181651308882,-0.13685821897193678,0.37416331994645247
1,0.0,-0.8978231861335528,-2.1266901458484093,0.37349397590361444
1,0.0,-0.8978231861335528,-0.13685821897193678,0.3728246318607764
1,0.0,-1.2015706756322206,0.6093287536067398,0.37215528781793844
1,0.0,-1.2015706756322206,0.8580577444662989,0.3714859437751004
1,0.0,-1.7078164914633334,1.6042447170449754,0.3708165997322624
1,0.0,-1.2015706756322206,-0.13685821897193678,0.37014725568942436
1,0.0,-0.4928265334686625,0.3605997627471805,0.36947791164658633
1,0.0,0.7221634245260085,1.6042447170449754,0.3688085676037483
1,0.0,-1.1003215124659982,-0.13685821897193678,0.36813922356091033
1,0.0,-0.7965740229673303,-0.6343162006910552,0.3674698795180723
1,0.0,-0.4928265334686625,-0.13685821897193678,0.3668005354752343
1,0.0,-0.4928265334686625,-0.6343162006910552,0.36613119143239625
1,0.0,0.3171667718611182,0.3605997627471805,0.3654618473895582
1,0.0,0.5196650981935633,1.6042447170449754,0.3647925033467202
1,0.0,-0.2903282071362173,0.6093287536067398,0.36412315930388217
1,0.0,-0.08782988080377216,0.3605997627471805,0.3634538152610442
1,0.0,0.9246617508584536,1.3555157261854165,0.3627844712182062
1,0.0,-2.011563980962001,-2.1266901458484093,0.36211512717536815
1,0.0,-0.8978231861335528,0.11187077188762133,0.3614457831325301
1,0.0,-1.5053181651308882,-0.8830451915506145,0.3607764390896921
1,0.0,0.114668445528673,0.3605997627471805,0.36010709504685406
1,0.0,0.5196650981935633,0.11187077188762133,0.35943775100401604
1,0.0,-0.6953248598011076,0.3605997627471805,0.35876840696117807
1,0.0,1.3296584035233439,-0.13685821897193678,0.35809906291834004
1,0.0,1.3296584035233439,1.1067867353258585,0.357429718875502
1,0.0,-0.08782988080377216,0.3605997627471805,0.356760374832664
1,0.0,0.8234125876922309,-2.1266901458484093,0.35609103078982596
1,0.0,0.5196650981935633,-0.8830451915506145,0.35542168674698793
1,0.0,0.114668445528673,0.3605997627471805,0.35475234270414996
1,0.0,0.3171667718611182,0.6093287536067398,0.35408299866131193
1,0.0,-0.4928265334686625,0.11187077188762133,0.3534136546184739
1,0.0,-0.594075696634885,-1.1317741824101737,0.3527443105756359
1,0.0,-1.9103148177957785,-0.6343162006910552,0.35207496653279785
1,0.0,-0.2903282071362173,-0.13685821897193678,0.3514056224899598
1,0.0,2.139651708853125,0.11187077188762133,0.3507362784471218
1,0.0,-1.7078164914633334,0.3605997627471805,0.3500669344042838
1,0.0,0.7221634245260085,-1.3805031732697317,0.3493975903614458
1,0.0,-0.4928265334686625,-1.8779611549888504,0.34872824631860777
1,0.0,-0.8978231861335528,-0.8830451915506145,0.34805890227576974
1,0.0,1.1271600771908987,-1.8779611549888504,0.3473895582329317
1,0.0,-0.4928265334686625,-0.8830451915506145,0.3467202141900937
1,0.0,-3.53030142845534,-0.13685821897193678,0.34605087014725566
1,0.0,0.5196650981935633,-1.8779611549888504,0.3453815261044177
1,0.0,-0.4928265334686625,0.8580577444662989,0.34471218206157966
1,0.0,-2.9228064494580046,-2.3754191367079684,0.34404283801874164
1,0.0,-0.7965740229673303,-0.8830451915506145,0.3433734939759036
1,0.0,0.3171667718611182,-1.8779611549888504,0.3427041499330656
1,0.0,-0.8978231861335528,0.6093287536067398,0.34203480589022756
1,0.0,0.3171667718611182,0.8580577444662989,0.3413654618473896
1,0.0,-1.1003215124659982,1.1067867353258585,0.34069611780455156
1,0.0,1.1271600771908987,-0.6343162006910552,0.34002677376171353
1,0.0,-0.4928265334686625,-0.6343162006910552,0.3393574297188755
1,0.0,0.3171667718611182,0.11187077188762133,0.3386880856760375
1,0.0,-0.08782988080377216,-0.13685821897193678,0.33801874163319945
1,0.0,0.7221634245260085,1.3555157261854165,0.3373493975903614
1,0.0,1.3296584035233439,-0.13685821897193678,0.33668005354752345
1,0.0,-0.7965740229673303,-0.385587209831496,0.3360107095046854
1,0.0,-0.08782988080377216,-0.8830451915506145,0.3353413654618474
1,0.0,-1.1003215124659982,-0.13685821897193678,0.33467202141900937
1,0.0,-0.6953248598011076,-0.13685821897193678,0.33400267737617134
1,0.0,1.9371533825206797,0.8580577444662989,0.3333333333333333
1,0.0,0.7221634245260085,0.8580577444662989,0.3326639892904953
1,0.0,-0.6953248598011076,-0.13685821897193678,0.3319946452476573
1,0.0,-1.809065654629556,0.11187077188762133,0.3313253012048193
1,0.0,-1.7078164914633334,-0.385587209831496,0.33065595716198126
1,0.0,-0.2903282071362173,-0.13685821897193678,0.32998661311914324
1,0.0,-0.2903282071362173,1.6042447170449754,0.3293172690763052
1,0.0,0.7221634245260085,0.8580577444662989,0.3286479250334672
1,0.0,0.5196650981935633,-1.8779611549888504,0.3279785809906292
1,0.0,-0.6953248598011076,-0.385587209831496,0.3273092369477912
1,0.0,-0.2903282071362173,0.3605997627471805,0.32663989290495316
1,0.0,1.3296584035233439,0.6093287536067398,0.32597054886211513
1,0.0,-0.2903282071362173,0.11187077188762133,0.3253012048192771
1,0.0,-0.6953248598011076,0.6093287536067398,0.3246318607764391
1,0.0,0.3171667718611182,0.11187077188762133,0.32396251673360105
1,0.0,-0.8978231861335528,-2.1266901458484093,0.3232931726907631
1,0.0,0.7221634245260085,0.3605997627471805,0.32262382864792505
1,0.0,0.3171667718611182,1.3555157261854165,0.321954484605087
1,0.0,0.114668445528673,1.1067867353258585,0.321285140562249
1,0.0,0.3171667718611182,0.8580577444662989,0.32061579651941097
1,0.0,-1.5053181651308882,1.6042447170449754,0.31994645247657294
1,0.0,-1.5053181651308882,0.11187077188762133,0.3192771084337349
1,0.0,-1.7078164914633334,0.6093287536067398,0.31860776439089694
1,0.0,-0.6953248598011076,0.8580577444662989,0.3179384203480589
1,0.0,0.3171667718611182,-0.13685821897193678,0.3172690763052209
1,0.0,-0.9990723492997754,-0.8830451915506145,0.31659973226238286
1,0.0,-0.08782988080377216,-1.8779611549888504,0.31593038821954483
1,0.0,0.7221634245260085,0.8580577444662989,0.3152610441767068
1,0.0,-1.7078164914633334,-0.8830451915506145,0.31459170013386883
1,0.0,0.5196650981935633,-0.13685821897193678,0.3139223560910308
1,0.0,0.5196650981935633,-0.6343162006910552,0.3132530120481928
1,0.0,0.7221634245260085,-0.385587209831496,0.31258366800535475
1,0.0,0.013419282362450423,-0.8830451915506145,0.3119143239625167
1,0.0,0.5196650981935633,0.6093287536067398,0.3112449799196787
1,0.0,-0.6953248598011076,-1.1317741824101737,0.31057563587684067
1,0.0,0.9246617508584536,0.6093287536067398,0.3099062918340027
1,0.0,0.9246617508584536,0.3605997627471805,0.3092369477911647
1,0.0,-0.2903282071362173,1.1067867353258585,0.30856760374832665
1,0.0,-0.6953248598011076,-1.1317741824101737,0.3078982597054886
1,0.0,-0.4928265334686625,0.11187077188762133,0.3072289156626506
1,0.0,-1.1003215124659982,0.11187077188762133,0.30655957161981257
1,0.0,0.3171667718611182,0.8580577444662989,0.30589022757697454
1,0.0,-1.6065673282971107,-0.8830451915506145,0.30522088353413657
1,0.0,-0.4928265334686625,0.3605997627471805,0.30455153949129854
1,0.0,-2.2140623072944465,-0.8830451915506145,0.3038821954484605
1,0.0,-0.6953248598011076,-0.385587209831496,0.3032128514056225
1,0.0,-0.08782988080377216,-2.1266901458484093,0.30254350736278446
1,0.0,-2.011563980962001,-0.8830451915506145,0.30187416331994643
1,0.0,-0.08782988080377216,-0.8830451915506145,0.30120481927710846
1,0.0,1.5321567298557892,0.11187077188762133,0.30053547523427043
1,0.0,-0.2903282071362173,-0.13685821897193678,0.2998661311914324
1,0.0,0.7221634245260085,-2.3754191367079684,0.2991967871485944
1,0.0,-0.4928265334686625,-2.3754191367079684,0.29852744310575635
1,0.0,-0.08782988080377216,0.3605997627471805,0.2978580990629183
1,0.0,-1.7078164914633334,-0.6343162006910552,0.2971887550200803
1,0.0,0.114668445528673,0.8580577444662989,0.2965194109772423
1,0.0,0.114668445528673,0.3605997627471805,0.2958500669344043
1,0.0,1.5321567298557892,1.6042447170449754,0.29518072289156627
1,0.0,0.5196650981935633,-1.1317741824101737,0.29451137884872824
1,0.0,0.5196650981935633,0.8580577444662989,0.2938420348058902
1,0.0,0.114668445528673,1.6042447170449754,0.2931726907630522
1,0.0,0.5196650981935633,1.1067867353258585,0.29250334672021416
1,0.0,-0.4928265334686625,0.3605997627471805,0.2918340026773762
1,0.0,-0.6953248598011076,-1.1317741824101737,0.29116465863453816
1,0.0,1.3296584035233439,-0.13685821897193678,0.29049531459170014
1,0.0,-0.2903282071362173,-1.1317741824101737,0.2898259705488621
1,0.0,-0.6953248598011076,1.1067867353258585,0.2891566265060241
1,0.0,-2.112813144128224,-0.13685821897193678,0.28848728246318606
1,0.0,1.1271600771908987,0.6093287536067398,0.2878179384203481
1,0.0,1.0259109140246765,0.8580577444662989,0.28714859437751006
1,0.0,-0.8978231861335528,-0.6343162006910552,0.28647925033467203
1,0.0,-1.2015706756322206,0.6093287536067398,0.285809906291834
1,0.0,-0.2903282071362173,-0.385587209831496,0.285140562248996
1,0.0,0.114668445528673,-1.1317741824101737,0.28447121820615795
1,0.0,-1.1003215124659982,-1.6292321641292908,0.2838018741633199
1,0.0,0.5196650981935633,-0.385587209831496,0.28313253012048195
1,0.0,1.1271600771908987,0.8580577444662989,0.2824631860776439
1,0.0,-0.4928265334686625,1.1067867353258585,0.2817938420348059
1,0.0,0.3171667718611182,-0.6343162006910552,0.28112449799196787
1,0.0,1.7346550561882343,0.11187077188762133,0.28045515394912984
1,0.0,0.114668445528673,0.11187077188762133,0.2797858099062918
1,0.0,1.7346550561882343,1.8529737079045348,0.2791164658634538
1,0.0,-0.08782988080377216,1.6042447170449754,0.2784471218206158
1,0.0,0.3171667718611182,1.6042447170449754,0.2777777777777778
1,0.0,0.9246617508584536,-0.385587209831496,0.27710843373493976
1,0.0,1.3296584035233439,0.3605997627471805,0.27643908969210174
1,0.0,0.7221634245260085,-0.6343162006910552,0.2757697456492637
1,0.0,-0.2903282071362173,-1.1317741824101737,0.2751004016064257
1,0.0,0.9246617508584536,0.3605997627471805,0.2744310575635877
1,0.0,-1.2420703408987095,-2.1266901458484093,0.2737617135207497
1,0.0,-2.011563980962001,-0.385587209831496,0.27309236947791166
1,0.0,0.7221634245260085,-1.6292321641292908,0.27242302543507363
1,0.0,0.3171667718611182,0.8580577444662989,0.2717536813922356
1,0.0,0.3171667718611182,1.8529737079045348,0.2710843373493976
1,0.0,-0.6953248598011076,-0.8830451915506145,0.27041499330655955
1,0.0,0.5196650981935633,-0.8830451915506145,0.2697456492637216
1,0.0,1.3296584035233439,0.3605997627471805,0.26907630522088355
1,0.0,-0.9990723492997754,-1.1317741824101737,0.2684069611780455
1,0.0,0.3171667718611182,0.3605997627471805,0.2677376171352075
1,0.0,-1.809065654629556,-0.385587209831496,0.26706827309236947
1,0.0,-0.6953248598011076,-0.385587209831496,0.26639892904953144
1,0.0,-2.173562642027957,0.11187077188762133,0.2657295850066934
1,0.0,0.9246617508584536,-0.6343162006910552,0.26506024096385544
1,0.0,0.7221634245260085,-1.1317741824101737,0.2643908969210174
1,0.0,-0.08782988080377216,-0.13685821897193678,0.2637215528781794
1,0.0,1.3296584035233439,-0.385587209831496,0.26305220883534136
1,0.0,-1.9103148177957785,0.3605997627471805,0.26238286479250333
1,0.0,0.114668445528673,1.6042447170449754,0.2617135207496653
1,0.0,0.9246617508584536,-0.385587209831496,0.26104417670682734
1,0.0,-0.08782988080377216,0.11187077188762133,0.2603748326639893
1,0.0,-1.3028198387984429,0.8580577444662989,0.2597054886211513
1,0.0,-0.2903282071362173,-0.385587209831496,0.25903614457831325
1,0.0,-1.4445686672311546,-1.8779611549888504,0.2583668005354752
1,0.0,-0.8978231861335528,-0.385587209831496,0.2576974564926372
1,0.0,0.5196650981935633,-1.6292321641292908,0.2570281124497992
1,0.0,-1.1003215124659982,-0.385587209831496,0.2563587684069612
1,0.0,0.3171667718611182,0.6093287536067398,0.2556894243641232
1,0.0,-2.112813144128224,-0.6343162006910552,0.25502008032128515
1,0.0,-0.9990723492997754,-0.13685821897193678,0.2543507362784471
1,0.0,-0.6953248598011076,0.3605997627471805,0.2536813922356091
1,0.0,-0.2903282071362173,-1.1317741824101737,0.25301204819277107
1,0.0,-0.6953248598011076,0.11187077188762133,0.25234270414993304
1,0.0,-0.08782988080377216,1.3555157261854165,0.25167336010709507
1,0.0,-0.8978231861335528,0.6093287536067398,0.25100401606425704
1,0.0,-0.2903282071362173,-0.13685821897193678,0.250334672021419
1,0.0,2.139651708853125,-2.1266901458484093,0.249665327978581
1,0.0,0.5196650981935633,-1.1317741824101737,0.24899598393574296
1,0.0,-2.983555947357738,-0.385587209831496,0.24832663989290496
1,0.0,1.1271600771908987,1.6042447170449754,0.24765729585006693
1,0.0,0.7221634245260085,-0.8830451915506145,0.2469879518072289
1,0.0,-1.5053181651308882,-2.8728771184270863,0.2463186077643909
1,0.0,-0.6953248598011076,-0.13685821897193678,0.24564926372155288
1,0.0,0.7221634245260085,-0.8830451915506145,0.24497991967871485
1,0.0,-0.2903282071362173,1.1067867353258585,0.24431057563587685
1,0.0,-0.08782988080377216,-0.13685821897193678,0.24364123159303883
1,0.0,0.9246617508584536,-3.121606109286645,0.2429718875502008
1,0.0,-0.2903282071362173,0.11187077188762133,0.24230254350736277
1,0.0,-0.4928265334686625,0.3605997627471805,0.24163319946452477
1,0.0,-0.8978231861335528,-0.8830451915506145,0.24096385542168675
1,0.0,-1.809065654629556,1.1067867353258585,0.24029451137884872
1,0.0,-0.2903282071362173,-0.8830451915506145,0.23962516733601072
1,0.0,-0.08782988080377216,1.3555157261854165,0.2389558232931727
1,0.0,-0.8978231861335528,0.11187077188762133,0.23828647925033467
1,0.0,0.5196650981935633,0.8580577444662989,0.23761713520749667
1,0.0,1.9371533825206797,0.6093287536067398,0.23694779116465864
1,0.0,-1.9103148177957785,-1.1317741824101737,0.2362784471218206
1,0.0,0.7221634245260085,-1.3805031732697317,0.23560910307898258
1,0.0,0.5196650981935633,-0.8830451915506145,0.23493975903614459
1,0.0,-0.08782988080377216,-0.385587209831496,0.23427041499330656
1,0.0,-2.5178097967931143,-0.8830451915506145,0.23360107095046853
1,0.0,0.9246617508584536,1.8529737079045348,0.23293172690763053
1,0.0,-0.6953248598011076,-0.385587209831496,0.2322623828647925
1,0.0,-0.08782988080377216,0.11187077188762133,0.23159303882195448
1,0.0,1.3296584035233439,0.3605997627471805,0.23092369477911648
1,0.0,0.4184159350273408,-0.13685821897193678,0.23025435073627845
1,0.0,1.1271600771908987,2.1017026987640928,0.22958500669344042
1,0.0,-0.2903282071362173,0.6093287536067398,0.2289156626506024
1,0.0,-0.2903282071362173,-0.8830451915506145,0.2282463186077644
1,0.0,0.7221634245260085,-1.8779611549888504,0.22757697456492637
1,0.0,0.114668445528673,0.8580577444662989,0.22690763052208834
1,0.0,-1.1003215124659982,-0.6343162006910552,0.22623828647925034
1,0.0,0.114668445528673,-0.6343162006910552,0.22556894243641232
1,0.0,-0.08782988080377216,0.3605997627471805,0.2248995983935743
1,0.0,0.114668445528673,-0.8830451915506145,0.2242302543507363
1,0.0,0.3171667718611182,-0.385587209831496,0.22356091030789826
1,0.0,-0.7965740229673303,-0.13685821897193678,0.22289156626506024
1,0.0,0.9246617508584536,0.6093287536067398,0.2222222222222222
1,0.0,-0.2903282071362173,-0.8830451915506145,0.2215528781793842
1,0.0,-0.4928265334686625,-0.385587209831496,0.22088353413654618
1,0.0,-0.2903282071362173,1.1067867353258585,0.22021419009370816
1,0.0,-2.112813144128224,-0.6343162006910552,0.21954484605087016
1,0.0,-0.08782988080377216,-0.13685821897193678,0.21887550200803213
1,0.0,-1.3028198387984429,-1.6292321641292908,0.2182061579651941
1,0.0,-0.6953248598011076,-0.6343162006910552,0.2175368139223561
1,0.0,-0.08782988080377216,0.8580577444662989,0.21686746987951808
1,0.0,0.7221634245260085,-0.6343162006910552,0.21619812583668005
1,0.0,-0.9990723492997754,-0.13685821897193678,0.21552878179384202
1,0.0,-0.2903282071362173,0.6093287536067398,0.21485943775100402
1,0.0,-0.8978231861335528,1.1067867353258585,0.214190093708166
1,0.0,1.7346550561882343,0.6093287536067398,0.21352074966532797
1,0.0,1.1271600771908987,0.6093287536067398,0.21285140562248997
1,0.0,1.5321567298557892,0.6093287536067398,0.21218206157965194
1,0.0,-0.8978231861335528,-0.13685821897193678,0.21151271753681392
1,0.0,-0.08782988080377216,-1.1317741824101737,0.21084337349397592
1,0.0,-0.4928265334686625,1.1067867353258585,0.2101740294511379
1,0.0,-0.2903282071362173,-0.6343162006910552,0.20950468540829986
1,0.0,0.7221634245260085,0.3605997627471805,0.20883534136546184
1,0.0,-0.7965740229673303,0.3605997627471805,0.20816599732262384
1,0.0,-0.8978231861335528,-1.1317741824101737,0.2074966532797858
1,0.0,-0.4928265334686625,0.3605997627471805,0.20682730923694778
1,0.0,0.3171667718611182,-0.385587209831496,0.20615796519410978
1,0.0,-0.4928265334686625,-1.3805031732697317,0.20548862115127176
1,0.0,-1.9103148177957785,0.3605997627471805,0.20481927710843373
1,0.0,-1.7685659893630672,0.6093287536067398,0.20414993306559573
1,0.0,0.114668445528673,-0.6343162006910552,0.2034805890227577
1,0.0,-1.1003215124659982,-1.8779611549888504,0.20281124497991967
1,0.0,-0.22957870923648435,0.6093287536067398,0.20214190093708165
1,0.0,-0.8978231861335528,-1.3805031732697317,0.20147255689424365
1,0.0,-1.9103148177957785,0.11187077188762133,0.20080321285140562
1,0.0,-2.7203081231255597,-0.13685821897193678,0.2001338688085676
1,0.0,1.7346550561882343,0.3605997627471805,0.1994645247657296
1,0.0,-0.4928265334686625,0.8580577444662989,0.19879518072289157
1,0.0,-0.18907904396999475,-0.385587209831496,0.19812583668005354
1,0.0,-0.2903282071362173,-0.13685821897193678,0.19745649263721554
1,0.0,0.5196650981935633,-0.6343162006910552,0.19678714859437751
1,0.0,1.5321567298557892,0.3605997627471805,0.1961178045515395
1,0.0,-4.036547244286453,-0.6343162006910552,0.19544846050870146
1,0.0,-0.4928265334686625,0.3605997627471805,0.19477911646586346
1,0.0,-1.5660676630306216,-1.1317741824101737,0.19410977242302543
1,0.0,0.9246617508584536,0.3605997627471805,0.1934404283801874
1,0.0,-1.9103148177957785,-0.6343162006910552,0.1927710843373494
1,0.0,-1.7078164914633334,-0.385587209831496,0.19210174029451138
1,0.0,-2.5178097967931143,-1.6292321641292908,0.19143239625167335
1,0.0,-0.6953248598011076,1.8529737079045348,0.19076305220883535
1,0.0,-0.08782988080377216,-1.6292321641292908,0.19009370816599733
1,0.0,0.114668445528673,-0.13685821897193678,0.1894243641231593
1,0.0,1.1271600771908987,0.3605997627471805,0.18875502008032127
1,0.0,-0.08782988080377216,0.3605997627471805,0.18808567603748327
1,0.0,-1.6065673282971107,-0.6343162006910552,0.18741633199464525
1,0.0,0.5196650981935633,-0.6343162006910552,0.18674698795180722
1,0.0,-2.7203081231255597,-1.6292321641292908,0.18607764390896922
1,0.0,-0.08782988080377216,0.8580577444662989,0.1854082998661312
1,0.0,0.5196650981935633,0.6093287536067398,0.18473895582329317
1,0.0,0.7221634245260085,1.1067867353258585,0.18406961178045517
1,0.0,0.5196650981935633,0.6093287536067398,0.18340026773761714
1,0.0,0.5196650981935633,-0.13685821897193678,0.1827309236947791
1,0.0,0.8234125876922309,-0.6343162006910552,0.18206157965194109
1,0.0,-0.8978231861335528,0.8580577444662989,0.1813922356091031
1,0.0,1.7346550561882343,1.1067867353258585,0.18072289156626506
1,0.0,-0.08782988080377216,1.1067867353258585,0.18005354752342703
1,0.0,-1.9103148177957785,0.3605997627471805,0.17938420348058903
1,0.0,-0.4928265334686625,0.3605997627471805,0.178714859437751
1,0.0,-0.2903282071362173,-1.6292321641292908,0.17804551539491298
1,0.0,-0.8978231861335528,-2.1266901458484093,0.17737617135207498
1,0.0,0.114668445528673,2.1017026987640928,0.17670682730923695
1,0.0,-2.5178097967931143,0.6093287536067398,0.17603748326639893
1,0.0,-0.2903282071362173,1.1067867353258585,0.1753681392235609
1,0.0,0.114668445528673,0.8580577444662989,0.1746987951807229
1,0.0,0.5196650981935633,0.8580577444662989,0.17402945113788487
1,0.0,-0.2903282071362173,0.3605997627471805,0.17336010709504684
1,0.0,-2.5178097967931143,-1.6292321641292908,0.17269076305220885
1,0.0,-0.4928265334686625,-0.8830451915506145,0.17202141900937082
1,0.0,-1.7078164914633334,-1.1317741824101737,0.1713520749665328
1,0.0,-0.2903282071362173,-0.385587209831496,0.1706827309236948
1,0.0,1.3296584035233439,-0.385587209831496,0.17001338688085676
1,0.0,-0.4928265334686625,0.8580577444662989,0.16934404283801874
1,0.0,-0.3915773703024399,0.11187077188762133,0.1686746987951807
1,0.0,0.9246617508584536,-0.13685821897193678,0.1680053547523427
1,0.0,-0.08782988080377216,0.11187077188762133,0.16733601070950468
1,0.0,0.7221634245260085,0.8580577444662989,0.16666666666666666
1,0.0,-0.2903282071362173,-2.6241481275675267,0.16599732262382866
1,0.0,0.5196650981935633,-0.385587209831496,0.16532797858099063
1,0.0,1.3296584035233439,0.11187077188762133,0.1646586345381526
1,0.0,1.3296584035233439,0.6093287536067398,0.1639892904953146
1,0.0,-0.6953248598011076,-0.385587209831496,0.16331994645247658
1,0.0,-0.08782988080377216,-0.385587209831496,0.16265060240963855
1,0.0,1.2284092403571214,1.3555157261854165,0.16198125836680052
1,0.0,-2.315311470460669,-1.8779611549888504,0.16131191432396252
1,0.0,0.9246617508584536,-0.8830451915506145,0.1606425702811245
1,0.0,-0.08782988080377216,-0.8830451915506145,0.15997322623828647
1,0.0,-1.4040690019646658,0.6093287536067398,0.15930388219544847
1,0.0,-0.8978231861335528,-0.13685821897193678,0.15863453815261044
1,0.0,-1.1003215124659982,0.3605997627471805,0.15796519410977242
1,0.0,0.3171667718611182,1.6042447170449754,0.15729585006693442
1,0.0,-0.2903282071362173,-1.6292321641292908,0.1566265060240964
1,0.0,0.5196650981935633,0.3605997627471805,0.15595716198125836
1,0.0,-0.2903282071362173,0.6093287536067398,0.15528781793842034
1,0.0,0.5196650981935633,-1.8779611549888504,0.15461847389558234
1,0.0,-0.4928265334686625,0.8580577444662989,0.1539491298527443
1,0.0,0.114668445528673,0.3605997627471805,0.15327978580990628
1,0.0,1.5321567298557892,0.11187077188762133,0.15261044176706828
1,0.0,-0.2903282071362173,1.1067867353258585,0.15194109772423026
1,0.0,1.5321567298557892,-0.385587209831496,0.15127175368139223
1,0.0,0.5196650981935633,0.11187077188762133,0.15060240963855423
1,0.0,0.114668445528673,-0.8830451915506145,0.1499330655957162
1,0.0,0.9246617508584536,-0.13685821897193678,0.14926372155287818
1,0.0,-0.4928265334686625,-0.13685821897193678,0.14859437751004015
1,0.0,-1.1003215124659982,-0.385587209831496,0.14792503346720215
1,0.0,1.1271600771908987,-1.8779611549888504,0.14725568942436412
1,0.0,-0.2903282071362173,-0.385587209831496,0.1465863453815261
1,0.0,-0.6953248598011076,0.3605997627471805,0.1459170013386881
1,0.0,-0.2903282071362173,1.1067867353258585,0.14524765729585007
1,0.0,1.9371533825206797,0.3605997627471805,0.14457831325301204
1,0.0,-1.3028198387984429,1.3555157261854165,0.14390896921017404
1,0.0,-0.8978231861335528,-1.8779611549888504,0.14323962516733602
1,0.0,1.1271600771908987,-1.6292321641292908,0.142570281124498
1,0.0,0.114668445528673,-0.6343162006910552,0.14190093708165996
1,0.0,-0.2903282071362173,-1.6292321641292908,0.14123159303882196
1,0.0,0.5196650981935633,1.6042447170449754,0.14056224899598393
1,0.0,0.9246617508584536,-0.13685821897193678,0.1398929049531459
1,0.0,1.9371533825206797,-1.8779611549888504,0.1392235609103079
1,0.0,-0.2903282071362173,-0.385587209831496,0.13855421686746988
1,0.0,1.7346550561882343,0.11187077188762133,0.13788487282463185
1,0.0,-1.809065654629556,-1.8779611549888504,0.13721552878179386
1,0.0,0.5196650981935633,-1.6292321641292908,0.13654618473895583
1,0.0,0.3171667718611182,1.1067867353258585,0.1358768406961178
1,0.0,0.3171667718611182,0.3605997627471805,0.13520749665327977
1,0.0,-1.1003215124659982,0.6093287536067398,0.13453815261044177
1,0.0,0.3171667718611182,-1.1317741824101737,0.13386880856760375
1,0.0,0.114668445528673,0.8580577444662989,0.13319946452476572
1,0.0,-0.9990723492997754,-0.385587209831496,0.13253012048192772
1,0.0,-0.2903282071362173,0.6093287536067398,0.1318607764390897
1,0.0,-0.2903282071362173,-0.8830451915506145,0.13119143239625167
1,0.0,-0.8978231861335528,-0.385587209831496,0.13052208835341367
1,0.0,0.114668445528673,-0.8830451915506145,0.12985274431057564
1,0.0,1.1271600771908987,-0.13685821897193678,0.1291834002677376
1,0.0,0.3171667718611182,0.11187077188762133,0.1285140562248996
1,0.0,0.114668445528673,0.6093287536067398,0.1278447121820616
1,0.0,0.114668445528673,1.1067867353258585,0.12717536813922356
1,0.0,-0.2903282071362173,1.1067867353258585,0.12650602409638553
1,0.0,-0.08782988080377216,-0.8830451915506145,0.12583668005354753
1,0.0,-0.6953248598011076,-2.8728771184270863,0.1251673360107095
1,0.0,-0.2903282071362173,-0.6343162006910552,0.12449799196787148
1,0.0,0.3171667718611182,0.11187077188762133,0.12382864792503347
1,0.0,0.3171667718611182,0.6093287536067398,0.12315930388219545
1,0.0,1.5321567298557892,-2.6241481275675267,0.12248995983935743
1,0.0,-0.4928265334686625,-0.385587209831496,0.12182061579651941
1,0.0,0.114668445528673,-1.1317741824101737,0.12115127175368139
1,0.0,-1.7078164914633334,-0.8830451915506145,0.12048192771084337
1,0.0,0.5196650981935633,-1.8779611549888504,0.11981258366800536
1,0.0,-0.4928265334686625,-0.385587209831496,0.11914323962516733
1,0.0,-1.3028198387984429,-0.13685821897193678,0.11847389558232932
1,0.0,-0.2903282071362173,-0.6343162006910552,0.11780455153949129
1,0.0,-2.619058959959337,0.8580577444662989,0.11713520749665328
1,0.0,1.1271600771908987,-0.13685821897193678,0.11646586345381527
1,0.0,-1.3028198387984429,-0.8830451915506145,0.11579651941097724
1,0.0,0.013419282362450423,1.1067867353258585,0.11512717536813923
1,0.0,-1.5053181651308882,-0.8830451915506145,0.1144578313253012
1,0.0,1.7346550561882343,-0.8830451915506145,0.11378848728246319
1,0.0,-0.8978231861335528,-1.6292321641292908,0.11311914323962517
1,0.0,0.7221634245260085,-0.385587209831496,0.11244979919678715
1,0.0,-1.1003215124659982,0.11187077188762133,0.11178045515394913
1,0.0,1.1271600771908987,-1.8779611549888504,0.1111111111111111
1,0.0,-1.1003215124659982,-1.3805031732697317,0.11044176706827309
1,0.0,-0.2903282071362173,-0.8830451915506145,0.10977242302543508
1,0.0,-1.5053181651308882,-0.6343162006910552,0.10910307898259705
1,0.0,0.013419282362450423,0.11187077188762133,0.10843373493975904
1,0.0,1.7346550561882343,0.8580577444662989,0.10776439089692101
1,0.0,-1.5053181651308882,0.8580577444662989,0.107095046854083
1,0.0,-0.9990723492997754,1.3555157261854165,0.10642570281124498
1,0.0,-1.6065673282971107,-1.6292321641292908,0.10575635876840696
1,0.0,0.114668445528673,0.6093287536067398,0.10508701472556894
1,0.0,1.1271600771908987,1.1067867353258585,0.10441767068273092
1,0.0,0.7221634245260085,-0.13685821897193678,0.1037483266398929
1,0.0,0.3171667718611182,0.6093287536067398,0.10307898259705489
1,0.0,0.9246617508584536,-0.8830451915506145,0.10240963855421686
1,0.0,-2.781057621025293,-0.8830451915506145,0.10174029451137885
1,0.0,0.5196650981935633,-1.8779611549888504,0.10107095046854082
1,0.0,-0.7965740229673303,1.1067867353258585,0.10040160642570281
1,0.0,-0.6953248598011076,0.3605997627471805,0.0997322623828648
1,0.0,-0.18907904396999475,-1.3805031732697317,0.09906291834002677
1,0.0,-0.2903282071362173,-0.6343162006910552,0.09839357429718876
1,0.0,-1.5053181651308882,0.11187077188762133,0.09772423025435073
1,0.0,-0.9990723492997754,-1.1317741824101737,0.09705488621151272
1,0.0,-1.6470669935635998,-0.385587209831496,0.0963855421686747
1,0.0,-1.3028198387984429,0.11187077188762133,0.09571619812583668
1,0.0,-1.1003215124659982,-0.13685821897193678,0.09504685408299866
1,0.0,2.139651708853125,1.1067867353258585,0.09437751004016064
1,0.0,-0.4928265334686625,-0.13685821897193678,0.09370816599732262
1,0.0,-1.1003215124659982,-1.1317741824101737,0.09303882195448461
1,0.0,-0.8978231861335528,0.8580577444662989,0.09236947791164658
1,0.0,0.5196650981935633,0.11187077188762133,0.09170013386880857
1,0.0,0.5196650981935633,1.1067867353258585,0.09103078982597054
1,0.0,-0.08782988080377216,-1.8779611549888504,0.09036144578313253
1,0.0,0.9246617508584536,-1.8779611549888504,0.08969210174029452
1,0.0,-0.2903282071362173,-1.6292321641292908,0.08902275769745649
1,0.0,-0.8978231861335528,0.8580577444662989,0.08835341365461848
1,0.0,-0.08782988080377216,-0.385587209831496,0.08768406961178045
1,0.0,-1.9103148177957785,-0.385587209831496,0.08701472556894244
1,0.0,-0.8978231861335528,-0.8830451915506145,0.08634538152610442
1,0.0,-3.7327997547877856,-2.6241481275675267,0.0856760374832664
1,0.0,0.3171667718611182,0.6093287536067398,0.08500669344042838
1,0.0,-1.3028198387984429,-1.3805031732697317,0.08433734939759036
1,0.0,1.3296584035233439,-0.385587209831496,0.08366800535475234
1,0.0,-1.3028198387984429,-0.13685821897193678,0.08299866131191433
1,0.0,1.1271600771908987,-0.6343162006910552,0.0823293172690763
1,0.0,0.3171667718611182,-0.6343162006910552,0.08165997322623829
1,0.0,1.1271600771908987,-1.6292321641292908,0.08099062918340026
1,0.0,-0.2903282071362173,-1.1317741824101737,0.08032128514056225
1,0.0,1.5321567298557892,2.350431689623653,0.07965194109772424
1,0.0,1.3296584035233439,1.6042447170449754,0.07898259705488621
1,0.0,-1.5053181651308882,0.6093287536067398,0.0783132530120482
1,0.0,0.9246617508584536,1.6042447170449754,0.07764390896921017
1,0.0,1.9371533825206797,0.8580577444662989,0.07697456492637215
1,0.0,-0.6953248598011076,-0.13685821897193678,0.07630522088353414
1,0.0,-1.5053181651308882,0.3605997627471805,0.07563587684069611
1,0.0,0.7221634245260085,-2.1266901458484093,0.0749665327978581
1,0.0,-0.4928265334686625,1.1067867353258585,0.07429718875502007
1,0.0,-0.8978231861335528,-0.6343162006910552,0.07362784471218206
1,0.0,-0.08782988080377216,0.11187077188762133,0.07295850066934405
1,0.0,-0.8978231861335528,-0.13685821897193678,0.07228915662650602
1,0.0,0.9246617508584536,1.6042447170449754,0.07161981258366801
1,0.0,-0.6953248598011076,-0.8830451915506145,0.07095046854082998
1,0.0,0.114668445528673,0.6093287536067398,0.07028112449799197
1,0.0,-0.9990723492997754,-2.3754191367079684,0.06961178045515395
1,0.0,-0.594075696634885,-1.6292321641292908,0.06894243641231593
1,0.0,0.3171667718611182,-2.1266901458484093,0.06827309236947791
1,0.0,0.7221634245260085,0.3605997627471805,0.06760374832663989
1,0.0,1.5321567298557892,0.6093287536067398,0.06693440428380187
1,0.0,0.7221634245260085,1.1067867353258585,0.06626506024096386
1,0.0,-1.5053181651308882,-0.13685821897193678,0.06559571619812583
1,0.0,-0.14857937870350513,-1.3805031732697317,0.06492637215528782
1,0.0,0.5196650981935633,-0.8830451915506145,0.0642570281124498
1,0.0,-2.254561972560935,1.1067867353258585,0.06358768406961178
1,0.0,-0.8978231861335528,0.6093287536067398,0.06291834002677377
1,0.0,0.7221634245260085,1.3555157261854165,0.06224899598393574
1,0.0,0.3171667718611182,0.8580577444662989,0.06157965194109773
1,0.0,1.9371533825206797,0.3605997627471805,0.06091030789825971
1,0.0,-0.4928265334686625,-1.1317741824101737,0.060240963855421686
1,0.0,-2.983555947357738,-2.6241481275675267,0.059571619812583666
1,0.0,-1.3028198387984429,0.11187077188762133,0.058902275769745646
1,0.0,0.9246617508584536,-0.8830451915506145,0.05823293172690763
1,0.0,-2.112813144128224,0.11187077188762133,0.05756358768406961
1,0.0,-0.08782988080377216,0.8580577444662989,0.05689424364123159
1,0.0,-1.1003215124659982,0.3605997627471805,0.05622489959839357
1,0.0,0.114668445528673,0.11187077188762133,0.05555555555555555
1,0.0,-0.2903282071362173,-0.8830451915506145,0.05488621151271754
1,0.0,0.3171667718611182,1.8529737079045348,0.05421686746987952
1,0.0,-0.08782988080377216,-3.121606109286645,0.0535475234270415
1,0.0,-0.8978231861335528,0.3605997627471805,0.05287817938420348
1,0.0,-0.4928265334686625,0.11187077188762133,0.05220883534136546
1,0.0,0.114668445528673,-0.6343162006910552,0.051539491298527446
1,0.0,0.3171667718611182,-0.385587209831496,0.050870147255689425
1,0.0,-0.4928265334686625,-1.1317741824101737,0.050200803212851405
1,0.0,0.114668445528673,-0.13685821897193678,0.049531459170013385
1,0.0,-0.7965740229673303,-0.6343162006910552,0.048862115127175365
1,0.0,0.7221634245260085,0.6093287536067398,0.04819277108433735
1,0.0,-0.2903282071362173,-0.8830451915506145,0.04752342704149933
1,0.0,0.9246617508584536,0.3605997627471805,0.04685408299866131
1,0.0,-0.08782988080377216,0.6093287536067398,0.04618473895582329
1,0.0,1.1271600771908987,-1.8779611549888504,0.04551539491298527
1,0.0,0.3171667718611182,-0.13685821897193678,0.04484605087014726
1,0.0,1.5321567298557892,1.3555157261854165,0.04417670682730924
1,0.0,-1.3028198387984429,0.11187077188762133,0.04350736278447122
1,0.0,-1.5053181651308882,1.6042447170449754,0.0428380187416332
1,0.0,1.1271600771908987,-2.3754191367079684,0.04216867469879518
1,0.0,-0.6953248598011076,-0.385587209831496,0.041499330655957165
1,0.0,-0.594075696634885,-1.3805031732697317,0.040829986613119144
1,0.0,-0.2903282071362173,1.1067867353258585,0.040160642570281124
1,0.0,-0.6953248598011076,-2.1266901458484093,0.039491298527443104
1,0.0,-2.112813144128224,0.11187077188762133,0.038821954484605084
1,0.0,-1.4445686672311546,-1.6292321641292908,0.03815261044176707
1,0.0,-0.9990723492997754,1.3555157261854165,0.03748326639892905
1,0.0,-0.2903282071362173,-0.8830451915506145,0.03681392235609103
1,0.0,0.114668445528673,0.6093287536067398,0.03614457831325301
1,0.0,-0.2903282071362173,-0.13685821897193678,0.03547523427041499
1,0.0,-0.7965740229673303,0.6093287536067398,0.03480589022757698
1,0.0,-1.8495653198960451,-1.1317741824101737,0.03413654618473896
1,0.0,-0.08782988080377216,0.3605997627471805,0.03346720214190094
1,0.0,-0.4928265334686625,-0.6343162006910552,0.03279785809906292
1,0.0,-0.8978231861335528,-0.6343162006910552,0.0321285140562249
1,0.0,-2.2140623072944465,0.3605997627471805,0.03145917001338688
1,0.0,-0.4928265334686625,-0.13685821897193678,0.030789825970548863
1,0.0,-0.18907904396999475,0.3605997627471805,0.030120481927710843
1,0.0,1.5321567298557892,1.1067867353258585,0.029451137884872823
1,0.0,0.5196650981935633,1.6042447170449754,0.028781793842034806
1,0.0,1.5321567298557892,0.6093287536067398,0.028112449799196786
1,0.0,-1.039572014566265,-0.13685821897193678,0.02744310575635877
1,0.0,-0.08782988080377216,-0.8830451915506145,0.02677376171352075
1,0.0,-1.3028198387984429,-0.6343162006910552,0.02610441767068273
1,0.0,0.9246617508584536,1.1067867353258585,0.025435073627844713
1,0.0,-1.3028198387984429,0.6093287536067398,0.024765729585006693
1,0.0,-0.4928265334686625,-0.6343162006910552,0.024096385542168676
1,0.0,1.1271600771908987,-0.8830451915506145,0.023427041499330656
1,0.0,-0.4320770355689295,-0.385587209831496,0.022757697456492636
1,0.0,-0.9990723492997754,-1.1317741824101737,0.02208835341365462
1,0.0,-0.2903282071362173,-1.6292321641292908,0.0214190093708166
1,0.0,-0.08782988080377216,0.6093287536067398,0.020749665327978582
1,0.0,-1.7078164914633334,-0.13685821897193678,0.020080321285140562
1,0.0,-2.2140623072944465,-0.8830451915506145,0.019410977242302542
1,0.0,0.5196650981935633,-1.1317741824101737,0.018741633199464525
1,0.0,1.5321567298557892,-0.13685821897193678,0.018072289156626505
1,0.0,-1.3028198387984429,-0.6343162006910552,0.01740294511378849
1,0.0,0.114668445528673,-0.6343162006910552,0.01673360107095047
1,0.0,1.3296584035233439,0.3605997627471805,0.01606425702811245
1,0.0,-1.4040690019646658,-0.385587209831496,0.015394912985274432
1,0.0,0.7221634245260085,-0.385587209831496,0.014725568942436412
1,0.0,-0.08782988080377216,0.11187077188762133,0.014056224899598393
1,0.0,-0.2903282071362173,1.1067867353258585,0.013386880856760375
1,0.0,-0.08782988080377216,-0.8830451915506145,0.012717536813922356
1,0.0,0.7221634245260085,-3.3703351001462036,0.012048192771084338
1,0.0,-0.08782988080377216,0.11187077188762133,0.011378848728246318
1,0.0,-0.594075696634885,-0.385587209831496,0.0107095046854083
1,0.0,-0.3915773703024399,-0.385587209831496,0.010040160642570281
1,0.0,0.7221634245260085,-2.3754191367079684,0.009370816599732263
1,0.0,-0.2903282071362173,-0.8830451915506145,0.008701472556894244
1,0.0,-0.08782988080377216,-0.8830451915506145,0.008032128514056224
1,0.0,0.9246617508584536,0.6093287536067398,0.007362784471218206
1,0.0,-0.4928265334686625,-0.6343162006910552,0.006693440428380187
1,0.0,0.9246617508584536,-1.6292321641292908,0.006024096385542169
1,0.0,-1.2015706756322206,-2.1266901458484093,0.00535475234270415
1,0.0,0.114668445528673,-0.6343162006910552,0.004685408299866131
1,0.0,-2.112813144128224,-1.6292321641292908,0.004016064257028112
1,0.0,-1.7078164914633334,0.11187077188762133,0.0033467202141900937
1,0.0,-0.8978231861335528,0.3605997627471805,0.002677376171352075
1,0.0,-2.2140623072944465,-2.1266901458484093,0.002008032128514056
1,0.0,-0.4928265334686625,-0.6343162006910552,0.0013386880856760374
1,0.0,-0.6953248598011076,-0.6343162006910552,0.0006693440428380187
