1,0,0.9191082228962077,-0.6425349686225151,0.55
1,0,-1.5199668710361538,-0.3934278217172051,-0.39
1,0,1.3256207385516012,-0.6425349686225151,1.48
1,0,-1.316710613208457,-0.144320674811895,-0.44
1,0,0.3093394494131174,1.3503222066199632,0.41
1,0,-1.0118262264669118,-1.1407492624331352,-0.83
1,0,0.9191082228962077,-2.3862849969596844,1.66
1,0,1.732133254206995,1.5994293535252733,1.31
1,0,-0.30042932406997297,-1.8880707031490644,0.07
1,0,-0.7069418397253665,-0.144320674811895,0.66
1,0,1.3256207385516012,-0.3934278217172051,-0.43
1,0,0.715851965068511,-0.144320674811895,-1.36
1,0,-0.09717306624227619,-1.8880707031490644,-0.77
1,0,-1.5199668710361538,0.35389361899872407,0.87
1,0,-0.7069418397253665,-1.8880707031490644,1.91
1,0,-2.129735644519244,-1.1407492624331352,-0.66
1,0,-0.09717306624227619,1.5994293535252733,1.45
1,0,-2.332991902346941,-0.144320674811895,-0.28
1,0,0.5125957072408142,-1.8880707031490644,0.48
1,0,-0.09717306624227619,1.3503222066199632,1.23
1,1,1.528876996379298,1.1012150597146542,0.85
1,0,-0.7069418397253665,-0.3934278217172051,0.71
1,0,0.5125957072408142,0.35389361899872407,0.55
1,0,0.5125957072408142,1.1012150597146542,0.61
1,0,1.528876996379298,1.3503222066199632,-0.4
1,1,-2.332991902346941,0.10478647209341398,-1.35
1,0,-0.7069418397253665,0.10478647209341398,0.94
1,0,-0.9101980975530634,-0.6425349686225151,0.7
1,1,-0.09717306624227619,0.6030007659040342,-0.33
1,0,0.9191082228962077,0.35389361899872407,0.15
1,0,-0.30042932406997297,0.6030007659040342,0.58
1,0,0.9191082228962077,-0.3934278217172051,0.49
1,1,-1.316710613208457,-1.3898564093384442,-2.55
1,0,0.9191082228962077,-0.144320674811895,-1.48
1,0,0.715851965068511,-0.6425349686225151,-1.14
1,0,-0.5036855818976698,-1.3898564093384442,-0.03
1,0,-1.11345435538076,-0.144320674811895,0.33
1,0,0.3093394494131174,0.8521079128093442,-0.83
1,0,0.9191082228962077,-1.1407492624331352,0.13
1,1,-0.5036855818976698,-1.6389635562437543,0.57
1,0,-2.841132546916183,-0.144320674811895,-0.19
1,0,1.1223644807239046,-0.8916421155278252,0.62
1,0,0.9191082228962077,0.10478647209341398,-1.26
1,0,-2.332991902346941,1.1012150597146542,0.8
1,0,-0.30042932406997297,0.6030007659040342,0.48
1,0,-0.09717306624227619,-0.3934278217172051,-0.86
1,0,-0.30042932406997297,0.6030007659040342,-1.09
1,0,-0.09717306624227619,-0.144320674811895,0.98
1,0,0.5125957072408142,0.10478647209341398,-0.59
1,0,0.10608319158542061,-2.1371778500543743,-0.44
1,0,1.3256207385516012,-0.6425349686225151,0.1
1,0,-0.5036855818976698,0.8521079128093442,-0.56
1,0,1.9353895120346918,-1.1407492624331352,0.29
1,0,-0.5036855818976698,0.6030007659040342,-0.14
1,0,0.715851965068511,-0.8916421155278252,2.07
1,0,1.528876996379298,0.6030007659040342,0.15
1,0,-0.9101980975530634,-0.3934278217172051,-1.26
1,0,-1.11345435538076,0.10478647209341398,-0.45
1,0,0.3093394494131174,1.3503222066199632,1.4
1,0,-0.4020574529838214,-0.3934278217172051,-0.04
1,0,0.715851965068511,1.3503222066199632,-0.25
1,0,-1.11345435538076,1.8485365004305834,0.64
1,0,-0.09717306624227619,1.1012150597146542,-0.39
1,0,-0.7069418397253665,-1.3898564093384442,-0.12
1,0,-1.5199668710361538,-2.1371778500543743,0.24
1,0,1.528876996379298,0.35389361899872407,-0.69
1,0,-0.09717306624227619,0.35389361899872407,1.22
1,0,-0.5036855818976698,0.35389361899872407,-0.21
1,0,-1.7232231288638504,0.6030007659040342,0.2
1,0,1.528876996379298,0.8521079128093442,1.33
1,0,0.9191082228962077,1.1012150597146542,1.1
1,0,-0.4020574529838214,0.10478647209341398,0.17
1,0,-1.9264793866915473,0.35389361899872407,0.49
1,0,0.9191082228962077,-0.6425349686225151,0.04
1,0,-0.7069418397253665,0.10478647209341398,0.46
1,0,-2.0281075156053956,-0.3934278217172051,-0.52
1,0,0.715851965068511,-1.3898564093384442,-1.19
1,0,-0.7069418397253665,0.35389361899872407,-1.22
1,0,0.5125957072408142,1.5994293535252733,-1.5
1,0,-0.09717306624227619,-0.3934278217172051,-2.14
1,0,0.9191082228962077,0.8521079128093442,-0.22
1,0,-0.09717306624227619,-0.3934278217172051,-1.04
1,0,1.528876996379298,0.8521079128093442,-1.23
1,0,-0.09717306624227619,-1.3898564093384442,-0.51
1,0,1.528876996379298,-0.3934278217172051,0.66
1,0,1.9353895120346918,0.10478647209341398,0.24
1,0,0.9191082228962077,0.10478647209341398,-0.15
1,0,-0.5036855818976698,-0.144320674811895,1.33
1,0,0.5125957072408142,-1.3898564093384442,-1.76
1,0,-1.7232231288638504,0.8521079128093442,-1.07
1,0,-1.11345435538076,-0.144320674811895,-0.2
1,0,1.3256207385516012,0.35389361899872407,1.07
1,0,-1.4183387421223053,-0.3934278217172051,-0.49
1,0,0.715851965068511,1.5994293535252733,2.26
1,0,0.10608319158542061,0.10478647209341398,-0.1
1,0,0.3093394494131174,1.3503222066199632,1.92
1,0,1.3256207385516012,0.8521079128093442,0.84
1,0,-0.6053137108115182,-1.1407492624331352,-0.18
1,0,-0.30042932406997297,-2.1371778500543743,1.35
1,0,-1.11345435538076,0.35389361899872407,0.67
1,0,-1.5199668710361538,0.6030007659040342,-0.34
1,0,-1.9264793866915473,-0.3934278217172051,-1.02
1,0,-0.9101980975530634,-0.3934278217172051,-0.59
1,0,-0.09717306624227619,-1.6389635562437543,-0.94
1,0,0.10608319158542061,-0.3934278217172051,-0.36
1,0,0.9191082228962077,0.6030007659040342,2.07
1,0,-1.316710613208457,-0.3934278217172051,1.13
1,0,0.3093394494131174,-1.1407492624331352,2.49
1,0,-0.09717306624227619,0.35389361899872407,0.91
1,0,-1.7232231288638504,-1.1407492624331352,-0.66
1,0,1.6305051252931466,1.5994293535252733,1.23
1,1,0.9191082228962077,0.6030007659040342,1.27
1,0,-1.4183387421223053,0.10478647209341398,0.01
1,0,-0.5036855818976698,0.10478647209341398,-1.52
1,0,0.9191082228962077,-0.144320674811895,0.49
1,0,-0.30042932406997297,-0.144320674811895,0.41
1,0,-0.9101980975530634,-2.3862849969596844,0.04
1,0,-0.30042932406997297,-0.3934278217172051,0.83
1,0,-0.9101980975530634,-1.6389635562437543,0.03
1,0,1.1223644807239046,0.10478647209341398,-0.25
1,0,-0.4020574529838214,-0.3934278217172051,-0.48
1,0,1.3256207385516012,0.6030007659040342,1.0
1,0,-0.4020574529838214,-0.144320674811895,0.34
1,0,-0.30042932406997297,0.6030007659040342,0.01
1,1,0.3093394494131174,-1.3898564093384442,0.38
1,0,1.3256207385516012,1.1012150597146542,-0.76
1,0,-0.09717306624227619,-1.3898564093384442,0.14
1,0,1.732133254206995,0.10478647209341398,0.67
1,0,0.5125957072408142,1.8485365004305834,0.27
1,0,-0.30042932406997297,-0.144320674811895,1.47
1,0,-2.129735644519244,0.10478647209341398,0.24
1,0,0.9191082228962077,-1.6389635562437543,-0.73
1,0,0.715851965068511,-2.6353921438649937,-0.32
1,0,-0.9101980975530634,-1.1407492624331352,0.02
1,0,1.3256207385516012,-0.3934278217172051,0.32
1,0,0.10608319158542061,-0.6425349686225151,-0.69
1,0,-1.11345435538076,0.6030007659040342,1.32
1,0,-0.9101980975530634,0.35389361899872407,0.7
1,0,-0.7069418397253665,-0.6425349686225151,0.04
1,0,-0.09717306624227619,1.3503222066199632,0.26
1,0,-1.0118262264669118,0.8521079128093442,-0.56
1,0,-0.7069418397253665,0.8521079128093442,1.92
1,0,1.223992609637753,0.6030007659040342,1.19
1,0,-0.5036855818976698,0.10478647209341398,-0.73
1,0,-2.4346200312607893,1.3503222066199632,0.17
1,0,-1.2150824842946086,0.8521079128093442,-0.73
1,0,1.528876996379298,0.35389361899872407,-0.31
1,0,-0.7069418397253665,-2.1371778500543743,-0.05
1,0,-0.6053137108115182,-0.144320674811895,-0.67
1,0,0.3093394494131174,0.8521079128093442,-1.33
1,0,0.3093394494131174,0.6030007659040342,1.13
1,0,0.3093394494131174,-0.8916421155278252,0.13
1,0,0.5125957072408142,-1.3898564093384442,-1.74
1,0,0.207711320499269,-0.144320674811895,0.08
1,0,-0.4020574529838214,-0.6425349686225151,1.88
1,0,-1.7232231288638504,0.6030007659040342,0.73
1,0,-0.7069418397253665,-0.3934278217172051,-1.34
1,0,0.9191082228962077,0.10478647209341398,-0.35
1,0,0.10608319158542061,0.6030007659040342,-0.56
1,0,1.3256207385516012,-0.8916421155278252,0.25
1,0,0.5125957072408142,0.10478647209341398,-0.98
1,0,-0.09717306624227619,1.5994293535252733,-0.72
1,0,-1.9264793866915473,-0.6425349686225151,-0.19
1,0,1.3256207385516012,-1.1407492624331352,0.02
1,0,-3.146016933657728,-2.1371778500543743,-0.9
1,0,0.10608319158542061,-0.144320674811895,0.45
1,0,-1.11345435538076,-0.144320674811895,0.01
1,0,2.1386457698623884,1.1012150597146542,-0.33
1,0,-0.6053137108115182,-3.3827135845809235,-0.93
1,0,0.5125957072408142,-0.6425349686225151,-0.47
1,0,0.10608319158542061,-0.6425349686225151,0.81
1,0,-0.09717306624227619,0.6030007659040342,1.43
1,1,-1.9264793866915473,-1.8880707031490644,-1.2
1,0,-1.7232231288638504,0.10478647209341398,-0.53
1,0,0.5125957072408142,0.10478647209341398,0.48
1,0,1.9353895120346918,0.6030007659040342,0.99
1,0,-0.5036855818976698,-0.8916421155278252,-0.24
1,0,-0.5036855818976698,0.35389361899872407,-0.19
1,0,-0.5036855818976698,0.35389361899872407,-0.58
1,0,1.9353895120346918,0.6030007659040342,0.35
1,0,-0.5036855818976698,-0.144320674811895,0.53
1,1,0.3093394494131174,0.10478647209341398,-0.32
1,0,-0.30042932406997297,0.6030007659040342,0.22
1,0,-0.30042932406997297,-2.1371778500543743,-1.57
1,0,0.3093394494131174,1.3503222066199632,2.39
1,1,-1.5199668710361538,0.10478647209341398,-0.98
1,0,0.715851965068511,-2.1371778500543743,0.12
1,0,-0.30042932406997297,1.1012150597146542,-0.13
1,0,0.3093394494131174,0.6030007659040342,-0.41
1,0,0.715851965068511,1.3503222066199632,1.81
1,0,0.9191082228962077,0.10478647209341398,-1.13
1,0,0.715851965068511,-0.8916421155278252,-0.03
1,0,-0.30042932406997297,-0.6425349686225151,0.04
1,0,0.045106314237112144,0.6030007659040342,0.46
1,0,-0.09717306624227619,-0.6425349686225151,1.06
1,0,0.715851965068511,1.3503222066199632,1.05
1,0,0.10608319158542061,-2.8844992907703038,-2.18
1,0,-0.09717306624227619,0.8521079128093442,0.81
1,0,-0.30042932406997297,0.10478647209341398,0.92
1,0,-0.5036855818976698,1.1012150597146542,-0.25
1,0,0.3093394494131174,0.10478647209341398,0.14
1,1,1.1223644807239046,0.8521079128093442,-0.54
1,0,0.715851965068511,-1.1407492624331352,0.13
1,0,0.9191082228962077,-1.1407492624331352,1.26
1,0,-0.5036855818976698,0.10478647209341398,-0.93
1,0,-0.7069418397253665,0.6030007659040342,0.42
1,1,-0.09717306624227619,-0.6425349686225151,0.53
1,0,-0.09717306624227619,0.35389361899872407,0.27
1,0,1.3256207385516012,-0.6425349686225151,0.48
1,0,0.3093394494131174,1.3503222066199632,0.77
1,0,2.1386457698623884,1.1012150597146542,0.55
1,1,-0.5036855818976698,-1.1407492624331352,0.96
1,0,-0.9101980975530634,-1.6389635562437543,-0.26
1,0,-1.316710613208457,-1.6389635562437543,-0.43
1,0,-0.09717306624227619,-0.3934278217172051,-0.51
1,0,0.3093394494131174,-0.144320674811895,1.31
1,0,1.1223644807239046,-0.144320674811895,-1.47
1,0,-0.9101980975530634,0.10478647209341398,1.23
1,0,-0.7069418397253665,-1.6389635562437543,-0.36
1,0,1.3256207385516012,0.35389361899872407,1.09
1,0,-0.7069418397253665,1.1012150597146542,-0.23
1,0,-1.2150824842946086,-2.1371778500543743,-0.06
1,0,-0.9101980975530634,1.1012150597146542,-0.14
1,1,0.3093394494131174,-0.3934278217172051,-0.91
1,0,0.3093394494131174,-0.3934278217172051,1.06
1,0,1.528876996379298,-0.3934278217172051,0.06
1,0,1.732133254206995,0.35389361899872407,0.0
1,0,1.3256207385516012,-1.8880707031490644,0.03
1,0,0.3093394494131174,0.10478647209341398,0.12
1,0,-1.5199668710361538,0.10478647209341398,1.39
1,0,-1.316710613208457,-2.8844992907703038,0.14
1,0,-0.5036855818976698,0.6030007659040342,-0.85
1,0,0.3093394494131174,0.35389361899872407,-0.56
1,0,0.5125957072408142,-1.1407492624331352,0.93
1,0,-0.30042932406997297,0.35389361899872407,-0.28
1,0,1.3256207385516012,0.8521079128093442,1.57
1,0,1.528876996379298,0.35389361899872407,-0.4
1,0,-0.30042932406997297,-0.6425349686225151,0.69
1,0,0.10608319158542061,0.8521079128093442,0.81
1,0,-0.09717306624227619,1.1012150597146542,0.33
1,0,-0.30042932406997297,-0.8916421155278252,0.63
1,0,0.715851965068511,1.8485365004305834,0.09
1,0,-0.30042932406997297,1.8485365004305834,0.88
1,0,0.5125957072408142,-0.3934278217172051,1.26
1,0,-0.09717306624227619,0.6030007659040342,0.2
1,0,0.5125957072408142,-0.3934278217172051,1.94
1,1,-1.0118262264669118,-0.8916421155278252,0.05
1,0,-0.30042932406997297,-1.6389635562437543,-0.63
1,0,-0.7069418397253665,-2.3862849969596844,0.07
1,0,0.3093394494131174,1.3503222066199632,-0.6
1,0,-2.881783798481722,-0.3934278217172051,-1.24
1,0,0.5125957072408142,-1.3898564093384442,0.47
1,0,-1.316710613208457,0.6030007659040342,1.54
1,0,1.528876996379298,-1.3898564093384442,0.72
1,0,-0.09717306624227619,-0.8916421155278252,-0.36
1,0,0.9191082228962077,0.6030007659040342,1.7
1,0,-0.09717306624227619,1.1012150597146542,0.53
1,0,-0.09717306624227619,0.35389361899872407,1.02
1,0,-0.30042932406997297,-0.6425349686225151,0.39
1,0,-0.7069418397253665,0.6030007659040342,0.48
1,0,0.5125957072408142,1.3503222066199632,2.47
1,0,-0.9101980975530634,-0.144320674811895,0.53
1,0,1.1223644807239046,0.35389361899872407,-0.48
1,0,0.9191082228962077,-0.3934278217172051,0.16
1,0,-1.5199668710361538,-1.1407492624331352,1.57
1,0,1.528876996379298,-0.3934278217172051,1.16
1,0,-1.7232231288638504,0.10478647209341398,-0.99
1,0,0.5125957072408142,0.6030007659040342,1.29
1,1,1.732133254206995,1.1012150597146542,-0.18
1,0,0.3093394494131174,0.35389361899872407,0.55
1,0,2.1386457698623884,1.1012150597146542,0.76
1,0,0.10608319158542061,-0.144320674811895,1.1
1,0,-0.9101980975530634,-0.6425349686225151,1.28
1,0,0.5125957072408142,0.10478647209341398,-1.94
1,0,-0.7069418397253665,-0.3934278217172051,-0.99
1,0,-0.7069418397253665,-2.3862849969596844,-0.17
1,0,0.715851965068511,-1.6389635562437543,-0.64
1,0,-0.30042932406997297,-0.8916421155278252,0.97
1,0,0.3093394494131174,-0.144320674811895,-0.67
1,0,0.715851965068511,0.10478647209341398,1.77
1,0,-0.9101980975530634,-0.144320674811895,0.46
1,0,-0.09717306624227619,-0.3934278217172051,-0.73
1,0,-1.5199668710361538,0.6030007659040342,0.67
1,0,0.9191082228962077,1.1012150597146542,2.4
1,0,1.9353895120346918,1.5994293535252733,1.9
1,0,-1.316710613208457,1.1012150597146542,1.18
1,0,-1.5199668710361538,-1.6389635562437543,-0.26
1,0,-0.09717306624227619,-0.8916421155278252,0.18
1,0,0.9191082228962077,1.5994293535252733,2.39
1,0,-1.4183387421223053,-1.6389635562437543,-0.1
1,0,-0.8085699686392149,-1.8880707031490644,-0.01
1,0,-1.7232231288638504,0.35389361899872407,0.78
1,0,1.528876996379298,1.5994293535252733,0.2
1,0,0.10608319158542061,0.35389361899872407,0.46
1,0,1.9353895120346918,0.10478647209341398,-0.89
1,0,0.715851965068511,0.8521079128093442,-1.21
1,1,-0.30042932406997297,0.6030007659040342,-2.86
1,0,0.715851965068511,-0.3934278217172051,-1.63
1,0,1.1223644807239046,1.3503222066199632,1.37
1,0,-0.7069418397253665,-2.8844992907703038,0.47
1,0,0.5125957072408142,0.8521079128093442,0.61
1,0,-0.9101980975530634,0.10478647209341398,-0.59
1,0,-0.30042932406997297,1.3503222066199632,-0.66
1,0,-0.5036855818976698,-0.144320674811895,-0.46
1,0,0.9191082228962077,0.8521079128093442,0.07
1,0,-0.7069418397253665,0.6030007659040342,-0.54
1,0,-1.7232231288638504,-0.6425349686225151,0.77
1,0,-0.7069418397253665,0.10478647209341398,-0.53
1,0,-3.0443888047438796,-1.3898564093384442,-1.65
1,0,0.5125957072408142,1.5994293535252733,2.22
1,0,0.5125957072408142,0.35389361899872407,0.09
1,0,2.1386457698623884,-1.1407492624331352,0.14
1,1,-1.4183387421223053,-1.6389635562437543,-1.28
1,0,-0.30042932406997297,-0.8916421155278252,-0.8
1,0,0.5125957072408142,0.6030007659040342,0.23
1,0,-0.5036855818976698,-2.1371778500543743,0.59
1,0,-0.09717306624227619,-0.3934278217172051,-0.16
1,0,0.9191082228962077,1.3503222066199632,0.25
1,0,1.528876996379298,-2.6353921438649937,0.86
1,0,-0.09717306624227619,0.8521079128093442,-0.68
1,0,0.715851965068511,-1.3898564093384442,1.55
1,0,0.3093394494131174,1.8485365004305834,-0.01
1,0,0.10608319158542061,-0.6425349686225151,0.45
1,0,-0.6053137108115182,-0.3934278217172051,0.51
1,0,-0.7069418397253665,0.6030007659040342,-0.38
1,0,1.1223644807239046,0.8521079128093442,1.57
1,0,-0.09717306624227619,-0.3934278217172051,0.62
1,0,-0.7069418397253665,0.8521079128093442,1.23
1,0,0.5125957072408142,-0.144320674811895,1.11
1,0,-0.30042932406997297,0.10478647209341398,0.1
1,0,1.1223644807239046,0.10478647209341398,-0.55
1,0,-0.7069418397253665,0.35389361899872407,-0.25
1,0,0.3093394494131174,0.8521079128093442,-0.33
1,0,-1.5199668710361538,1.5994293535252733,-1.12
1,0,1.1223644807239046,-1.6389635562437543,1.37
1,0,-0.7069418397253665,0.10478647209341398,-0.46
1,0,-0.5036855818976698,0.35389361899872407,-0.79
1,0,-0.7069418397253665,1.1012150597146542,-0.8
1,0,-0.09717306624227619,-1.3898564093384442,-0.49
1,0,1.3256207385516012,0.35389361899872407,0.09
1,0,1.732133254206995,0.10478647209341398,1.37
1,0,1.732133254206995,-1.6389635562437543,0.1
1,0,0.3093394494131174,0.8521079128093442,1.3
1,0,1.528876996379298,0.8521079128093442,1.02
1,0,-0.30042932406997297,-0.144320674811895,0.2
1,0,0.3093394494131174,1.3503222066199632,-0.14
1,1,-1.5199668710361538,0.6030007659040342,0.1
1,0,-1.5199668710361538,-1.6389635562437543,0.01
1,0,1.1223644807239046,0.6030007659040342,-0.41
1,0,-1.0118262264669118,0.10478647209341398,0.6
1,0,0.9191082228962077,1.3503222066199632,0.77
1,0,1.528876996379298,0.35389361899872407,-0.45
1,0,-0.09717306624227619,0.10478647209341398,-0.42
1,0,1.3256207385516012,1.5994293535252733,1.04
1,0,0.004455062671572207,1.8485365004305834,3.48
1,0,0.10608319158542061,-0.8916421155278252,1.9
1,0,0.10608319158542061,0.8521079128093442,1.12
1,0,1.732133254206995,0.6030007659040342,1.3
1,0,-0.9101980975530634,-0.8916421155278252,-0.44
1,0,-0.9101980975530634,-0.3934278217172051,-0.32
1,0,-0.7069418397253665,-0.3934278217172051,1.12
1,0,-0.5036855818976698,-0.6425349686225151,-1.41
1,0,0.9191082228962077,-0.144320674811895,-0.33
1,0,1.528876996379298,-0.3934278217172051,0.8
1,0,-0.7069418397253665,0.10478647209341398,-0.32
1,0,-0.30042932406997297,1.1012150597146542,0.36
1,0,0.9191082228962077,1.1012150597146542,-0.43
1,0,0.10608319158542061,0.8521079128093442,0.77
1,0,0.715851965068511,1.3503222066199632,-0.11
1,0,1.9353895120346918,1.1012150597146542,0.12
1,0,-0.30042932406997297,-1.1407492624331352,-1.14
1,0,-0.30042932406997297,0.8521079128093442,-0.53
1,0,1.528876996379298,1.5994293535252733,0.14
1,0,1.3256207385516012,-0.6425349686225151,1.47
1,0,0.5125957072408142,-0.3934278217172051,0.84
1,0,-0.30042932406997297,-0.144320674811895,-0.92
1,0,-0.5036855818976698,-1.6389635562437543,0.17
1,0,-0.30042932406997297,0.6030007659040342,1.24
1,0,-1.824851257777699,0.6030007659040342,-1.09
1,0,0.10608319158542061,0.8521079128093442,0.07
1,0,-1.316710613208457,-0.144320674811895,-0.66
1,0,-1.11345435538076,-0.6425349686225151,-0.94
1,0,0.5125957072408142,1.3503222066199632,1.27
1,0,0.9191082228962077,0.8521079128093442,1.3
1,0,-1.9264793866915473,1.3503222066199632,1.06
1,0,-0.30042932406997297,1.3503222066199632,0.88
1,0,0.3093394494131174,-0.144320674811895,1.87
1,0,-0.09717306624227619,-2.6353921438649937,-1.95
1,0,0.5125957072408142,0.35389361899872407,0.14
1,0,0.5125957072408142,0.10478647209341398,-2.02
1,0,0.715851965068511,-0.8916421155278252,0.14
1,0,-0.30042932406997297,-0.144320674811895,0.37
1,0,0.5125957072408142,1.3503222066199632,0.09
1,0,0.9191082228962077,-1.3898564093384442,-1.61
1,0,-0.5036855818976698,0.35389361899872407,-0.32
1,1,-0.5036855818976698,-1.6389635562437543,0.66
1,0,-0.09717306624227619,0.35389361899872407,-0.39
1,0,0.5125957072408142,-0.144320674811895,-1.76
1,0,0.5125957072408142,0.6030007659040342,-0.53
1,0,-0.30042932406997297,-0.144320674811895,-0.76
1,1,-1.316710613208457,0.35389361899872407,-1.06
1,0,1.3256207385516012,1.1012150597146542,1.21
1,0,0.715851965068511,-0.8916421155278252,-0.91
1,0,0.715851965068511,0.35389361899872407,-0.02
1,0,0.5125957072408142,-1.6389635562437543,0.39
1,0,-0.9101980975530634,1.1012150597146542,-0.52
1,0,0.9191082228962077,0.6030007659040342,-1.84
1,0,-0.7069418397253665,1.1012150597146542,2.39
1,0,0.5125957072408142,-2.8844992907703038,1.32
1,0,-0.09717306624227619,0.6030007659040342,-0.1
1,0,-1.5199668710361538,1.1012150597146542,-0.42
1,0,-2.5362481601746376,-1.1407492624331352,0.1
1,0,-1.11345435538076,0.10478647209341398,0.28
1,0,1.732133254206995,0.8521079128093442,-0.29
1,0,-1.11345435538076,0.8521079128093442,0.4
1,0,-1.11345435538076,0.10478647209341398,0.4
1,0,0.207711320499269,1.3503222066199632,0.49
1,0,-0.30042932406997297,-0.6425349686225151,-1.17
1,0,1.9353895120346918,-0.6425349686225151,-0.34
1,0,1.9353895120346918,0.8521079128093442,-1.08
1,0,1.9353895120346918,1.3503222066199632,0.9
1,0,0.9191082228962077,-0.6425349686225151,-0.4
1,0,-0.7069418397253665,0.6030007659040342,-0.3
1,1,0.6142238361546626,0.6030007659040342,-0.47
1,0,0.5125957072408142,1.3503222066199632,1.13
1,0,-0.9101980975530634,-0.6425349686225151,0.08
1,1,-1.5199668710361538,-1.1407492624331352,0.05
1,1,-0.6053137108115182,-0.6425349686225151,-0.83
1,0,-1.11345435538076,-0.144320674811895,-0.81
1,1,-1.316710613208457,-1.1407492624331352,-0.05
1,0,-0.5036855818976698,-1.1407492624331352,-1.79
1,0,-1.316710613208457,-0.144320674811895,-0.96
1,0,-0.7069418397253665,0.10478647209341398,0.22
1,0,-1.11345435538076,0.8521079128093442,0.5
1,0,0.10608319158542061,1.1012150597146542,1.32
1,0,-0.09717306624227619,-0.8916421155278252,0.52
1,0,-0.09717306624227619,0.8521079128093442,0.52
1,0,0.3093394494131174,0.8521079128093442,1.63
1,0,0.715851965068511,-0.8916421155278252,-1.28
1,0,2.1386457698623884,1.3503222066199632,0.0
1,0,0.10608319158542061,-0.3934278217172051,0.51
1,0,-0.30042932406997297,-0.144320674811895,0.65
1,0,0.5125957072408142,1.1012150597146542,0.68
1,0,-0.09717306624227619,-0.144320674811895,-0.02
1,0,-2.2720150249986317,-1.3898564093384442,0.49
1,1,-0.09717306624227619,-1.1407492624331352,-1.73
1,0,0.3093394494131174,0.8521079128093442,-0.44
1,0,1.732133254206995,1.8485365004305834,0.86
1,0,0.5125957072408142,-1.6389635562437543,1.02
1,0,-0.30042932406997297,0.8521079128093442,0.44
1,0,-0.09717306624227619,-1.8880707031490644,-0.01
1,0,-0.09717306624227619,-0.6425349686225151,0.76
1,0,1.732133254206995,-0.144320674811895,1.23
1,0,2.1386457698623884,0.6030007659040342,2.08
1,0,-1.824851257777699,1.1012150597146542,-0.6
1,0,0.715851965068511,-0.144320674811895,-0.17
1,0,1.1223644807239046,0.8521079128093442,0.95
1,0,-0.9101980975530634,0.10478647209341398,0.92
1,0,-0.7069418397253665,1.1012150597146542,-0.45
1,0,0.207711320499269,0.10478647209341398,1.35
1,0,-0.36140620141828145,-0.6425349686225151,-1.72
1,0,-0.30042932406997297,0.10478647209341398,-0.38
1,0,-0.5036855818976698,0.8521079128093442,-0.23
1,0,-0.5036855818976698,-0.6425349686225151,1.55
1,0,0.10608319158542061,2.097643647335892,-0.63
1,0,0.3093394494131174,1.3503222066199632,0.4
1,1,-1.316710613208457,-0.6425349686225151,0.21
1,0,-1.5199668710361538,-0.3934278217172051,-0.61
1,0,-0.09717306624227619,-0.144320674811895,0.7
1,0,0.3093394494131174,-0.144320674811895,-0.07
1,0,-0.7069418397253665,-0.6425349686225151,-0.81
1,1,0.5125957072408142,-0.144320674811895,-0.4
1,0,0.5125957072408142,0.10478647209341398,-0.73
1,0,0.8174800939823593,1.1012150597146542,1.83
1,0,0.715851965068511,0.10478647209341398,1.06
1,0,1.9353895120346918,1.1012150597146542,-1.47
1,0,0.9191082228962077,-1.6389635562437543,-0.1
1,0,-0.09717306624227619,0.10478647209341398,0.6
1,0,0.715851965068511,-0.144320674811895,0.27
1,0,0.3093394494131174,0.10478647209341398,0.17
1,0,0.10608319158542061,-0.3934278217172051,-0.94
1,0,0.10608319158542061,-1.1407492624331352,-0.17
1,0,-0.7069418397253665,-0.8916421155278252,-0.73
1,0,0.9191082228962077,0.10478647209341398,-0.75
1,0,-0.5036855818976698,0.6030007659040342,1.36
1,0,-2.4752712828263284,-1.1407492624331352,-1.89
1,0,1.1223644807239046,-0.144320674811895,0.61
1,0,-2.129735644519244,-0.3934278217172051,-0.44
1,0,0.3093394494131174,1.3503222066199632,1.4
1,0,0.9191082228962077,1.3503222066199632,-0.18
1,0,1.528876996379298,0.35389361899872407,-0.03
1,0,-1.11345435538076,-0.6425349686225151,-0.95
1,0,-0.9101980975530634,1.5994293535252733,-0.13
1,0,0.9191082228962077,-0.3934278217172051,-0.39
1,0,0.5125957072408142,1.3503222066199632,1.72
1,0,-1.0118262264669118,0.35389361899872407,0.33
1,0,0.10608319158542061,0.10478647209341398,-1.19
1,0,0.9191082228962077,-0.6425349686225151,-0.69
1,0,1.528876996379298,0.8521079128093442,0.5
1,0,-0.5036855818976698,-0.8916421155278252,0.92
1,0,0.9191082228962077,0.8521079128093442,0.7
1,0,-0.4020574529838214,-0.6425349686225151,0.08
1,0,-1.9264793866915473,-0.144320674811895,0.07
1,0,-0.09717306624227619,1.3503222066199632,0.32
1,0,0.3093394494131174,0.10478647209341398,-0.88
1,0,-1.316710613208457,0.10478647209341398,0.04
1,0,1.1223644807239046,-2.1371778500543743,0.55
1,0,0.9191082228962077,0.10478647209341398,1.86
1,0,2.1386457698623884,1.8485365004305834,1.91
1,0,-0.30042932406997297,-0.3934278217172051,2.01
1,0,-1.316710613208457,-1.1407492624331352,1.01
1,0,1.528876996379298,1.3503222066199632,1.09
1,0,1.528876996379298,-0.6425349686225151,-0.26
1,0,-0.09717306624227619,1.5994293535252733,1.84
1,0,-0.7069418397253665,-0.3934278217172051,-0.33
1,0,-2.129735644519244,-0.6425349686225151,-1.07
1,0,-1.5199668710361538,-0.6425349686225151,-0.33
1,0,-0.7069418397253665,0.10478647209341398,0.3
1,0,0.5125957072408142,0.8521079128093442,-0.1
1,0,-0.09717306624227619,-0.144320674811895,1.36
1,0,-2.2313637734330927,-1.1407492624331352,-1.29
1,0,0.3093394494131174,-0.3934278217172051,1.02
1,0,1.4272488674654498,-0.144320674811895,0.56
1,0,-0.5036855818976698,0.6030007659040342,-1.13
1,0,0.3093394494131174,-0.144320674811895,0.41
1,0,0.9191082228962077,-1.3898564093384442,0.74
1,0,0.9191082228962077,0.6030007659040342,1.23
1,0,-1.11345435538076,0.6030007659040342,0.39
1,0,-1.6215949999500021,0.6030007659040342,-0.24
1,0,0.10608319158542061,-0.6425349686225151,0.32
1,0,-0.5036855818976698,-0.144320674811895,-0.82
1,0,0.10608319158542061,0.35389361899872407,-0.36
1,0,0.9191082228962077,-0.6425349686225151,1.05
1,1,-1.6215949999500021,0.35389361899872407,-0.93
1,0,0.9191082228962077,-0.3934278217172051,-0.48
1,0,0.3093394494131174,0.6030007659040342,0.94
1,0,1.732133254206995,0.10478647209341398,0.79
1,0,-1.4183387421223053,0.10478647209341398,0.49
1,0,0.3093394494131174,0.6030007659040342,1.49
1,0,-0.9101980975530634,-0.6425349686225151,-0.59
1,0,1.1223644807239046,-0.3934278217172051,0.67
1,1,0.715851965068511,0.6030007659040342,-0.12
1,0,-1.5199668710361538,0.35389361899872407,-1.07
1,0,0.5125957072408142,-1.3898564093384442,-0.14
1,0,-0.7069418397253665,-1.8880707031490644,-0.1
1,1,1.528876996379298,0.8521079128093442,0.39
1,1,0.10608319158542061,-0.8916421155278252,-0.31
1,1,-0.30042932406997297,-1.3898564093384442,-0.31
1,0,-1.316710613208457,-0.144320674811895,-0.04
1,0,-0.7069418397253665,0.6030007659040342,-0.16
1,0,1.732133254206995,-0.144320674811895,2.61
1,0,-0.4020574529838214,-1.8880707031490644,-0.03
1,0,-0.7069418397253665,1.3503222066199632,0.28
1,0,-0.9101980975530634,-0.144320674811895,-0.24
1,0,0.5125957072408142,1.1012150597146542,0.24
1,0,-0.09717306624227619,-1.6389635562437543,-1.5
1,0,1.3256207385516012,0.35389361899872407,-0.65
1,0,1.528876996379298,0.35389361899872407,0.83
1,0,-0.8085699686392149,1.1012150597146542,0.69
1,0,1.3256207385516012,0.8521079128093442,-0.74
1,1,0.715851965068511,1.3503222066199632,0.56
1,0,-1.5199668710361538,-0.3934278217172051,-0.24
1,0,0.9191082228962077,1.3503222066199632,-0.86
1,0,0.3093394494131174,1.8485365004305834,1.06
1,0,-2.129735644519244,1.1012150597146542,0.45
1,0,0.5125957072408142,-0.6425349686225151,0.57
1,0,0.9191082228962077,1.3503222066199632,0.57
1,0,0.10608319158542061,0.10478647209341398,0.39
1,0,0.5125957072408142,0.10478647209341398,0.77
1,1,1.3256207385516012,1.8485365004305834,0.22
1,0,0.715851965068511,1.5994293535252733,0.8
1,0,0.715851965068511,1.1012150597146542,0.85
1,0,1.732133254206995,0.35389361899872407,-0.06
1,1,0.10608319158542061,-0.3934278217172051,-0.04
1,0,1.732133254206995,0.35389361899872407,0.59
1,0,-0.30042932406997297,-0.144320674811895,0.66
1,0,1.528876996379298,-0.6425349686225151,1.08
1,0,-1.5199668710361538,0.8521079128093442,0.71
1,0,0.715851965068511,0.35389361899872407,-0.27
1,0,0.10608319158542061,-0.6425349686225151,-0.22
1,0,-1.4183387421223053,-0.8916421155278252,-1.39
1,0,0.5125957072408142,1.3503222066199632,0.64
1,0,-0.4020574529838214,1.3503222066199632,-1.14
1,0,-2.7395044180023342,-0.8916421155278252,-0.31
1,0,0.5125957072408142,0.6030007659040342,-0.69
1,0,0.10608319158542061,-1.1407492624331352,0.32
1,0,-3.65415757822697,-0.144320674811895,0.16
1,0,1.9353895120346918,1.1012150597146542,-1.3
1,0,-0.4427087045493613,-0.3934278217172051,0.67
1,0,0.5125957072408142,1.5994293535252733,-0.07
1,0,-0.9101980975530634,0.6030007659040342,0.98
1,0,1.732133254206995,0.8521079128093442,0.8
1,0,-0.4020574529838214,1.5994293535252733,-0.2
1,0,0.9191082228962077,0.6030007659040342,0.51
1,0,0.3093394494131174,-1.1407492624331352,-0.32
1,0,0.715851965068511,-1.1407492624331352,0.25
1,0,0.9191082228962077,-1.1407492624331352,0.08
1,0,-1.5199668710361538,0.8521079128093442,-0.16
1,0,1.1223644807239046,0.6030007659040342,0.9
1,0,0.715851965068511,0.8521079128093442,-0.84
1,0,1.3256207385516012,0.8521079128093442,0.16
1,0,0.715851965068511,0.10478647209341398,1.21
1,0,-0.9101980975530634,-0.3934278217172051,-0.99
1,0,1.1223644807239046,0.6030007659040342,1.25
1,0,0.5125957072408142,0.35389361899872407,1.02
1,0,-0.9101980975530634,0.6030007659040342,0.3
1,0,0.9191082228962077,-0.144320674811895,1.5
1,0,-0.5036855818976698,0.35389361899872407,1.19
1,0,-1.7232231288638504,-0.6425349686225151,-0.44
1,0,-0.09717306624227619,0.35389361899872407,0.35
1,0,-0.5036855818976698,-2.1371778500543743,0.47
1,0,0.5125957072408142,-0.8916421155278252,0.21
1,0,0.715851965068511,-0.144320674811895,0.55
1,0,2.1386457698623884,-0.8916421155278252,0.69
1,0,0.5125957072408142,0.35389361899872407,-0.1
1,1,1.3256207385516012,-0.3934278217172051,0.84
1,0,0.3093394494131174,0.35389361899872407,0.56
1,0,0.10608319158542061,-0.8916421155278252,-1.73
1,0,0.715851965068511,1.5994293535252733,0.19
1,0,-0.7069418397253665,-0.3934278217172051,-0.6
1,0,-0.5036855818976698,0.35389361899872407,1.51
1,1,0.10608319158542061,0.6030007659040342,-1.09
1,0,-0.9101980975530634,1.5994293535252733,1.12
1,0,0.715851965068511,1.3503222066199632,0.14
1,0,2.1386457698623884,0.35389361899872407,0.29
1,0,-0.7069418397253665,0.10478647209341398,-0.69
1,0,-0.9101980975530634,1.1012150597146542,0.67
1,0,-0.9101980975530634,-0.6425349686225151,-0.41
1,0,-0.30042932406997297,-0.144320674811895,0.31
1,0,0.9191082228962077,-0.144320674811895,0.08
1,0,-0.5036855818976698,0.35389361899872407,-1.31
1,0,2.1386457698623884,0.35389361899872407,0.69
1,0,-0.30042932406997297,0.35389361899872407,-1.41
1,0,0.9191082228962077,1.5994293535252733,0.5
1,0,-0.30042932406997297,-0.6425349686225151,-1.11
1,0,1.3256207385516012,1.1012150597146542,0.08
1,0,0.715851965068511,0.35389361899872407,0.25
1,0,-1.316710613208457,0.10478647209341398,0.48
1,0,0.9191082228962077,1.8485365004305834,-0.69
1,0,-0.09717306624227619,0.8521079128093442,1.16
1,0,0.3093394494131174,1.1012150597146542,-0.21
1,0,0.3093394494131174,-0.144320674811895,0.94
1,0,1.9353895120346918,0.8521079128093442,-0.37
1,0,1.1223644807239046,0.10478647209341398,0.19
1,0,1.732133254206995,1.1012150597146542,1.12
1,0,0.10608319158542061,0.35389361899872407,0.09
1,0,-0.09717306624227619,1.3503222066199632,0.94
1,0,0.004455062671572207,1.3503222066199632,0.92
1,0,0.9191082228962077,-0.6425349686225151,1.19
1,0,0.5125957072408142,-0.144320674811895,-1.16
1,0,0.5125957072408142,-1.3898564093384442,1.49
1,0,-1.11345435538076,-0.3934278217172051,0.74
1,0,-0.7069418397253665,-1.3898564093384442,0.72
1,0,-0.5036855818976698,-0.8916421155278252,-0.05
1,0,0.10608319158542061,0.8521079128093442,0.39
1,1,-1.316710613208457,0.10478647209341398,-1.18
1,0,1.9353895120346918,0.8521079128093442,-0.25
1,0,1.1223644807239046,-1.8880707031490644,-0.2
1,0,-0.5036855818976698,-0.3934278217172051,-0.72
1,0,0.3093394494131174,1.5994293535252733,1.41
1,0,-0.09717306624227619,-0.8916421155278252,0.59
1,0,-1.0118262264669118,-0.6425349686225151,1.49
1,0,-0.30042932406997297,-0.144320674811895,-0.47
1,1,-1.4183387421223053,0.10478647209341398,0.16
1,0,-0.9101980975530634,0.10478647209341398,0.2
1,0,0.3093394494131174,0.6030007659040342,1.1
1,0,1.528876996379298,-0.6425349686225151,0.57
1,0,1.3256207385516012,0.8521079128093442,0.41
1,0,1.9353895120346918,1.1012150597146542,1.73
1,0,0.5125957072408142,0.10478647209341398,0.55
1,0,-0.4020574529838214,-0.144320674811895,1.87
1,0,-2.129735644519244,1.8485365004305834,0.39
1,0,-0.30042932406997297,-1.6389635562437543,-0.72
1,0,-1.5199668710361538,0.6030007659040342,-1.32
1,0,-0.19880119515612457,0.6030007659040342,0.45
1,0,-0.9101980975530634,0.8521079128093442,-0.81
1,0,0.715851965068511,0.10478647209341398,-0.86
1,0,-0.09717306624227619,-1.6389635562437543,0.15
1,0,-0.7069418397253665,-0.6425349686225151,0.07
1,0,-0.30042932406997297,0.10478647209341398,-1.09
1,1,-1.7232231288638504,-0.8916421155278252,-0.56
1,0,0.9191082228962077,0.35389361899872407,0.46
1,0,-0.7069418397253665,-0.144320674811895,1.09
1,0,0.3093394494131174,-0.6425349686225151,-1.7
1,0,0.3093394494131174,-1.8880707031490644,2.22
1,0,-0.8085699686392149,-0.8916421155278252,0.38
1,0,0.9191082228962077,0.10478647209341398,0.51
1,0,1.9353895120346918,0.8521079128093442,-0.56
1,0,1.528876996379298,0.6030007659040342,0.53
1,0,-0.8085699686392149,-0.144320674811895,-0.08
1,0,-0.9101980975530634,0.35389361899872407,-0.49
1,0,-0.7069418397253665,-1.6389635562437543,0.71
1,0,-1.6215949999500021,-0.144320674811895,-1.28
1,0,2.1386457698623884,0.35389361899872407,0.4
1,0,0.5125957072408142,0.35389361899872407,0.16
1,0,-0.5036855818976698,-0.6425349686225151,0.15
1,0,-0.30042932406997297,-0.144320674811895,-0.85
1,0,1.1223644807239046,1.1012150597146542,0.61
1,0,-1.11345435538076,-0.3934278217172051,-0.13
1,0,0.9191082228962077,0.8521079128093442,1.94
1,0,0.004455062671572207,0.35389361899872407,1.68
1,0,0.715851965068511,-0.3934278217172051,0.67
1,0,0.10608319158542061,1.1012150597146542,1.23
1,0,0.3093394494131174,0.6030007659040342,-1.22
1,0,0.9191082228962077,0.8521079128093442,0.87
1,0,0.9191082228962077,0.6030007659040342,-0.84
1,0,0.9191082228962077,1.5994293535252733,0.39
1,0,-1.11345435538076,0.6030007659040342,0.68
1,0,0.715851965068511,0.6030007659040342,0.46
1,0,-1.316710613208457,-1.1407492624331352,0.97
1,0,-0.09717306624227619,0.10478647209341398,-0.2
1,0,-1.5199668710361538,0.10478647209341398,1.33
1,0,0.715851965068511,1.1012150597146542,0.44
1,0,-0.7069418397253665,0.6030007659040342,0.47
1,0,-0.5036855818976698,-0.3934278217172051,-0.12
1,0,-0.5036855818976698,0.6030007659040342,0.64
1,0,-0.30042932406997297,-1.8880707031490644,-0.59
1,0,-0.30042932406997297,0.6030007659040342,-1.12
1,0,-0.9101980975530634,1.8485365004305834,1.69
1,0,-0.30042932406997297,0.6030007659040342,-1.03
1,0,0.10608319158542061,0.8521079128093442,1.6
1,0,0.9191082228962077,1.5994293535252733,-1.21
1,0,0.715851965068511,-1.1407492624331352,1.7
1,0,0.10608319158542061,-1.6389635562437543,-0.98
1,0,0.10608319158542061,1.1012150597146542,0.35
1,0,1.528876996379298,-0.144320674811895,0.99
1,0,-0.30042932406997297,-0.8916421155278252,1.59
1,0,0.10608319158542061,1.3503222066199632,1.69
1,0,1.1223644807239046,-0.144320674811895,1.4
1,0,-0.30042932406997297,-0.6425349686225151,1.67
1,1,-0.30042932406997297,0.35389361899872407,-0.99
1,0,0.9191082228962077,0.6030007659040342,-0.11
1,1,0.715851965068511,1.1012150597146542,1.06
1,0,-0.09717306624227619,0.35389361899872407,0.12
1,0,0.5125957072408142,0.10478647209341398,0.99
1,0,0.3093394494131174,0.8521079128093442,-0.69
1,0,0.5125957072408142,-1.1407492624331352,0.09
1,0,0.5125957072408142,1.3503222066199632,0.4
1,0,-0.7069418397253665,-1.3898564093384442,1.19
1,0,0.5125957072408142,1.5994293535252733,0.94
1,0,1.3256207385516012,0.10478647209341398,0.34
1,0,-0.9101980975530634,0.10478647209341398,0.69
1,0,0.3093394494131174,0.35389361899872407,-1.28
1,0,-1.11345435538076,-0.3934278217172051,-0.21
1,0,0.715851965068511,0.6030007659040342,-0.17
1,0,-0.7069418397253665,0.10478647209341398,-0.33
1,0,-0.4020574529838214,-1.1407492624331352,1.78
1,0,-1.316710613208457,-1.3898564093384442,0.12
1,0,-1.11345435538076,-0.6425349686225151,-1.26
1,0,-0.09717306624227619,1.8485365004305834,1.15
1,0,0.3093394494131174,-0.144320674811895,-0.18
1,0,-1.11345435538076,-0.144320674811895,-0.95
1,0,1.1223644807239046,1.3503222066199632,-0.63
1,0,0.715851965068511,0.6030007659040342,1.11
1,0,-0.09717306624227619,0.10478647209341398,-0.1
1,0,0.715851965068511,1.1012150597146542,-1.21
1,0,0.10608319158542061,1.5994293535252733,0.15
1,0,0.5125957072408142,-0.3934278217172051,1.0
1,0,-0.30042932406997297,-0.6425349686225151,1.22
1,0,-0.7069418397253665,-2.3862849969596844,1.2
1,0,1.528876996379298,0.6030007659040342,0.34
1,0,0.715851965068511,0.35389361899872407,0.21
1,0,-0.30042932406997297,-0.6425349686225151,-0.56
1,1,-0.30042932406997297,-0.144320674811895,-0.51
1,0,-1.4183387421223053,-0.8916421155278252,-1.18
1,0,-0.09717306624227619,-1.6389635562437543,0.65
1,0,-1.824851257777699,0.35389361899872407,-0.61
1,0,-0.9101980975530634,-1.1407492624331352,-1.1
1,0,0.004455062671572207,0.10478647209341398,0.52
1,0,0.3093394494131174,0.35389361899872407,0.26
1,0,-1.11345435538076,-2.1371778500543743,-0.8
1,0,-0.5036855818976698,1.1012150597146542,0.74
1,0,-1.11345435538076,0.6030007659040342,1.39
1,0,0.5125957072408142,0.10478647209341398,-0.95
1,0,1.528876996379298,-1.1407492624331352,-0.4
1,0,0.5125957072408142,1.3503222066199632,-0.6
1,0,-1.7232231288638504,0.6030007659040342,1.16
1,0,0.10608319158542061,-2.6353921438649937,-0.94
1,0,0.9191082228962077,0.8521079128093442,0.77
1,0,-0.09717306624227619,1.3503222066199632,0.92
1,0,0.10608319158542061,0.10478647209341398,-0.54
1,0,0.715851965068511,0.8521079128093442,0.66
1,0,0.9191082228962077,1.3503222066199632,1.56
1,0,0.9191082228962077,0.10478647209341398,0.74
1,0,-0.5036855818976698,1.1012150597146542,-0.64
1,0,0.5125957072408142,-1.1407492624331352,-0.2
1,0,0.5125957072408142,0.8521079128093442,0.35
1,0,-1.9264793866915473,-0.6425349686225151,0.5
1,0,-0.09717306624227619,-0.6425349686225151,-1.31
1,0,1.3256207385516012,0.6030007659040342,-0.35
1,0,-0.5036855818976698,-1.1407492624331352,-0.71
1,0,-0.9101980975530634,-1.1407492624331352,0.68
1,0,0.715851965068511,-0.8916421155278252,0.32
1,0,0.9191082228962077,0.6030007659040342,-0.24
1,0,1.1223644807239046,1.1012150597146542,-0.25
1,0,1.528876996379298,-0.8916421155278252,0.42
1,0,0.10608319158542061,-0.3934278217172051,1.19
1,0,0.9191082228962077,0.10478647209341398,-0.01
1,0,0.10608319158542061,-0.144320674811895,-0.59
1,0,-1.11345435538076,0.8521079128093442,-0.41
1,0,1.1223644807239046,-1.3898564093384442,-0.46
1,0,-0.09717306624227619,-0.144320674811895,-0.79
1,0,1.528876996379298,0.35389361899872407,-0.62
1,0,0.9191082228962077,-0.3934278217172051,-0.13
1,0,-0.09717306624227619,0.10478647209341398,0.84
1,0,-0.7069418397253665,-0.144320674811895,-0.96
1,0,0.10608319158542061,-1.1407492624331352,-1.81
1,0,-0.8085699686392149,1.3503222066199632,-0.12
1,0,-1.7232231288638504,-0.3934278217172051,-0.54
1,0,-0.09717306624227619,1.3503222066199632,0.85
1,0,-0.30042932406997297,1.1012150597146542,0.24
1,0,-1.7232231288638504,-1.8880707031490644,-0.75
1,0,-0.30042932406997297,-0.3934278217172051,-0.61
1,0,0.9191082228962077,1.1012150597146542,0.86
1,0,-1.11345435538076,-0.6425349686225151,0.56
1,0,-0.09717306624227619,0.8521079128093442,0.98
1,0,-1.9264793866915473,-0.3934278217172051,-0.21
1,0,1.1223644807239046,0.6030007659040342,0.93
1,0,0.9191082228962077,-0.8916421155278252,0.42
1,0,0.715851965068511,1.8485365004305834,2.08
1,0,1.9353895120346918,0.8521079128093442,-1.1
1,0,0.9191082228962077,1.1012150597146542,1.22
1,0,-0.9101980975530634,-1.8880707031490644,-1.26
1,0,-1.11345435538076,-0.6425349686225151,-0.45
1,0,0.10608319158542061,0.10478647209341398,-0.5
1,0,-0.5036855818976698,0.10478647209341398,-0.57
1,0,-2.129735644519244,-2.6353921438649937,-1.81
1,0,-1.11345435538076,0.6030007659040342,0.47
1,0,0.4109675783269658,-0.144320674811895,0.03
1,0,0.715851965068511,-0.144320674811895,-1.21
1,0,0.715851965068511,1.1012150597146542,1.09
1,0,0.9191082228962077,0.6030007659040342,1.85
1,0,-0.7069418397253665,-0.8916421155278252,-1.29
1,0,0.10608319158542061,0.10478647209341398,-0.66
1,0,1.3256207385516012,-1.3898564093384442,-0.64
1,0,1.3256207385516012,-0.144320674811895,-0.24
1,0,0.3093394494131174,-1.1407492624331352,0.52
1,0,1.732133254206995,1.1012150597146542,1.23
1,0,-1.316710613208457,-0.3934278217172051,-0.75
1,0,0.715851965068511,-0.8916421155278252,-0.37
1,0,-0.9711749749013718,0.35389361899872407,-1.0
1,0,0.9191082228962077,-0.6425349686225151,-1.22
1,0,-1.0118262264669118,-1.3898564093384442,1.02
1,0,-0.30042932406997297,0.35389361899872407,0.32
1,0,0.5125957072408142,-0.144320674811895,2.22
1,0,-0.5036855818976698,-1.3898564093384442,1.13
1,0,1.1223644807239046,0.6030007659040342,0.64
1,0,-0.09717306624227619,1.3503222066199632,0.62
1,0,0.10608319158542061,-1.6389635562437543,0.05
1,0,0.5125957072408142,1.1012150597146542,-1.06
1,0,-0.7069418397253665,0.10478647209341398,-1.34
1,0,1.732133254206995,0.8521079128093442,0.66
1,0,-1.7232231288638504,-0.3934278217172051,1.06
1,0,-0.7069418397253665,0.6030007659040342,0.51
1,0,-0.9711749749013718,-0.3934278217172051,0.1
1,0,-0.9101980975530634,1.3503222066199632,-0.55
1,0,0.5125957072408142,-1.8880707031490644,0.28
1,0,-0.09717306624227619,-0.144320674811895,0.68
1,0,0.715851965068511,-2.3862849969596844,-1.88
1,0,-0.8085699686392149,0.10478647209341398,-0.1
1,0,0.10608319158542061,1.5994293535252733,-0.24
1,1,2.1386457698623884,0.10478647209341398,0.85
1,0,-0.09717306624227619,-0.144320674811895,-0.59
1,0,1.223992609637753,1.3503222066199632,-0.69
1,0,1.1223644807239046,-1.6389635562437543,1.17
1,0,0.10608319158542061,0.10478647209341398,0.57
1,1,-1.824851257777699,-2.1371778500543743,-0.84
1,0,1.1223644807239046,-0.6425349686225151,0.12
1,0,-0.9101980975530634,-1.1407492624331352,-0.89
1,0,0.5125957072408142,0.6030007659040342,0.93
1,0,0.715851965068511,-1.8880707031490644,1.11
1,0,-0.9101980975530634,-0.8916421155278252,1.62
1,0,0.715851965068511,-0.6425349686225151,0.22
1,0,1.1223644807239046,1.1012150597146542,-0.85
1,0,-0.5036855818976698,-0.6425349686225151,0.71
1,0,-1.4183387421223053,-1.6389635562437543,0.54
1,0,-1.11345435538076,0.6030007659040342,-0.34
1,0,-0.30042932406997297,-1.1407492624331352,0.0
1,0,0.5125957072408142,-0.3934278217172051,-0.36
1,0,-0.5036855818976698,-2.6353921438649937,-0.42
1,0,-2.0281075156053956,-0.6425349686225151,-1.34
1,0,0.5125957072408142,1.3503222066199632,0.89
1,0,1.528876996379298,0.6030007659040342,0.84
1,0,1.1223644807239046,1.3503222066199632,1.14
1,0,1.1223644807239046,1.1012150597146542,1.47
1,0,0.9191082228962077,0.35389361899872407,-0.5
1,0,0.715851965068511,-0.6425349686225151,0.08
1,0,-1.7232231288638504,-1.6389635562437543,-0.08
1,0,-1.316710613208457,-1.1407492624331352,-1.31
1,1,-2.4346200312607893,0.35389361899872407,-0.76
1,0,0.10608319158542061,0.35389361899872407,-0.35
1,0,-1.316710613208457,-1.6389635562437543,1.73
1,0,-0.30042932406997297,-0.8916421155278252,0.59
1,0,0.5125957072408142,0.10478647209341398,-1.28
1,0,-0.5036855818976698,0.10478647209341398,-0.04
1,0,1.1223644807239046,0.6030007659040342,0.66
1,0,0.9191082228962077,0.8521079128093442,0.32
1,0,0.5125957072408142,-0.144320674811895,-1.03
1,0,0.715851965068511,-2.1371778500543743,-1.41
1,0,0.715851965068511,0.35389361899872407,2.17
1,0,-0.5036855818976698,1.8485365004305834,0.09
1,0,-0.30042932406997297,-1.1407492624331352,0.97
1,0,0.9191082228962077,1.1012150597146542,-0.34
1,0,-0.09717306624227619,-0.6425349686225151,0.39
1,0,-1.0118262264669118,-0.144320674811895,0.76
1,0,1.528876996379298,0.6030007659040342,0.56
1,0,-0.5036855818976698,0.35389361899872407,-0.47
1,0,-0.30042932406997297,-0.8916421155278252,-0.74
1,0,0.3093394494131174,-0.144320674811895,0.01
1,0,0.5125957072408142,-1.1407492624331352,0.59
1,0,0.715851965068511,1.5994293535252733,1.94
1,0,0.715851965068511,1.1012150597146542,0.06
1,0,0.9191082228962077,0.10478647209341398,0.28
1,0,-1.11345435538076,0.6030007659040342,-0.58
1,1,-2.637876289088486,-1.8880707031490644,-0.37
1,0,-0.4020574529838214,0.10478647209341398,0.08
1,0,-1.11345435538076,-0.8916421155278252,1.1
1,0,1.528876996379298,-0.8916421155278252,1.3
1,0,-0.5036855818976698,1.5994293535252733,-0.59
1,0,-0.9101980975530634,0.10478647209341398,0.25
1,0,-0.30042932406997297,-0.8916421155278252,-0.12
1,0,-0.30042932406997297,0.8521079128093442,1.18
1,0,-0.5036855818976698,-0.6425349686225151,0.38
1,0,-0.7069418397253665,0.6030007659040342,0.5
1,0,1.1223644807239046,1.1012150597146542,-0.2
1,0,1.3256207385516012,1.1012150597146542,-0.03
1,0,-1.11345435538076,-0.8916421155278252,-0.47
1,0,-1.316710613208457,-0.6425349686225151,-0.85
1,0,-0.5036855818976698,0.35389361899872407,-1.27
1,0,-1.5199668710361538,-0.144320674811895,0.48
1,0,-1.0118262264669118,-0.3934278217172051,0.16
1,0,0.9191082228962077,1.5994293535252733,0.82
1,0,0.9191082228962077,-0.8916421155278252,0.68
1,0,0.3093394494131174,-1.8880707031490644,0.88
1,0,0.715851965068511,0.6030007659040342,0.26
1,0,-0.09717306624227619,1.1012150597146542,-0.18
1,0,-0.09717306624227619,-0.144320674811895,-0.12
1,0,0.5125957072408142,-1.6389635562437543,0.83
1,1,1.528876996379298,-0.6425349686225151,0.02
1,1,0.10608319158542061,0.10478647209341398,-0.16
1,0,1.528876996379298,1.3503222066199632,-0.89
1,0,1.1223644807239046,1.5994293535252733,-0.07
1,0,-1.11345435538076,-0.6425349686225151,0.2
1,0,0.10608319158542061,0.8521079128093442,0.48
1,0,0.5125957072408142,-1.1407492624331352,-0.4
1,0,0.9191082228962077,0.6030007659040342,-1.17
1,0,-0.09717306624227619,-0.144320674811895,-0.27
1,1,-0.6053137108115182,1.3503222066199632,-0.67
1,0,-1.5199668710361538,-0.144320674811895,-0.05
1,0,-0.9101980975530634,-0.3934278217172051,1.08
1,0,0.715851965068511,0.35389361899872407,0.18
1,0,0.9191082228962077,1.8485365004305834,0.37
1,0,-1.5199668710361538,0.10478647209341398,0.01
1,0,-0.5036855818976698,-1.3898564093384442,-0.58
1,0,0.10608319158542061,-0.8916421155278252,-0.4
1,0,1.3256207385516012,0.8521079128093442,-0.12
1,0,0.5125957072408142,1.5994293535252733,1.02
1,0,-0.30042932406997297,-0.144320674811895,-0.12
1,0,-0.5036855818976698,0.8521079128093442,0.43
1,0,1.9353895120346918,-1.8880707031490644,0.44
1,0,-0.9101980975530634,-0.3934278217172051,1.36
1,0,0.9191082228962077,0.10478647209341398,0.05
1,0,-0.9101980975530634,0.35389361899872407,-0.04
1,0,-0.09717306624227619,1.1012150597146542,-1.35
1,0,-0.09717306624227619,0.10478647209341398,0.32
1,0,0.3093394494131174,-2.1371778500543743,0.51
1,0,-0.09717306624227619,1.1012150597146542,0.67
1,0,-0.5036855818976698,-1.6389635562437543,1.07
1,0,-1.2150824842946086,1.1012150597146542,0.08
1,0,0.207711320499269,0.6030007659040342,0.21
1,0,1.732133254206995,-1.1407492624331352,0.09
1,0,1.732133254206995,0.8521079128093442,0.51
1,0,0.3093394494131174,-0.6425349686225151,0.84
1,0,-1.316710613208457,0.6030007659040342,-0.18
1,0,-1.316710613208457,-1.1407492624331352,2.05
1,0,-1.11345435538076,-0.8916421155278252,-0.63
1,0,0.9191082228962077,-1.3898564093384442,-0.51
1,0,0.9191082228962077,1.5994293535252733,1.47
1,0,-0.7069418397253665,0.6030007659040342,0.08
1,0,0.715851965068511,-0.3934278217172051,0.33
1,0,1.1223644807239046,0.8521079128093442,0.38
1,0,0.10608319158542061,0.10478647209341398,1.17
1,0,-1.2150824842946086,0.6030007659040342,1.1
1,0,0.10608319158542061,-2.1371778500543743,0.81
1,0,0.715851965068511,0.8521079128093442,-0.06
1,0,-0.5036855818976698,-0.144320674811895,-0.36
1,0,0.9191082228962077,1.5994293535252733,0.54
1,0,0.5125957072408142,0.35389361899872407,-0.29
1,0,0.10608319158542061,0.35389361899872407,-1.51
1,0,0.715851965068511,-0.3934278217172051,1.66
1,0,-0.4020574529838214,-2.8844992907703038,-0.32
1,0,-1.316710613208457,1.1012150597146542,-0.36
1,0,-0.09717306624227619,-0.144320674811895,-0.65
1,0,0.5125957072408142,1.5994293535252733,-0.02
1,0,1.732133254206995,-0.3934278217172051,1.92
1,0,0.3093394494131174,0.10478647209341398,0.42
1,0,-0.7069418397253665,0.35389361899872407,0.41
1,0,-0.30042932406997297,1.1012150597146542,-0.34
1,0,0.715851965068511,0.10478647209341398,-0.67
1,0,1.9353895120346918,1.1012150597146542,1.07
1,0,0.3093394494131174,0.35389361899872407,1.61
1,0,-0.9101980975530634,-0.3934278217172051,0.61
1,0,-0.03619618889396773,1.1012150597146542,-1.04
1,0,-0.9101980975530634,0.6030007659040342,1.02
1,0,-0.5036855818976698,-0.6425349686225151,-0.23
1,0,-1.11345435538076,-2.1371778500543743,0.39
1,0,0.10608319158542061,-0.6425349686225151,0.48
1,0,0.3093394494131174,-1.1407492624331352,-0.31
1,0,0.715851965068511,0.8521079128093442,1.06
1,0,-0.09717306624227619,-1.6389635562437543,-0.25
1,0,0.5125957072408142,-0.8916421155278252,-0.49
1,0,0.9191082228962077,0.8521079128093442,1.31
1,0,-1.4183387421223053,0.6030007659040342,0.79
1,0,1.3256207385516012,0.35389361899872407,-0.4
1,0,0.5125957072408142,-2.3862849969596844,0.59
1,0,1.9353895120346918,1.1012150597146542,-0.03
1,0,2.1386457698623884,0.8521079128093442,0.78
1,0,-2.190712521867553,-0.6425349686225151,1.82
1,0,-0.09717306624227619,-0.6425349686225151,-1.21
1,0,0.5125957072408142,0.8521079128093442,0.55
1,0,-1.316710613208457,0.35389361899872407,0.05
1,0,-0.30042932406997297,1.1012150597146542,1.66
1,0,-2.597225037522947,0.35389361899872407,-1.17
1,0,-0.9101980975530634,0.35389361899872407,0.03
1,0,-0.5036855818976698,1.5994293535252733,-0.29
1,0,0.10608319158542061,-1.1407492624331352,-0.37
1,0,-0.7069418397253665,0.35389361899872407,0.8
1,0,1.1223644807239046,0.6030007659040342,0.06
1,0,0.3093394494131174,0.6030007659040342,1.07
1,0,-0.30042932406997297,1.5994293535252733,0.88
1,0,-0.7069418397253665,-0.144320674811895,0.18
1,0,-1.11345435538076,0.8521079128093442,0.64
1,0,-1.7232231288638504,-0.8916421155278252,0.46
1,0,1.1223644807239046,-2.6353921438649937,1.62
1,0,-0.30042932406997297,1.1012150597146542,-0.64
1,0,0.5125957072408142,0.8521079128093442,1.01
1,0,-1.11345435538076,-0.6425349686225151,-0.37
1,0,-0.30042932406997297,-0.6425349686225151,-0.62
1,0,0.5125957072408142,0.6030007659040342,-1.41
1,0,-1.316710613208457,-0.144320674811895,-1.18
1,0,0.9191082228962077,-0.6425349686225151,-0.42
1,0,-0.5036855818976698,0.6030007659040342,-0.12
1,0,-1.4183387421223053,0.8521079128093442,0.87
1,0,0.5125957072408142,0.35389361899872407,-0.18
1,0,0.3093394494131174,0.8521079128093442,0.75
1,0,-0.7069418397253665,0.10478647209341398,0.26
1,0,1.528876996379298,0.35389361899872407,1.37
1,0,0.5125957072408142,0.35389361899872407,0.17
1,0,-1.5199668710361538,0.35389361899872407,-2.02
1,0,-0.09717306624227619,0.6030007659040342,0.23
1,0,0.9191082228962077,-0.6425349686225151,0.96
1,0,-1.2557337358601477,0.10478647209341398,-0.73
1,1,-0.4020574529838214,-0.3934278217172051,-0.57
1,0,-0.7069418397253665,0.8521079128093442,0.61
1,0,-1.5199668710361538,1.1012150597146542,-1.17
1,0,0.5125957072408142,1.1012150597146542,-0.43
1,0,-0.09717306624227619,0.35389361899872407,-0.03
1,0,0.3093394494131174,1.5994293535252733,-0.11
1,0,0.3093394494131174,-1.1407492624331352,0.06
1,0,1.3256207385516012,1.3503222066199632,1.6
1,0,-0.09717306624227619,1.3503222066199632,1.78
1,0,-0.7069418397253665,0.10478647209341398,0.68
1,0,0.5125957072408142,0.10478647209341398,0.24
1,0,0.9191082228962077,-1.1407492624331352,-0.89
1,0,0.5125957072408142,0.35389361899872407,-1.11
1,0,0.3093394494131174,1.3503222066199632,0.08
1,0,-0.9101980975530634,1.1012150597146542,0.62
1,0,-1.4183387421223053,-1.3898564093384442,0.39
1,0,-0.9101980975530634,-0.8916421155278252,0.19
1,0,-1.7232231288638504,0.10478647209341398,-0.44
1,0,-0.30042932406997297,1.1012150597146542,-0.15
1,0,0.715851965068511,-0.8916421155278252,0.3
1,0,1.3256207385516012,-0.8916421155278252,-0.64
1,0,0.9191082228962077,-0.8916421155278252,-1.33
1,0,-0.09717306624227619,-2.1371778500543743,-0.51
1,0,-3.0037375531783406,0.8521079128093442,-1.28
1,0,1.528876996379298,0.8521079128093442,0.21
1,0,1.1223644807239046,0.6030007659040342,0.67
1,1,-0.767918717073675,-0.3934278217172051,-0.55
1,0,-0.09717306624227619,-0.6425349686225151,1.72
1,0,-0.7069418397253665,1.1012150597146542,0.93
1,0,0.3093394494131174,1.3503222066199632,1.25
1,0,-0.09717306624227619,0.8521079128093442,0.62
1,0,1.528876996379298,0.8521079128093442,0.26
1,0,0.715851965068511,-0.6425349686225151,0.82
1,0,1.528876996379298,-0.144320674811895,0.78
1,0,0.5125957072408142,0.10478647209341398,-0.99
1,0,-0.09717306624227619,0.35389361899872407,0.48
1,0,0.10608319158542061,-1.8880707031490644,-1.12
1,0,0.5125957072408142,-0.6425349686225151,2.24
1,0,0.715851965068511,0.6030007659040342,-0.17
1,0,0.5125957072408142,-1.3898564093384442,0.37
1,0,0.3093394494131174,0.8521079128093442,-0.98
1,0,0.5125957072408142,0.35389361899872407,1.34
1,0,1.1223644807239046,0.6030007659040342,0.61
1,0,-1.5199668710361538,-1.3898564093384442,-0.12
1,0,-0.5036855818976698,-0.3934278217172051,0.15
1,0,0.5125957072408142,1.1012150597146542,0.77
1,0,1.1223644807239046,0.35389361899872407,1.0
1,0,0.10608319158542061,1.3503222066199632,1.65
1,0,0.3093394494131174,-1.1407492624331352,1.42
1,0,-0.5036855818976698,-0.3934278217172051,0.31
1,0,1.9353895120346918,1.1012150597146542,1.16
1,0,1.528876996379298,0.35389361899872407,0.55
1,0,-1.5199668710361538,1.5994293535252733,-0.15
1,0,-0.8085699686392149,-0.3934278217172051,-0.76
1,0,-0.30042932406997297,0.10478647209341398,1.04
1,0,0.9191082228962077,1.8485365004305834,1.7
1,0,-0.19880119515612457,-0.3934278217172051,-1.39
1,0,-1.5199668710361538,-0.144320674811895,0.71
1,0,0.715851965068511,1.3503222066199632,-0.91
1,0,0.9191082228962077,-0.8916421155278252,0.17
1,0,-0.09717306624227619,0.35389361899872407,0.64
1,0,0.9191082228962077,-1.1407492624331352,-0.56
1,0,-0.5036855818976698,-0.144320674811895,0.43
1,0,-0.5036855818976698,-0.6425349686225151,-0.62
1,0,1.3256207385516012,-1.1407492624331352,-1.07
1,0,1.732133254206995,0.35389361899872407,0.73
1,0,-1.316710613208457,0.6030007659040342,0.3
1,0,-0.9101980975530634,-0.8916421155278252,0.95
1,0,-0.30042932406997297,-2.3862849969596844,0.77
1,0,-0.30042932406997297,0.35389361899872407,-1.03
1,0,2.1386457698623884,1.5994293535252733,1.92
1,0,-2.7395044180023342,-1.6389635562437543,-0.42
1,0,1.1223644807239046,-1.3898564093384442,-1.02
1,0,0.3093394494131174,0.10478647209341398,0.53
1,0,0.3093394494131174,0.10478647209341398,1.16
1,0,-0.30042932406997297,-1.1407492624331352,0.0
1,0,1.9353895120346918,1.1012150597146542,-0.5
1,0,0.10608319158542061,0.6030007659040342,0.42
1,0,-1.2150824842946086,-0.6425349686225151,-0.44
1,0,0.715851965068511,0.8521079128093442,1.11
1,0,-0.09717306624227619,0.35389361899872407,-0.09
1,0,0.10608319158542061,0.35389361899872407,-0.47
1,0,-1.5199668710361538,-0.3934278217172051,-0.31
1,0,1.3256207385516012,0.10478647209341398,0.86
1,0,0.3093394494131174,-1.1407492624331352,0.1
1,0,-0.30042932406997297,-1.1407492624331352,-0.36
1,0,-1.2150824842946086,-0.144320674811895,0.17
1,0,0.10608319158542061,1.1012150597146542,-0.19
1,0,0.3093394494131174,0.6030007659040342,0.06
1,0,-1.11345435538076,-0.6425349686225151,0.96
1,0,-1.11345435538076,-0.3934278217172051,-1.45
1,0,-1.9264793866915473,0.8521079128093442,-0.84
1,0,-0.5036855818976698,0.10478647209341398,-0.73
1,0,0.9191082228962077,0.10478647209341398,-0.44
1,0,0.715851965068511,1.1012150597146542,0.32
1,0,0.5125957072408142,0.10478647209341398,-0.74
1,0,0.3093394494131174,0.8521079128093442,1.61
1,0,1.528876996379298,0.35389361899872407,-0.3
1,0,1.732133254206995,-0.8916421155278252,-1.36
1,0,0.9191082228962077,-0.3934278217172051,1.4
1,0,1.3256207385516012,0.8521079128093442,-0.56
1,0,-1.0118262264669118,-0.3934278217172051,-2.06
1,1,-1.316710613208457,-2.3862849969596844,-0.62
1,0,-1.7232231288638504,-1.3898564093384442,-0.24
1,0,0.9191082228962077,1.1012150597146542,0.48
1,0,-0.7069418397253665,-0.8916421155278252,-0.36
1,0,-0.09717306624227619,0.35389361899872407,0.63
1,0,-0.5036855818976698,-0.6425349686225151,0.1
1,0,-0.5036855818976698,0.6030007659040342,-0.9
1,0,-0.5036855818976698,-0.144320674811895,-1.04
1,0,0.9191082228962077,0.35389361899872407,-0.25
1,0,-1.11345435538076,1.3503222066199632,1.25
1,0,0.9191082228962077,-0.8916421155278252,0.26
1,0,0.715851965068511,0.35389361899872407,-2.4
1,0,0.10608319158542061,-1.3898564093384442,0.0
1,0,-1.6215949999500021,0.6030007659040342,-0.21
1,0,-0.5036855818976698,-0.3934278217172051,0.6
1,0,-0.09717306624227619,1.5994293535252733,-1.38
1,0,-0.5036855818976698,-0.6425349686225151,0.52
1,0,0.5125957072408142,-1.3898564093384442,-0.24
1,0,0.10608319158542061,1.3503222066199632,0.26
1,0,-0.30042932406997297,-0.144320674811895,-0.23
1,0,-1.824851257777699,-0.144320674811895,-0.34
1,0,-0.5036855818976698,-1.3898564093384442,-0.02
1,0,-0.09717306624227619,-0.8916421155278252,-0.75
1,0,-0.30042932406997297,1.1012150597146542,-0.05
1,0,-0.09717306624227619,-1.8880707031490644,-0.37
1,0,1.732133254206995,1.1012150597146542,1.86
1,0,-1.7232231288638504,0.6030007659040342,0.53
1,0,0.10608319158542061,-0.3934278217172051,0.65
1,0,-0.6053137108115182,-0.3934278217172051,-1.83
1,0,1.1223644807239046,-0.6425349686225151,-1.38
1,0,-0.30042932406997297,0.8521079128093442,-0.73
1,0,0.10608319158542061,1.5994293535252733,0.14
1,0,0.10608319158542061,-1.1407492624331352,-1.33
1,0,0.715851965068511,-0.144320674811895,-1.17
1,0,0.5125957072408142,0.10478647209341398,1.62
1,0,-0.30042932406997297,-0.144320674811895,1.08
1,0,-1.7232231288638504,1.1012150597146542,-0.43
1,0,-0.30042932406997297,-0.3934278217172051,1.89
1,0,-0.09717306624227619,-0.3934278217172051,-1.46
1,0,0.5125957072408142,-0.8916421155278252,0.03
1,0,-0.6053137108115182,-0.3934278217172051,-1.21
1,0,0.10608319158542061,1.1012150597146542,0.53
1,0,0.5125957072408142,1.3503222066199632,-0.18
1,0,-1.11345435538076,0.35389361899872407,0.2
1,0,-0.5036855818976698,-0.144320674811895,1.37
1,0,0.715851965068511,-1.8880707031490644,1.15
1,0,0.9191082228962077,0.10478647209341398,0.25
1,0,-0.30042932406997297,-2.3862849969596844,0.18
1,0,0.5125957072408142,-0.6425349686225151,1.84
1,0,-0.30042932406997297,1.1012150597146542,0.91
1,0,-0.7069418397253665,-1.6389635562437543,-0.17
1,0,0.5125957072408142,-1.3898564093384442,0.34
1,0,0.3093394494131174,1.1012150597146542,0.27
1,0,2.1386457698623884,0.8521079128093442,0.08
1,0,2.1386457698623884,1.1012150597146542,1.26
1,0,-1.316710613208457,-0.6425349686225151,0.33
1,0,0.9191082228962077,-0.144320674811895,-0.28
1,0,1.528876996379298,1.5994293535252733,-0.84
1,0,0.9191082228962077,-1.3898564093384442,1.77
1,0,-1.5199668710361538,-0.144320674811895,0.19
1,0,0.5125957072408142,0.6030007659040342,0.65
1,0,0.715851965068511,1.5994293535252733,1.17
1,0,-0.09717306624227619,1.8485365004305834,-0.22
1,0,-0.30042932406997297,-2.3862849969596844,0.5
1,0,-0.19880119515612457,0.6030007659040342,1.37
1,0,0.5125957072408142,0.10478647209341398,-0.81
1,0,0.3093394494131174,-0.3934278217172051,-1.23
1,0,-0.5036855818976698,-0.8916421155278252,-0.86
1,0,-1.316710613208457,0.6030007659040342,0.66
1,0,0.9191082228962077,0.8521079128093442,1.14
1,0,-1.0118262264669118,-0.144320674811895,-1.29
1,0,0.3093394494131174,-1.3898564093384442,0.57
1,0,0.9191082228962077,-0.144320674811895,-0.64
1,0,-0.7069418397253665,0.6030007659040342,1.88
1,0,1.3256207385516012,0.10478647209341398,-0.69
1,0,0.004455062671572207,0.10478647209341398,-0.09
1,0,-0.30042932406997297,-0.8916421155278252,-0.42
1,0,-1.11345435538076,0.10478647209341398,-1.29
1,0,-0.30042932406997297,0.6030007659040342,2.03
1,1,0.9191082228962077,0.6030007659040342,0.54
1,0,-1.316710613208457,0.6030007659040342,1.16
1,0,-0.7069418397253665,0.10478647209341398,1.02
1,0,-1.9264793866915473,1.1012150597146542,-1.55
1,0,0.3093394494131174,0.10478647209341398,0.01
1,0,-0.5036855818976698,0.8521079128093442,0.36
1,0,0.5125957072408142,-0.6425349686225151,0.04
1,0,-0.5036855818976698,0.10478647209341398,0.58
1,0,0.10608319158542061,0.6030007659040342,-0.21
1,0,1.528876996379298,0.35389361899872407,0.62
1,0,0.10608319158542061,1.3503222066199632,1.12
1,0,1.528876996379298,1.3503222066199632,-1.13
1,0,0.9191082228962077,0.8521079128093442,-0.77
1,1,-1.5199668710361538,-1.3898564093384442,-0.74
1,0,-0.09717306624227619,0.35389361899872407,0.44
1,0,0.9191082228962077,-0.3934278217172051,-0.22
1,0,0.9191082228962077,-1.1407492624331352,1.42
1,0,1.528876996379298,0.6030007659040342,1.1
1,0,0.3093394494131174,0.10478647209341398,0.53
1,0,-0.5036855818976698,-0.3934278217172051,0.44
1,0,0.5125957072408142,1.8485365004305834,0.66
1,0,-0.6053137108115182,-0.6425349686225151,-0.9
1,0,0.715851965068511,0.10478647209341398,0.26
1,0,1.732133254206995,1.3503222066199632,2.21
1,0,-0.9101980975530634,-1.1407492624331352,1.08
1,1,-0.09717306624227619,1.1012150597146542,-1.21
1,0,1.3256207385516012,-0.6425349686225151,-0.42
1,0,0.5125957072408142,0.35389361899872407,0.94
1,0,-0.30042932406997297,-1.6389635562437543,0.38
1,0,-2.7395044180023342,-0.8916421155278252,-0.91
1,0,0.715851965068511,0.35389361899872407,0.54
1,0,-0.9101980975530634,0.10478647209341398,1.31
1,0,0.715851965068511,0.35389361899872407,-0.48
1,0,-0.7069418397253665,-0.144320674811895,0.91
1,0,-1.316710613208457,0.35389361899872407,0.01
1,0,1.528876996379298,-1.8880707031490644,-0.22
1,0,-1.5199668710361538,-2.1371778500543743,0.03
1,0,-0.30042932406997297,0.6030007659040342,0.2
1,1,-1.316710613208457,-0.6425349686225151,-0.29
1,0,-0.5036855818976698,0.35389361899872407,0.9
1,0,1.528876996379298,-1.8880707031490644,0.87
1,0,0.9191082228962077,-1.3898564093384442,1.74
1,0,-0.30042932406997297,-1.1407492624331352,-0.35
1,0,0.3093394494131174,-0.144320674811895,-0.02
1,0,-1.5199668710361538,0.10478647209341398,-0.31
1,0,1.1223644807239046,0.6030007659040342,0.64
1,0,-0.30042932406997297,-0.6425349686225151,-0.03
1,0,0.5125957072408142,0.35389361899872407,1.43
1,0,1.3256207385516012,0.10478647209341398,1.23
1,0,-1.316710613208457,-1.6389635562437543,0.62
1,0,0.10608319158542061,-0.3934278217172051,-1.58
1,0,0.10608319158542061,0.10478647209341398,-0.37
1,0,-0.5036855818976698,1.3503222066199632,-1.31
1,1,-1.316710613208457,-0.144320674811895,-0.51
1,0,-0.09717306624227619,1.1012150597146542,0.96
1,0,1.732133254206995,-0.3934278217172051,-0.29
1,0,-0.9101980975530634,-1.6389635562437543,1.28
1,0,0.5125957072408142,-0.144320674811895,0.26
1,0,0.10608319158542061,-0.3934278217172051,1.25
1,0,-0.7069418397253665,1.1012150597146542,1.29
1,0,1.732133254206995,0.35389361899872407,0.2
1,0,-0.767918717073675,0.10478647209341398,-0.4
1,0,0.9191082228962077,-0.6425349686225151,1.01
1,0,-0.7069418397253665,-1.6389635562437543,0.98
1,0,0.715851965068511,1.3503222066199632,-0.32
1,0,-1.316710613208457,-0.3934278217172051,-0.89
1,0,-0.30042932406997297,-1.6389635562437543,-0.52
1,0,-1.2150824842946086,-0.8916421155278252,0.2
1,0,-0.30042932406997297,-1.1407492624331352,1.02
1,0,0.715851965068511,-0.144320674811895,-0.84
1,0,-0.9101980975530634,0.10478647209341398,-0.19
1,0,0.10608319158542061,1.3503222066199632,-1.06
1,0,1.3256207385516012,-0.144320674811895,1.06
1,0,1.732133254206995,0.8521079128093442,0.61
1,0,-0.30042932406997297,-1.6389635562437543,0.74
1,0,-0.30042932406997297,-0.144320674811895,-0.02
1,0,-0.9711749749013718,-1.1407492624331352,-2.5
1,0,1.3256207385516012,1.3503222066199632,3.07
1,0,1.1223644807239046,0.35389361899872407,0.38
1,0,-0.9101980975530634,-0.3934278217172051,1.06
1,0,-0.09717306624227619,1.5994293535252733,1.64
1,0,1.1223644807239046,-0.144320674811895,0.45
1,0,0.3093394494131174,-0.6425349686225151,0.73
1,0,0.715851965068511,-0.144320674811895,-0.13
1,0,-0.4427087045493613,0.35389361899872407,-0.11
1,0,-0.09717306624227619,-1.8880707031490644,-0.29
1,1,-1.316710613208457,-1.6389635562437543,-0.21
1,0,1.3256207385516012,0.6030007659040342,1.45
1,0,-0.09717306624227619,0.35389361899872407,0.84
1,0,-0.30042932406997297,-0.3934278217172051,-0.34
1,0,-0.9101980975530634,0.10478647209341398,0.65
1,0,0.3093394494131174,1.1012150597146542,-0.77
1,0,0.5125957072408142,0.8521079128093442,-1.05
1,0,0.10608319158542061,-0.6425349686225151,0.19
1,0,0.9191082228962077,-0.144320674811895,0.66
1,0,1.732133254206995,0.6030007659040342,-0.02
1,0,-0.5036855818976698,-0.144320674811895,1.16
1,0,0.9191082228962077,-0.8916421155278252,0.24
1,0,-0.09717306624227619,-1.3898564093384442,-0.91
1,0,-0.6053137108115182,0.10478647209341398,0.05
1,0,1.3256207385516012,0.35389361899872407,-1.74
1,0,-0.9101980975530634,-0.6425349686225151,-0.39
1,0,0.3093394494131174,-0.144320674811895,-0.84
1,0,0.5125957072408142,0.35389361899872407,0.67
1,0,0.3093394494131174,0.35389361899872407,0.32
1,0,-0.30042932406997297,0.10478647209341398,-0.08
1,0,1.528876996379298,1.1012150597146542,-0.94
1,0,-0.09717306624227619,0.10478647209341398,0.57
1,1,-1.7232231288638504,0.35389361899872407,0.2
1,0,-1.11345435538076,-2.1371778500543743,-1.15
1,0,0.5125957072408142,0.6030007659040342,1.18
1,0,-0.30042932406997297,0.8521079128093442,-0.02
1,0,0.715851965068511,1.1012150597146542,1.14
1,0,-0.7069418397253665,0.35389361899872407,-0.44
1,0,0.5125957072408142,1.5994293535252733,0.77
1,0,-2.2313637734330927,-0.3934278217172051,-0.19
1,0,0.5125957072408142,-0.144320674811895,0.17
1,0,-2.2313637734330927,1.3503222066199632,-1.19
1,0,-0.6053137108115182,1.1012150597146542,-0.43
1,0,1.528876996379298,1.5994293535252733,-0.35
1,0,1.3256207385516012,-1.1407492624331352,1.63
1,0,-0.30042932406997297,-0.144320674811895,0.51
1,0,0.5125957072408142,-0.3934278217172051,-0.03
1,1,-0.8085699686392149,-0.8916421155278252,-0.58
1,0,0.5125957072408142,-0.144320674811895,-1.07
1,0,-3.146016933657728,0.8521079128093442,-0.51
1,0,-1.6215949999500021,-0.3934278217172051,0.66
1,1,-1.11345435538076,0.35389361899872407,-0.71
1,0,0.5125957072408142,0.8521079128093442,0.72
1,0,-0.5036855818976698,-0.6425349686225151,1.22
1,1,-0.09717306624227619,0.35389361899872407,-1.01
1,0,1.528876996379298,1.3503222066199632,0.47
1,0,-0.7069418397253665,0.6030007659040342,-0.06
1,0,0.715851965068511,0.6030007659040342,1.55
1,0,1.528876996379298,1.5994293535252733,0.46
1,0,0.5125957072408142,0.8521079128093442,2.04
1,0,-0.7069418397253665,-0.8916421155278252,0.05
1,0,0.5125957072408142,-1.3898564093384442,-0.96
1,0,0.3093394494131174,-1.3898564093384442,-0.39
1,1,-0.5036855818976698,-0.3934278217172051,-0.14
1,0,0.10608319158542061,0.35389361899872407,0.83
1,0,1.1223644807239046,0.10478647209341398,1.73
1,0,1.3256207385516012,1.3503222066199632,1.14
1,0,-3.5525294493131216,-0.6425349686225151,-1.14
1,0,-0.7069418397253665,0.10478647209341398,0.61
1,0,-0.8085699686392149,-0.8916421155278252,-1.43
1,0,-1.5199668710361538,0.10478647209341398,0.16
1,0,1.3256207385516012,-0.6425349686225151,0.75
1,0,1.3256207385516012,0.6030007659040342,1.07
1,0,-0.09717306624227619,-0.8916421155278252,-0.37
1,0,0.5125957072408142,-1.1407492624331352,-1.94
1,0,-0.09717306624227619,-0.6425349686225151,0.79
1,0,-0.30042932406997297,-0.8916421155278252,0.32
1,0,-0.09717306624227619,0.6030007659040342,-1.3
1,0,0.10608319158542061,0.35389361899872407,-1.39
1,0,0.5125957072408142,0.10478647209341398,1.31
1,0,0.3093394494131174,1.3503222066199632,1.21
1,0,0.8174800939823593,-0.144320674811895,-0.58
1,0,0.5125957072408142,0.6030007659040342,1.18
1,0,-0.7069418397253665,-0.3934278217172051,-0.17
1,0,0.5125957072408142,1.1012150597146542,1.23
1,1,-2.332991902346941,1.3503222066199632,-0.67
1,0,0.10608319158542061,-0.6425349686225151,-0.95
1,0,-0.09717306624227619,-0.144320674811895,0.03
1,0,0.715851965068511,0.6030007659040342,1.44
1,0,-1.2150824842946086,0.10478647209341398,-1.62
1,0,1.9353895120346918,-0.8916421155278252,1.59
1,0,1.1223644807239046,1.8485365004305834,2.17
1,0,-1.316710613208457,-2.1371778500543743,0.05
1,0,-0.30042932406997297,0.8521079128093442,-0.31
1,0,0.004455062671572207,-0.6425349686225151,-1.13
1,0,-0.7069418397253665,-0.8916421155278252,0.14
1,0,-0.30042932406997297,-0.3934278217172051,-0.84
1,0,0.715851965068511,0.8521079128093442,-0.03
1,0,-1.316710613208457,0.6030007659040342,-0.66
1,0,0.10608319158542061,-0.144320674811895,0.33
1,0,-0.9101980975530634,-1.3898564093384442,-0.1
1,0,-1.5199668710361538,1.5994293535252733,-0.36
1,0,-0.5036855818976698,-0.6425349686225151,0.35
1,0,0.3093394494131174,0.35389361899872407,1.61
1,0,0.5125957072408142,1.3503222066199632,0.52
1,0,-1.0118262264669118,-1.8880707031490644,-0.47
1,0,1.528876996379298,-0.3934278217172051,1.58
1,0,-1.11345435538076,-0.3934278217172051,1.14
1,0,1.3256207385516012,0.10478647209341398,0.23
1,0,-0.8085699686392149,-1.8880707031490644,-0.2
1,0,0.9191082228962077,0.10478647209341398,-1.15
1,0,0.3093394494131174,-1.1407492624331352,0.34
1,0,0.3093394494131174,0.10478647209341398,-0.29
1,0,0.10608319158542061,-1.1407492624331352,-0.79
1,0,1.528876996379298,1.5994293535252733,1.85
1,0,0.9191082228962077,0.6030007659040342,0.54
1,0,-1.11345435538076,-0.144320674811895,0.9
1,0,-0.5036855818976698,-0.144320674811895,0.92
1,0,0.3093394494131174,-0.144320674811895,0.68
1,0,0.10608319158542061,1.1012150597146542,-0.93
1,0,1.1223644807239046,0.6030007659040342,-0.41
1,0,1.3256207385516012,0.10478647209341398,1.37
1,0,0.5125957072408142,0.8521079128093442,1.08
1,0,-0.9101980975530634,0.35389361899872407,-0.11
1,0,0.5125957072408142,0.8521079128093442,0.97
1,0,0.5125957072408142,0.35389361899872407,1.68
1,0,0.9191082228962077,1.1012150597146542,0.77
1,0,0.10608319158542061,-1.3898564093384442,0.16
1,0,-0.30042932406997297,-0.8916421155278252,1.41
1,0,-0.09717306624227619,0.6030007659040342,1.89
1,0,0.5125957072408142,0.10478647209341398,1.33
1,0,0.715851965068511,0.8521079128093442,-0.25
1,0,0.3093394494131174,-1.6389635562437543,0.46
1,0,-0.09717306624227619,-0.144320674811895,0.2
1,0,-0.7069418397253665,0.35389361899872407,-0.15
1,1,-1.11345435538076,0.10478647209341398,-0.17
1,0,0.3093394494131174,0.10478647209341398,-0.32
1,0,-0.7069418397253665,0.35389361899872407,-0.83
1,0,-0.7069418397253665,1.5994293535252733,-0.23
1,0,-0.5036855818976698,-0.3934278217172051,-1.38
1,0,0.715851965068511,0.10478647209341398,1.18
1,0,0.3093394494131174,0.10478647209341398,0.65
1,0,-0.09717306624227619,0.35389361899872407,-0.02
1,0,1.1223644807239046,1.3503222066199632,0.64
1,0,-1.316710613208457,0.35389361899872407,-0.46
1,0,-0.5036855818976698,0.6030007659040342,0.86
1,0,-0.30042932406997297,0.35389361899872407,1.1
1,0,-0.19880119515612457,0.10478647209341398,1.67
1,0,-1.11345435538076,0.10478647209341398,0.84
1,0,0.715851965068511,-1.3898564093384442,-0.87
1,0,-0.9101980975530634,0.8521079128093442,-0.79
1,0,0.10608319158542061,-1.3898564093384442,0.68
1,1,-1.5199668710361538,-1.8880707031490644,-0.24
1,0,-0.5036855818976698,0.6030007659040342,-0.71
1,0,-1.11345435538076,-0.6425349686225151,0.98
1,0,-1.5199668710361538,0.35389361899872407,0.67
1,0,0.9191082228962077,0.10478647209341398,-0.52
1,0,-0.30042932406997297,-0.144320674811895,-0.25
1,0,0.10608319158542061,0.8521079128093442,-0.51
1,0,0.5125957072408142,0.10478647209341398,0.93
1,0,-0.9101980975530634,-0.144320674811895,-0.4
1,0,-1.4183387421223053,-0.144320674811895,-0.13
1,0,-0.5036855818976698,0.6030007659040342,0.88
1,0,0.10608319158542061,1.3503222066199632,-1.03
1,0,-0.09717306624227619,0.8521079128093442,0.59
1,0,0.9191082228962077,0.35389361899872407,-0.95
1,0,1.528876996379298,0.6030007659040342,2.09
1,0,0.3093394494131174,0.10478647209341398,0.55
1,0,-0.5036855818976698,0.10478647209341398,0.04
1,0,0.715851965068511,0.6030007659040342,-0.12
1,0,-0.30042932406997297,-1.3898564093384442,0.29
1,0,0.10608319158542061,-0.6425349686225151,0.67
1,0,-0.9101980975530634,1.3503222066199632,0.0
1,0,-0.09717306624227619,0.35389361899872407,-1.21
1,0,0.715851965068511,1.8485365004305834,1.3
1,0,0.3093394494131174,1.1012150597146542,0.09
1,0,0.9191082228962077,1.5994293535252733,2.18
1,0,-1.4183387421223053,-0.3934278217172051,-0.69
1,0,0.10608319158542061,0.35389361899872407,-0.74
1,0,-0.9101980975530634,-0.8916421155278252,-0.79
1,1,-0.30042932406997297,1.1012150597146542,-1.57
1,0,1.528876996379298,0.8521079128093442,-0.45
1,0,0.4109675783269658,0.35389361899872407,-1.02
1,0,0.3093394494131174,-1.6389635562437543,-0.24
1,0,-0.7069418397253665,-0.144320674811895,0.77
1,0,-0.4020574529838214,-0.6425349686225151,0.76
1,0,-0.30042932406997297,1.5994293535252733,0.32
1,0,0.5125957072408142,1.3503222066199632,1.4
1,0,1.1223644807239046,0.10478647209341398,2.09
1,0,-0.5036855818976698,-0.144320674811895,0.15
1,0,0.3093394494131174,-1.3898564093384442,-0.17
1,0,-0.7069418397253665,0.8521079128093442,0.61
1,0,0.10608319158542061,0.6030007659040342,-0.27
1,0,1.1223644807239046,-0.144320674811895,-0.13
1,0,-0.5036855818976698,-1.6389635562437543,-0.64
1,0,0.9191082228962077,-0.144320674811895,-0.04
1,0,-3.2476450625715763,-1.1407492624331352,0.4
1,0,1.1223644807239046,0.8521079128093442,-0.66
1,0,1.3256207385516012,0.8521079128093442,-0.64
1,0,-1.11345435538076,-1.1407492624331352,-0.59
1,0,-0.7069418397253665,-0.144320674811895,0.15
1,0,-0.9101980975530634,-0.144320674811895,0.8
1,1,0.715851965068511,1.1012150597146542,1.65
1,0,0.10608319158542061,-1.1407492624331352,0.78
1,0,-0.09717306624227619,0.8521079128093442,0.24
1,0,0.10608319158542061,0.6030007659040342,0.55
1,0,-1.11345435538076,-0.144320674811895,-0.11
1,0,0.5125957072408142,-0.6425349686225151,-0.51
1,0,0.10608319158542061,1.1012150597146542,0.79
1,0,-1.5199668710361538,-0.144320674811895,-0.14
1,0,-0.30042932406997297,1.1012150597146542,1.14
1,0,0.3093394494131174,0.8521079128093442,1.68
1,0,-0.7069418397253665,-1.1407492624331352,0.1
1,0,-1.316710613208457,0.10478647209341398,1.34
1,0,-1.4183387421223053,0.35389361899872407,-0.41
1,0,0.5125957072408142,0.8521079128093442,0.86
1,0,-0.30042932406997297,-0.3934278217172051,0.27
1,0,0.10608319158542061,1.1012150597146542,1.93
1,0,-0.7069418397253665,-0.144320674811895,-0.7
1,0,-0.7069418397253665,0.6030007659040342,-0.28
1,0,0.3093394494131174,0.35389361899872407,0.44
