1,0.0,1.1223644807239046,0.3538936189987241,1530.0
1,0.0,0.3093394494131174,0.6030007659040342,1529.0
1,0.0,0.3093394494131174,-0.8916421155278252,1528.0
1,0.0,0.9191082228962076,1.5994293535252733,1527.0
1,0.0,-0.5036855818976698,0.3538936189987241,1526.0
1,0.0,-0.9101980975530634,1.3503222066199632,1525.0
1,0.0,0.9191082228962076,0.6030007659040342,1524.0
1,0.0,-0.30042932406997297,0.10478647209341398,1523.0
1,0.0,0.7158519650685109,0.10478647209341398,1522.0
1,0.0,0.3093394494131174,0.8521079128093442,1521.0
1,0.0,1.935389512034692,1.1012150597146542,1520.0
1,0.0,0.1060831915854206,-0.8916421155278252,1519.0
1,0.0,0.9191082228962076,-0.6425349686225151,1518.0
1,0.0,0.1060831915854206,0.8521079128093442,1517.0
1,0.0,1.935389512034692,-0.3934278217172051,1516.0
1,0.0,0.1060831915854206,-1.6389635562437543,1515.0
1,0.0,1.935389512034692,1.1012150597146542,1514.0
1,0.0,1.3256207385516012,0.8521079128093442,1513.0
1,0.0,0.7158519650685109,-0.6425349686225151,1512.0
1,0.0,1.3256207385516012,1.3503222066199632,1511.0
1,0.0,-0.0971730662422762,0.10478647209341398,1510.0
1,0.0,2.1386457698623884,1.5994293535252733,1509.0
1,0.0,-1.7232231288638504,1.5994293535252733,1508.0
1,0.0,1.528876996379298,0.6030007659040342,1507.0
1,0.0,0.9191082228962076,1.8485365004305836,1506.0
1,0.0,0.3093394494131174,1.3503222066199632,1505.0
1,0.0,0.3093394494131174,1.8485365004305836,1504.0
1,0.0,-0.5036855818976698,-0.14432067481189498,1503.0
1,0.0,-0.5036855818976698,1.3503222066199632,1502.0
1,0.0,0.1060831915854206,-0.3934278217172051,1501.0
1,0.0,-0.0971730662422762,0.10478647209341398,1500.0
1,0.0,-0.9101980975530634,0.3538936189987241,1499.0
1,0.0,-1.5199668710361538,-0.14432067481189498,1498.0
1,0.0,-0.0971730662422762,-0.3934278217172051,1497.0
1,0.0,1.3256207385516012,0.8521079128093442,1496.0
1,0.0,0.5125957072408142,-0.14432067481189498,1495.0
1,0.0,-0.9101980975530634,-0.3934278217172051,1494.0
1,0.0,0.3093394494131174,-0.6425349686225151,1493.0
1,0.0,0.5125957072408142,1.8485365004305836,1492.0
1,0.0,1.935389512034692,1.5994293535252733,1491.0
1,0.0,1.7321332542069952,0.3538936189987241,1490.0
1,0.0,-0.0971730662422762,-0.6425349686225151,1489.0
1,0.0,1.1223644807239046,0.8521079128093442,1488.0
1,0.0,0.7158519650685109,0.8521079128093442,1487.0
1,1.0,1.935389512034692,0.8521079128093442,1486.0
1,0.0,0.9191082228962076,0.10478647209341398,1485.0
1,0.0,1.528876996379298,0.8521079128093442,1484.0
1,0.0,1.528876996379298,0.3538936189987241,1483.0
1,0.0,1.935389512034692,0.6030007659040342,1482.0
1,0.0,-1.5199668710361538,-0.3934278217172051,1481.0
1,0.0,1.7321332542069952,0.8521079128093442,1480.0
1,0.0,-0.0971730662422762,0.6030007659040342,1479.0
1,0.0,0.9191082228962076,1.1012150597146542,1478.0
1,0.0,-0.0971730662422762,1.3503222066199632,1477.0
1,0.0,1.3256207385516012,0.3538936189987241,1476.0
1,0.0,0.5125957072408142,1.1012150597146542,1475.0
1,0.0,1.1223644807239046,0.6030007659040342,1474.0
1,0.0,0.5125957072408142,-0.6425349686225151,1473.0
1,0.0,0.5125957072408142,0.8521079128093442,1472.0
1,0.0,-0.7069418397253665,-1.3898564093384442,1471.0
1,0.0,1.1223644807239046,1.3503222066199632,1470.0
1,0.0,0.9191082228962076,0.3538936189987241,1469.0
1,0.0,-1.1134543553807599,0.8521079128093442,1468.0
1,0.0,-0.7069418397253665,0.6030007659040342,1467.0
1,0.0,-0.5036855818976698,-0.6425349686225151,1466.0
1,0.0,1.1223644807239046,0.3538936189987241,1465.0
1,0.0,0.5125957072408142,0.8521079128093442,1464.0
1,0.0,0.9191082228962076,0.3538936189987241,1463.0
1,0.0,0.3093394494131174,1.8485365004305836,1462.0
1,0.0,-1.3167106132084572,-1.6389635562437543,1461.0
1,0.0,-0.0971730662422762,-0.6425349686225151,1460.0
1,0.0,1.3256207385516012,0.6030007659040342,1459.0
1,0.0,-0.0971730662422762,1.3503222066199632,1458.0
1,0.0,0.5125957072408142,0.10478647209341398,1457.0
1,1.0,0.7158519650685109,0.10478647209341398,1456.0
1,0.0,0.3093394494131174,-0.6425349686225151,1455.0
1,0.0,0.1060831915854206,1.5994293535252733,1454.0
1,0.0,-0.19880119515612454,0.10478647209341398,1453.0
1,0.0,0.9191082228962076,1.8485365004305836,1452.0
1,0.0,0.7158519650685109,0.6030007659040342,1451.0
1,0.0,0.7158519650685109,-0.6425349686225151,1450.0
1,0.0,0.1060831915854206,1.3503222066199632,1449.0
1,0.0,0.5125957072408142,0.6030007659040342,1448.0
1,0.0,0.7158519650685109,-0.3934278217172051,1447.0
1,0.0,-1.1134543553807599,-0.14432067481189498,1446.0
1,0.0,-0.9101980975530634,-0.6425349686225151,1445.0
1,0.0,0.5125957072408142,-0.14432067481189498,1444.0
1,0.0,0.9191082228962076,0.3538936189987241,1443.0
1,0.0,2.1386457698623884,1.8485365004305836,1442.0
1,0.0,0.7158519650685109,1.8485365004305836,1441.0
1,0.0,-1.1134543553807599,0.10478647209341398,1440.0
1,0.0,0.3093394494131174,-0.8916421155278252,1439.0
1,0.0,1.3256207385516012,1.8485365004305836,1438.0
1,0.0,-0.7069418397253665,-2.3862849969596844,1437.0
1,0.0,1.7321332542069952,-0.3934278217172051,1436.0
1,0.0,0.5125957072408142,-1.3898564093384442,1435.0
1,0.0,-0.5036855818976698,0.8521079128093442,1434.0
1,0.0,0.1060831915854206,0.8521079128093442,1433.0
1,0.0,1.1223644807239046,0.6030007659040342,1432.0
1,0.0,0.7158519650685109,1.5994293535252733,1431.0
1,0.0,-2.678527540654025,-1.3898564093384442,1430.0
1,0.0,0.3093394494131174,-0.6425349686225151,1429.0
1,1.0,-0.9101980975530634,0.8521079128093442,1428.0
1,0.0,-1.1134543553807599,1.5994293535252733,1427.0
1,0.0,1.7321332542069952,0.6030007659040342,1426.0
1,0.0,-0.0971730662422762,-1.6389635562437543,1425.0
1,0.0,-0.30042932406997297,-1.1407492624331352,1424.0
1,0.0,1.3256207385516012,0.3538936189987241,1423.0
1,0.0,0.1060831915854206,0.10478647209341398,1422.0
1,0.0,-0.9101980975530634,0.6030007659040342,1421.0
1,0.0,-0.5036855818976698,0.10478647209341398,1420.0
1,0.0,-0.0971730662422762,0.6030007659040342,1419.0
1,0.0,1.1223644807239046,1.5994293535252733,1418.0
1,0.0,-2.1297356445192444,0.10478647209341398,1417.0
1,0.0,1.935389512034692,-0.3934278217172051,1416.0
1,0.0,0.5125957072408142,0.6030007659040342,1415.0
1,0.0,-0.9101980975530634,1.5994293535252733,1414.0
1,0.0,-0.30042932406997297,-2.6353921438649937,1413.0
1,0.0,2.1386457698623884,-0.3934278217172051,1412.0
1,0.0,0.3093394494131174,0.6030007659040342,1411.0
1,0.0,0.9191082228962076,1.5994293535252733,1410.0
1,0.0,0.1060831915854206,0.3538936189987241,1409.0
1,0.0,1.3256207385516012,0.6030007659040342,1408.0
1,0.0,-0.30042932406997297,-1.6389635562437543,1407.0
1,0.0,-0.0971730662422762,0.8521079128093442,1406.0
1,0.0,-1.1134543553807599,-1.3898564093384442,1405.0
1,0.0,-0.30042932406997297,1.3503222066199632,1404.0
1,0.0,1.935389512034692,0.10478647209341398,1403.0
1,0.0,1.528876996379298,1.1012150597146542,1402.0
1,1.0,0.9191082228962076,1.1012150597146542,1401.0
1,0.0,-0.7069418397253665,1.3503222066199632,1400.0
1,0.0,1.528876996379298,-1.1407492624331352,1399.0
1,0.0,-0.30042932406997297,-0.6425349686225151,1398.0
1,0.0,0.9191082228962076,-0.6425349686225151,1397.0
1,0.0,1.7321332542069952,0.10478647209341398,1396.0
1,0.0,1.7321332542069952,-0.6425349686225151,1395.0
1,0.0,0.7158519650685109,0.8521079128093442,1394.0
1,0.0,0.1060831915854206,1.1012150597146542,1393.0
1,0.0,-0.5036855818976698,0.6030007659040342,1392.0
1,0.0,0.9191082228962076,-0.3934278217172051,1391.0
1,0.0,-0.9101980975530634,1.1012150597146542,1390.0
1,0.0,0.9191082228962076,0.8521079128093442,1389.0
1,0.0,-0.0971730662422762,-1.6389635562437543,1388.0
1,0.0,0.5125957072408142,0.8521079128093442,1387.0
1,0.0,-0.0971730662422762,-1.8880707031490644,1386.0
1,0.0,-2.7395044180023342,-1.3898564093384442,1385.0
1,0.0,-0.30042932406997297,-1.6389635562437543,1384.0
1,0.0,-1.7232231288638504,1.5994293535252733,1383.0
1,0.0,1.7321332542069952,1.8485365004305836,1382.0
1,0.0,1.3256207385516012,0.8521079128093442,1381.0
1,0.0,0.3093394494131174,-0.14432067481189498,1380.0
1,0.0,-0.5036855818976698,0.8521079128093442,1379.0
1,0.0,-0.5036855818976698,1.5994293535252733,1378.0
1,0.0,-0.30042932406997297,-0.6425349686225151,1377.0
1,1.0,-0.30042932406997297,0.8521079128093442,1376.0
1,0.0,0.7158519650685109,-1.1407492624331352,1375.0
1,0.0,1.3256207385516012,0.10478647209341398,1374.0
1,0.0,1.1223644807239046,0.8521079128093442,1373.0
1,0.0,1.935389512034692,1.5994293535252733,1372.0
1,0.0,-0.9101980975530634,-0.3934278217172051,1371.0
1,0.0,0.7158519650685109,0.8521079128093442,1370.0
1,0.0,-0.0971730662422762,0.6030007659040342,1369.0
1,0.0,0.3093394494131174,-1.8880707031490644,1368.0
1,0.0,1.1223644807239046,0.10478647209341398,1367.0
1,0.0,0.7158519650685109,0.3538936189987241,1366.0
1,0.0,0.3093394494131174,-0.6425349686225151,1365.0
1,0.0,-0.0971730662422762,-1.1407492624331352,1364.0
1,0.0,-0.30042932406997297,-2.1371778500543743,1363.0
1,0.0,-0.5036855818976698,0.3538936189987241,1362.0
1,0.0,0.3093394494131174,-1.1407492624331352,1361.0
1,0.0,0.3093394494131174,0.10478647209341398,1360.0
1,0.0,-0.5036855818976698,-1.1407492624331352,1359.0
1,0.0,-0.30042932406997297,-0.14432067481189498,1358.0
1,0.0,1.3256207385516012,0.6030007659040342,1357.0
1,0.0,0.3093394494131174,-0.6425349686225151,1356.0
1,0.0,-0.0971730662422762,-0.3934278217172051,1355.0
1,0.0,0.1060831915854206,0.6030007659040342,1354.0
1,0.0,0.5125957072408142,0.10478647209341398,1353.0
1,0.0,-1.2150824842946086,0.6030007659040342,1352.0
1,1.0,-0.7069418397253665,0.8521079128093442,1351.0
1,0.0,0.1060831915854206,1.5994293535252733,1350.0
1,0.0,-0.5036855818976698,-1.6389635562437543,1349.0
1,0.0,-0.6053137108115182,-0.14432067481189498,1348.0
1,0.0,-1.1134543553807599,0.3538936189987241,1347.0
1,0.0,1.3256207385516012,-0.8916421155278252,1346.0
1,0.0,0.5125957072408142,1.3503222066199632,1345.0
1,0.0,1.3256207385516012,0.8521079128093442,1344.0
1,0.0,1.1223644807239046,0.3538936189987241,1343.0
1,0.0,0.3093394494131174,0.6030007659040342,1342.0
1,0.0,1.7321332542069952,0.3538936189987241,1341.0
1,0.0,1.1223644807239046,1.1012150597146542,1340.0
1,0.0,-0.0971730662422762,1.3503222066199632,1339.0
1,0.0,0.9191082228962076,0.6030007659040342,1338.0
1,0.0,0.3093394494131174,0.3538936189987241,1337.0
1,0.0,-0.0971730662422762,0.8521079128093442,1336.0
1,0.0,0.5125957072408142,-1.1407492624331352,1335.0
1,0.0,-1.3167106132084572,0.8521079128093442,1334.0
1,0.0,2.1386457698623884,1.1012150597146542,1333.0
1,0.0,-1.1134543553807599,1.3503222066199632,1332.0
1,0.0,1.935389512034692,0.10478647209341398,1331.0
1,0.0,0.1060831915854206,0.6030007659040342,1330.0
1,0.0,-0.0971730662422762,-2.1371778500543743,1329.0
1,0.0,0.4109675783269658,-1.1407492624331352,1328.0
1,0.0,0.3093394494131174,-0.3934278217172051,1327.0
1,1.0,0.7158519650685109,1.1012150597146542,1326.0
1,0.0,-0.9101980975530634,0.6030007659040342,1325.0
1,0.0,0.5125957072408142,-0.3934278217172051,1324.0
1,0.0,0.3093394494131174,0.8521079128093442,1323.0
1,0.0,1.935389512034692,-0.14432067481189498,1322.0
1,0.0,1.7321332542069952,1.1012150597146542,1321.0
1,0.0,0.9191082228962076,-1.1407492624331352,1320.0
1,0.0,-0.5036855818976698,-0.14432067481189498,1319.0
1,0.0,0.9191082228962076,1.1012150597146542,1318.0
1,0.0,0.9191082228962076,0.8521079128093442,1317.0
1,0.0,-0.30042932406997297,-0.6425349686225151,1316.0
1,0.0,-0.7069418397253665,0.10478647209341398,1315.0
1,0.0,-0.5036855818976698,-0.14432067481189498,1314.0
1,0.0,1.935389512034692,1.3503222066199632,1313.0
1,0.0,0.5125957072408142,-3.133606437675614,1312.0
1,0.0,-0.5036855818976698,-1.3898564093384442,1311.0
1,0.0,0.9191082228962076,1.1012150597146542,1310.0
1,0.0,1.3256207385516012,0.8521079128093442,1309.0
1,0.0,0.7158519650685109,0.3538936189987241,1308.0
1,0.0,-0.9101980975530634,1.1012150597146542,1307.0
1,0.0,-0.7069418397253665,0.10478647209341398,1306.0
1,0.0,0.3093394494131174,-0.8916421155278252,1305.0
1,0.0,-0.5036855818976698,0.3538936189987241,1304.0
1,0.0,0.7158519650685109,0.10478647209341398,1303.0
1,1.0,1.1223644807239046,0.3538936189987241,1302.0
1,0.0,1.3256207385516012,0.3538936189987241,1301.0
1,0.0,-0.7069418397253665,0.3538936189987241,1300.0
1,0.0,1.3256207385516012,-0.8916421155278252,1299.0
1,0.0,0.7158519650685109,1.1012150597146542,1298.0
1,0.0,0.5125957072408142,0.10478647209341398,1297.0
1,0.0,0.7158519650685109,-0.14432067481189498,1296.0
1,0.0,-1.9264793866915475,0.10478647209341398,1295.0
1,0.0,0.3093394494131174,-1.6389635562437543,1294.0
1,0.0,0.1060831915854206,1.3503222066199632,1293.0
1,0.0,-0.7069418397253665,0.6030007659040342,1292.0
1,0.0,1.3256207385516012,1.1012150597146542,1291.0
1,0.0,-0.0971730662422762,1.8485365004305836,1290.0
1,0.0,0.3093394494131174,-1.8880707031490644,1289.0
1,0.0,-0.0971730662422762,0.6030007659040342,1288.0
1,0.0,0.7158519650685109,-1.3898564093384442,1287.0
1,0.0,0.3093394494131174,0.10478647209341398,1286.0
1,0.0,1.528876996379298,0.6030007659040342,1285.0
1,0.0,1.3256207385516012,1.3503222066199632,1284.0
1,0.0,-2.678527540654025,1.3503222066199632,1283.0
1,0.0,0.5125957072408142,-0.6425349686225151,1282.0
1,0.0,0.3093394494131174,0.6030007659040342,1281.0
1,0.0,0.8174800939823593,1.3503222066199632,1280.0
1,0.0,1.7321332542069952,1.1012150597146542,1279.0
1,1.0,-0.7069418397253665,0.10478647209341398,1278.0
1,0.0,1.7321332542069952,1.8485365004305836,1277.0
1,0.0,-0.19880119515612454,0.8521079128093442,1276.0
1,0.0,0.3093394494131174,1.3503222066199632,1275.0
1,0.0,-1.5199668710361538,0.10478647209341398,1274.0
1,0.0,-0.30042932406997297,-2.1371778500543743,1273.0
1,0.0,0.7158519650685109,-0.14432067481189498,1272.0
1,0.0,-1.1134543553807599,-0.8916421155278252,1271.0
1,0.0,-0.5036855818976698,-0.14432067481189498,1270.0
1,0.0,-1.2150824842946086,0.6030007659040342,1269.0
1,0.0,0.3093394494131174,-0.14432067481189498,1268.0
1,0.0,-0.6053137108115182,0.6030007659040342,1267.0
1,0.0,0.7158519650685109,1.1012150597146542,1266.0
1,0.0,-0.30042932406997297,-0.3934278217172051,1265.0
1,0.0,-0.5036855818976698,0.6030007659040342,1264.0
1,0.0,0.5125957072408142,0.8521079128093442,1263.0
1,0.0,0.5125957072408142,0.8521079128093442,1262.0
1,0.0,-0.5036855818976698,0.6030007659040342,1261.0
1,0.0,-0.5036855818976698,1.5994293535252733,1260.0
1,0.0,-2.1297356445192444,-1.6389635562437543,1259.0
1,0.0,0.1060831915854206,0.6030007659040342,1258.0
1,0.0,0.5125957072408142,-1.1407492624331352,1257.0
1,0.0,1.3256207385516012,-0.14432067481189498,1256.0
1,0.0,0.5125957072408142,0.10478647209341398,1255.0
1,1.0,-0.30042932406997297,1.1012150597146542,1254.0
1,0.0,0.5125957072408142,-3.3827135845809235,1253.0
1,0.0,0.5125957072408142,0.6030007659040342,1252.0
1,0.0,1.528876996379298,0.3538936189987241,1251.0
1,0.0,0.7158519650685109,-1.6389635562437543,1250.0
1,0.0,0.5125957072408142,-1.6389635562437543,1249.0
1,0.0,0.7158519650685109,-0.3934278217172051,1248.0
1,0.0,0.7158519650685109,0.8521079128093442,1247.0
1,0.0,1.528876996379298,-1.6389635562437543,1246.0
1,0.0,1.528876996379298,0.8521079128093442,1245.0
1,0.0,0.207711320499269,1.3503222066199632,1244.0
1,0.0,0.3093394494131174,-1.3898564093384442,1243.0
1,0.0,-0.9101980975530634,0.3538936189987241,1242.0
1,0.0,2.1386457698623884,1.1012150597146542,1241.0
1,0.0,0.7158519650685109,1.5994293535252733,1240.0
1,0.0,0.5125957072408142,-1.6389635562437543,1239.0
1,0.0,-0.0971730662422762,1.5994293535252733,1238.0
1,0.0,0.7158519650685109,-0.3934278217172051,1237.0
1,0.0,-0.7069418397253665,0.10478647209341398,1236.0
1,0.0,-0.7069418397253665,-0.3934278217172051,1235.0
1,0.0,-0.30042932406997297,-1.1407492624331352,1234.0
1,0.0,1.528876996379298,-2.3862849969596844,1233.0
1,0.0,-0.5036855818976698,0.8521079128093442,1232.0
1,1.0,-1.1134543553807599,-0.6425349686225151,1231.0
1,0.0,-0.7069418397253665,0.8521079128093442,1230.0
1,0.0,0.5125957072408142,-0.3934278217172051,1229.0
1,0.0,0.9191082228962076,-0.3934278217172051,1228.0
1,0.0,0.7158519650685109,1.3503222066199632,1227.0
1,0.0,1.528876996379298,0.8521079128093442,1226.0
1,0.0,-2.028107515605396,0.8521079128093442,1225.0
1,0.0,-0.7069418397253665,0.8521079128093442,1224.0
1,0.0,-0.7069418397253665,1.5994293535252733,1223.0
1,0.0,0.7158519650685109,0.10478647209341398,1222.0
1,0.0,0.7158519650685109,-0.14432067481189498,1221.0
1,0.0,1.1223644807239046,0.3538936189987241,1220.0
1,0.0,-1.4183387421223053,1.3503222066199632,1219.0
1,0.0,0.1060831915854206,0.6030007659040342,1218.0
1,0.0,-0.0971730662422762,0.6030007659040342,1217.0
1,0.0,-0.30042932406997297,0.10478647209341398,1216.0
1,0.0,0.9191082228962076,-1.6389635562437543,1215.0
1,0.0,0.1060831915854206,-0.6425349686225151,1214.0
1,0.0,0.9191082228962076,-0.3934278217172051,1213.0
1,0.0,1.935389512034692,0.10478647209341398,1212.0
1,0.0,0.3093394494131174,0.6030007659040342,1211.0
1,0.0,1.020736351810056,0.8521079128093442,1210.0
1,0.0,-0.30042932406997297,0.10478647209341398,1209.0
1,1.0,0.3093394494131174,-1.8880707031490644,1208.0
1,0.0,-1.3167106132084572,-0.6425349686225151,1207.0
1,0.0,-0.0971730662422762,1.8485365004305836,1206.0
1,0.0,-0.0971730662422762,1.3503222066199632,1205.0
1,0.0,1.1223644807239046,-1.1407492624331352,1204.0
1,0.0,1.3256207385516012,1.1012150597146542,1203.0
1,0.0,0.3093394494131174,-0.14432067481189498,1202.0
1,0.0,0.9191082228962076,0.3538936189987241,1201.0
1,0.0,-0.5036855818976698,-0.14432067481189498,1200.0
1,0.0,0.3093394494131174,-0.6425349686225151,1199.0
1,0.0,-1.1134543553807599,0.3538936189987241,1198.0
1,0.0,0.9191082228962076,-0.3934278217172051,1197.0
1,0.0,-0.5036855818976698,1.1012150597146542,1196.0
1,0.0,0.7158519650685109,-2.884499290770304,1195.0
1,0.0,-0.7069418397253665,0.6030007659040342,1194.0
1,0.0,-1.1134543553807599,0.3538936189987241,1193.0
1,0.0,0.3093394494131174,1.3503222066199632,1192.0
1,0.0,-0.30042932406997297,1.1012150597146542,1191.0
1,0.0,0.5125957072408142,1.8485365004305836,1190.0
1,0.0,0.7158519650685109,0.6030007659040342,1189.0
1,0.0,0.4109675783269658,1.8485365004305836,1188.0
1,0.0,-0.0971730662422762,-0.14432067481189498,1187.0
1,0.0,-0.0971730662422762,0.8521079128093442,1186.0
1,1.0,0.1060831915854206,0.10478647209341398,1185.0
1,0.0,0.1060831915854206,-1.3898564093384442,1184.0
1,0.0,-1.5199668710361538,-1.3898564093384442,1183.0
1,0.0,-0.7069418397253665,0.8521079128093442,1182.0
1,0.0,1.7321332542069952,-0.14432067481189498,1181.0
1,0.0,0.3093394494131174,-0.8916421155278252,1180.0
1,0.0,0.7158519650685109,1.5994293535252733,1179.0
1,0.0,-0.30042932406997297,-0.3934278217172051,1178.0
1,0.0,-1.1134543553807599,-0.14432067481189498,1177.0
1,0.0,0.3093394494131174,-1.8880707031490644,1176.0
1,0.0,-0.30042932406997297,1.3503222066199632,1175.0
1,0.0,0.5125957072408142,1.1012150597146542,1174.0
1,0.0,-1.1134543553807599,-0.6425349686225151,1173.0
1,0.0,-0.0971730662422762,-0.6425349686225151,1172.0
1,0.0,1.3256207385516012,0.3538936189987241,1171.0
1,0.0,1.935389512034692,0.3538936189987241,1170.0
1,0.0,-0.0971730662422762,-1.8880707031490644,1169.0
1,0.0,0.9191082228962076,1.3503222066199632,1168.0
1,0.0,1.1223644807239046,0.10478647209341398,1167.0
1,0.0,-0.5036855818976698,-0.8916421155278252,1166.0
1,0.0,0.7158519650685109,-0.3934278217172051,1165.0
1,0.0,-0.7069418397253665,-0.3934278217172051,1164.0
1,0.0,1.528876996379298,1.1012150597146542,1163.0
1,1.0,0.5125957072408142,-0.6425349686225151,1162.0
1,0.0,2.1386457698623884,1.3503222066199632,1161.0
1,0.0,0.9191082228962076,0.3538936189987241,1160.0
1,0.0,0.9191082228962076,1.1012150597146542,1159.0
1,0.0,-0.0971730662422762,-0.3934278217172051,1158.0
1,0.0,-0.0971730662422762,1.3503222066199632,1157.0
1,0.0,0.7158519650685109,0.3538936189987241,1156.0
1,0.0,-0.5036855818976698,-1.1407492624331352,1155.0
1,0.0,1.528876996379298,-0.3934278217172051,1154.0
1,0.0,-0.30042932406997297,0.6030007659040342,1153.0
1,0.0,-0.9101980975530634,0.6030007659040342,1152.0
1,0.0,0.7158519650685109,-1.1407492624331352,1151.0
1,0.0,-0.0971730662422762,0.10478647209341398,1150.0
1,0.0,1.935389512034692,0.10478647209341398,1149.0
1,0.0,-1.9264793866915475,-0.3934278217172051,1148.0
1,0.0,-0.30042932406997297,0.10478647209341398,1147.0
1,0.0,1.1223644807239046,0.3538936189987241,1146.0
1,0.0,0.9191082228962076,1.3503222066199632,1145.0
1,0.0,-0.0971730662422762,0.3538936189987241,1144.0
1,0.0,0.3093394494131174,-1.6389635562437543,1143.0
1,0.0,1.1223644807239046,1.8485365004305836,1142.0
1,0.0,1.935389512034692,-1.1407492624331352,1141.0
1,0.0,0.9191082228962076,-0.3934278217172051,1140.0
1,1.0,1.3256207385516012,1.5994293535252733,1139.0
1,0.0,-0.9101980975530634,-0.14432067481189498,1138.0
1,0.0,0.3093394494131174,0.10478647209341398,1137.0
1,0.0,-0.9101980975530634,0.6030007659040342,1136.0
1,0.0,1.528876996379298,0.3538936189987241,1135.0
1,0.0,-0.4020574529838214,0.8521079128093442,1134.0
1,0.0,0.1060831915854206,-0.3934278217172051,1133.0
1,0.0,0.7158519650685109,-0.3934278217172051,1132.0
1,0.0,0.5125957072408142,0.10478647209341398,1131.0
1,0.0,-1.7232231288638504,0.10478647209341398,1130.0
1,0.0,-1.4183387421223053,-0.14432067481189498,1129.0
1,0.0,0.1060831915854206,0.6030007659040342,1128.0
1,0.0,-0.30042932406997297,0.10478647209341398,1127.0
1,0.0,1.935389512034692,-0.8916421155278252,1126.0
1,0.0,-0.0971730662422762,-0.6425349686225151,1125.0
1,0.0,0.9191082228962076,1.5994293535252733,1124.0
1,0.0,-0.0971730662422762,0.6030007659040342,1123.0
1,0.0,-1.7232231288638504,0.3538936189987241,1122.0
1,0.0,-0.0971730662422762,-0.3934278217172051,1121.0
1,0.0,1.935389512034692,-1.6389635562437543,1120.0
1,0.0,0.9191082228962076,-0.6425349686225151,1119.0
1,0.0,-1.1134543553807599,-0.3934278217172051,1118.0
1,0.0,0.5125957072408142,0.10478647209341398,1117.0
1,1.0,-0.5036855818976698,-1.6389635562437543,1116.0
1,0.0,1.1223644807239046,0.3538936189987241,1115.0
1,0.0,0.7158519650685109,0.8521079128093442,1114.0
1,0.0,1.1223644807239046,1.1012150597146542,1113.0
1,0.0,0.9191082228962076,0.3538936189987241,1112.0
1,0.0,1.3256207385516012,-0.14432067481189498,1111.0
1,0.0,0.7158519650685109,-0.14432067481189498,1110.0
1,0.0,-0.8085699686392149,-1.8880707031490644,1109.0
1,0.0,-0.0971730662422762,-2.3862849969596844,1108.0
1,0.0,0.5125957072408142,-1.1407492624331352,1107.0
1,0.0,-0.15814994359058465,0.8521079128093442,1106.0
1,0.0,-0.5036855818976698,-0.14432067481189498,1105.0
1,0.0,0.7158519650685109,-0.8916421155278252,1104.0
1,0.0,-0.30042932406997297,-0.14432067481189498,1103.0
1,0.0,0.5125957072408142,-0.14432067481189498,1102.0
1,0.0,0.1060831915854206,0.8521079128093442,1101.0
1,0.0,-0.30042932406997297,-1.6389635562437543,1100.0
1,0.0,0.1060831915854206,-0.6425349686225151,1099.0
1,0.0,0.3093394494131174,-0.6425349686225151,1098.0
1,0.0,0.5125957072408142,0.3538936189987241,1097.0
1,0.0,1.1223644807239046,0.6030007659040342,1096.0
1,0.0,-0.5036855818976698,0.3538936189987241,1095.0
1,0.0,-0.5036855818976698,-0.3934278217172051,1094.0
1,1.0,-0.7069418397253665,0.3538936189987241,1093.0
1,0.0,0.7158519650685109,0.10478647209341398,1092.0
1,0.0,-1.1134543553807599,0.8521079128093442,1091.0
1,0.0,0.5125957072408142,0.10478647209341398,1090.0
1,0.0,0.5125957072408142,0.10478647209341398,1089.0
1,0.0,0.5125957072408142,-0.14432067481189498,1088.0
1,0.0,-0.30042932406997297,-0.6425349686225151,1087.0
1,0.0,-0.5036855818976698,-0.8916421155278252,1086.0
1,0.0,0.5125957072408142,0.3538936189987241,1085.0
1,0.0,0.1060831915854206,0.8521079128093442,1084.0
1,0.0,1.1223644807239046,0.6030007659040342,1083.0
1,0.0,-0.0971730662422762,1.3503222066199632,1082.0
1,0.0,0.7158519650685109,0.6030007659040342,1081.0
1,0.0,-0.30042932406997297,0.10478647209341398,1080.0
1,0.0,1.1223644807239046,0.8521079128093442,1079.0
1,0.0,1.528876996379298,0.3538936189987241,1078.0
1,0.0,0.9191082228962076,0.3538936189987241,1077.0
1,0.0,-0.7069418397253665,0.3538936189987241,1076.0
1,0.0,-0.8085699686392149,0.3538936189987241,1075.0
1,0.0,2.1386457698623884,-0.8916421155278252,1074.0
1,0.0,-1.1134543553807599,0.8521079128093442,1073.0
1,0.0,-0.5036855818976698,-0.6425349686225151,1072.0
1,1.0,1.1223644807239046,0.8521079128093442,1071.0
1,0.0,0.9191082228962076,-0.3934278217172051,1070.0
1,0.0,0.3093394494131174,-0.6425349686225151,1069.0
1,0.0,-0.9101980975530634,-1.1407492624331352,1068.0
1,0.0,-1.4183387421223053,0.10478647209341398,1067.0
1,0.0,-0.19880119515612454,-0.6425349686225151,1066.0
1,0.0,1.528876996379298,1.5994293535252733,1065.0
1,0.0,-0.30042932406997297,0.8521079128093442,1064.0
1,0.0,-0.0971730662422762,1.3503222066199632,1063.0
1,0.0,0.9191082228962076,-0.14432067481189498,1062.0
1,0.0,1.528876996379298,0.8521079128093442,1061.0
1,0.0,-2.2313637734330927,-1.6389635562437543,1060.0
1,0.0,0.1060831915854206,0.3538936189987241,1059.0
1,0.0,0.1060831915854206,1.8485365004305836,1058.0
1,0.0,-0.9101980975530634,-0.3934278217172051,1057.0
1,0.0,1.1223644807239046,-1.3898564093384442,1056.0
1,0.0,-0.9101980975530634,1.5994293535252733,1055.0
1,0.0,0.5125957072408142,-0.3934278217172051,1054.0
1,0.0,0.3093394494131174,-0.14432067481189498,1053.0
1,0.0,0.1060831915854206,0.8521079128093442,1052.0
1,0.0,-1.7232231288638504,1.5994293535252733,1051.0
1,0.0,-0.30042932406997297,-0.14432067481189498,1050.0
1,0.0,0.4109675783269658,0.3538936189987241,1049.0
1,1.0,-0.5036855818976698,0.3538936189987241,1048.0
1,0.0,-1.9264793866915475,0.6030007659040342,1047.0
1,0.0,1.1223644807239046,0.6030007659040342,1046.0
1,0.0,-0.4020574529838214,0.10478647209341398,1045.0
1,0.0,1.528876996379298,0.10478647209341398,1044.0
1,0.0,0.207711320499269,-1.1407492624331352,1043.0
1,0.0,-1.3167106132084572,-1.1407492624331352,1042.0
1,0.0,0.1060831915854206,-0.3934278217172051,1041.0
1,0.0,-0.5036855818976698,-1.6389635562437543,1040.0
1,0.0,1.1223644807239046,0.6030007659040342,1039.0
1,0.0,-0.0971730662422762,0.3538936189987241,1038.0
1,0.0,-1.5199668710361538,-0.3934278217172051,1037.0
1,0.0,-1.0118262264669118,0.8521079128093442,1036.0
1,0.0,-0.7069418397253665,1.3503222066199632,1035.0
1,0.0,-0.0971730662422762,-0.3934278217172051,1034.0
1,0.0,0.9191082228962076,-0.3934278217172051,1033.0
1,0.0,-1.3167106132084572,0.8521079128093442,1032.0
1,0.0,1.528876996379298,0.3538936189987241,1031.0
1,0.0,0.3093394494131174,-0.6425349686225151,1030.0
1,0.0,-0.0971730662422762,0.6030007659040342,1029.0
1,0.0,0.1060831915854206,-1.8880707031490644,1028.0
1,0.0,0.5125957072408142,0.6030007659040342,1027.0
1,1.0,-0.30042932406997297,-0.3934278217172051,1026.0
1,0.0,0.1060831915854206,0.10478647209341398,1025.0
1,0.0,0.1060831915854206,1.8485365004305836,1024.0
1,0.0,-1.3167106132084572,0.6030007659040342,1023.0
1,0.0,-0.19880119515612454,-2.1371778500543743,1022.0
1,0.0,-2.2313637734330927,-0.14432067481189498,1021.0
1,0.0,1.3256207385516012,1.1012150597146542,1020.0
1,0.0,-0.0971730662422762,0.6030007659040342,1019.0
1,0.0,-1.9264793866915475,1.5994293535252733,1018.0
1,0.0,0.3093394494131174,1.5994293535252733,1017.0
1,0.0,0.1060831915854206,1.3503222066199632,1016.0
1,0.0,-0.7069418397253665,0.3538936189987241,1015.0
1,0.0,-1.1134543553807599,-1.1407492624331352,1014.0
1,0.0,-2.5362481601746376,1.1012150597146542,1013.0
1,0.0,1.7321332542069952,0.10478647209341398,1012.0
1,0.0,0.7158519650685109,0.6030007659040342,1011.0
1,0.0,-0.30042932406997297,0.8521079128093442,1010.0
1,0.0,1.1223644807239046,-0.8916421155278252,1009.0
1,0.0,0.3093394494131174,-0.14432067481189498,1008.0
1,0.0,-0.30042932406997297,0.6030007659040342,1007.0
1,0.0,-0.30042932406997297,0.6030007659040342,1006.0
1,0.0,0.3093394494131174,0.6030007659040342,1005.0
1,1.0,-1.2150824842946086,-1.6389635562437543,1004.0
1,0.0,-1.2150824842946086,-1.3898564093384442,1003.0
1,0.0,2.1386457698623884,-0.14432067481189498,1002.0
1,0.0,0.7158519650685109,1.1012150597146542,1001.0
1,0.0,-1.824851257777699,-0.14432067481189498,1000.0
1,0.0,0.5125957072408142,-0.6425349686225151,999.0
1,0.0,-0.5036855818976698,-0.3934278217172051,998.0
1,0.0,-1.4183387421223053,0.10478647209341398,997.0
1,0.0,1.528876996379298,0.6030007659040342,996.0
1,0.0,-1.1134543553807599,0.3538936189987241,995.0
1,0.0,0.1060831915854206,-0.6425349686225151,994.0
1,0.0,0.3093394494131174,0.3538936189987241,993.0
1,0.0,-1.1134543553807599,-2.6353921438649937,992.0
1,0.0,0.3093394494131174,0.3538936189987241,991.0
1,0.0,0.1060831915854206,0.6030007659040342,990.0
1,0.0,-0.7069418397253665,0.10478647209341398,989.0
1,0.0,1.528876996379298,1.1012150597146542,988.0
1,0.0,0.7158519650685109,-0.14432067481189498,987.0
1,0.0,-1.1134543553807599,1.1012150597146542,986.0
1,0.0,0.9191082228962076,-0.3934278217172051,985.0
1,0.0,1.7321332542069952,-1.1407492624331352,984.0
1,0.0,-1.1134543553807599,-0.14432067481189498,983.0
1,0.0,0.5125957072408142,0.6030007659040342,982.0
1,1.0,-0.5036855818976698,1.1012150597146542,981.0
1,0.0,2.1386457698623884,1.1012150597146542,980.0
1,0.0,0.3093394494131174,1.5994293535252733,979.0
1,0.0,0.5125957072408142,0.3538936189987241,978.0
1,0.0,-1.7232231288638504,1.1012150597146542,977.0
1,0.0,2.1386457698623884,1.3503222066199632,976.0
1,0.0,1.528876996379298,0.6030007659040342,975.0
1,0.0,-0.30042932406997297,0.10478647209341398,974.0
1,0.0,-1.7232231288638504,0.6030007659040342,973.0
1,0.0,-0.5036855818976698,-0.3934278217172051,972.0
1,0.0,-0.30042932406997297,-0.3934278217172051,971.0
1,0.0,0.3093394494131174,-0.14432067481189498,970.0
1,0.0,-1.1134543553807599,-0.8916421155278252,969.0
1,0.0,-1.1134543553807599,0.8521079128093442,968.0
1,0.0,1.528876996379298,0.10478647209341398,967.0
1,0.0,0.1060831915854206,1.1012150597146542,966.0
1,0.0,0.7158519650685109,0.6030007659040342,965.0
1,0.0,-0.6053137108115182,-0.8916421155278252,964.0
1,0.0,-1.7232231288638504,-0.6425349686225151,963.0
1,0.0,-0.5036855818976698,-1.8880707031490644,962.0
1,0.0,0.3093394494131174,-2.1371778500543743,961.0
1,0.0,0.9191082228962076,1.1012150597146542,960.0
1,1.0,1.1223644807239046,-1.3898564093384442,959.0
1,0.0,-1.5199668710361538,0.3538936189987241,958.0
1,0.0,-1.4589899936878443,0.10478647209341398,957.0
1,0.0,-0.30042932406997297,-1.6389635562437543,956.0
1,0.0,-0.0971730662422762,1.1012150597146542,955.0
1,0.0,-0.8085699686392149,0.6030007659040342,954.0
1,0.0,0.1060831915854206,-2.1371778500543743,953.0
1,0.0,-1.1134543553807599,-1.6389635562437543,952.0
1,0.0,-0.7069418397253665,-0.14432067481189498,951.0
1,0.0,1.1223644807239046,-0.8916421155278252,950.0
1,0.0,-1.0118262264669118,-1.6389635562437543,949.0
1,0.0,-0.5036855818976698,-0.3934278217172051,948.0
1,0.0,-0.7069418397253665,-0.3934278217172051,947.0
1,0.0,-1.5199668710361538,1.3503222066199632,946.0
1,0.0,1.7321332542069952,-0.3934278217172051,945.0
1,0.0,0.1060831915854206,0.8521079128093442,944.0
1,0.0,1.1223644807239046,-0.3934278217172051,943.0
1,0.0,1.7321332542069952,-0.6425349686225151,942.0
1,0.0,-0.5036855818976698,-0.14432067481189498,941.0
1,0.0,1.3256207385516012,0.8521079128093442,940.0
1,0.0,-0.5036855818976698,0.10478647209341398,939.0
1,0.0,-0.5036855818976698,0.6030007659040342,938.0
1,1.0,0.3093394494131174,-0.3934278217172051,937.0
1,0.0,1.3256207385516012,-0.6425349686225151,936.0
1,0.0,0.1060831915854206,1.3503222066199632,935.0
1,0.0,-1.1134543553807599,0.6030007659040342,934.0
1,0.0,1.1223644807239046,-0.8916421155278252,933.0
1,0.0,0.1060831915854206,0.10478647209341398,932.0
1,0.0,1.935389512034692,0.6030007659040342,931.0
1,0.0,0.1060831915854206,-2.3862849969596844,930.0
1,0.0,-0.7069418397253665,-1.3898564093384442,929.0
1,0.0,-0.7069418397253665,-0.3934278217172051,928.0
1,0.0,-1.1134543553807599,1.1012150597146542,927.0
1,0.0,0.5125957072408142,1.3503222066199632,926.0
1,0.0,-1.0118262264669118,0.6030007659040342,925.0
1,0.0,1.935389512034692,-0.14432067481189498,924.0
1,0.0,-0.30042932406997297,-0.8916421155278252,923.0
1,0.0,-0.4020574529838214,1.1012150597146542,922.0
1,0.0,0.5125957072408142,0.10478647209341398,921.0
1,0.0,0.5125957072408142,1.5994293535252733,920.0
1,0.0,0.9191082228962076,0.10478647209341398,919.0
1,0.0,0.3093394494131174,0.8521079128093442,918.0
1,0.0,-0.5036855818976698,-0.3934278217172051,917.0
1,0.0,0.7158519650685109,1.3503222066199632,916.0
1,1.0,-0.7069418397253665,-0.8916421155278252,915.0
1,0.0,0.1060831915854206,0.10478647209341398,914.0
1,0.0,1.3256207385516012,1.5994293535252733,913.0
1,0.0,-1.3167106132084572,-1.1407492624331352,912.0
1,0.0,1.3256207385516012,0.8521079128093442,911.0
1,0.0,0.1060831915854206,0.10478647209341398,910.0
1,0.0,1.3256207385516012,1.3503222066199632,909.0
1,0.0,0.4109675783269658,-0.6425349686225151,908.0
1,0.0,0.1060831915854206,-2.1371778500543743,907.0
1,0.0,-0.30042932406997297,1.1012150597146542,906.0
1,0.0,-0.30042932406997297,-0.8916421155278252,905.0
1,0.0,-1.1134543553807599,-0.3934278217172051,904.0
1,0.0,1.528876996379298,-0.14432067481189498,903.0
1,0.0,-1.3167106132084572,0.10478647209341398,902.0
1,0.0,1.528876996379298,-0.14432067481189498,901.0
1,0.0,-0.5036855818976698,0.10478647209341398,900.0
1,0.0,0.3093394494131174,-0.14432067481189498,899.0
1,0.0,2.1386457698623884,-2.6353921438649937,898.0
1,0.0,-0.0971730662422762,1.1012150597146542,897.0
1,0.0,0.5125957072408142,-1.1407492624331352,896.0
1,0.0,0.9191082228962076,1.1012150597146542,895.0
1,0.0,-2.7395044180023342,-0.14432067481189498,894.0
1,1.0,0.9191082228962076,1.1012150597146542,893.0
1,0.0,-0.7069418397253665,-1.3898564093384442,892.0
1,0.0,0.7158519650685109,0.6030007659040342,891.0
1,0.0,-0.7069418397253665,-0.6425349686225151,890.0
1,0.0,0.3093394494131174,0.8521079128093442,889.0
1,0.0,-0.5036855818976698,-1.3898564093384442,888.0
1,0.0,-0.9101980975530634,-0.6425349686225151,887.0
1,0.0,-1.1134543553807599,-0.6425349686225151,886.0
1,0.0,-0.5036855818976698,-1.1407492624331352,885.0
1,0.0,-0.5036855818976698,0.6030007659040342,884.0
1,0.0,-0.9101980975530634,1.3503222066199632,883.0
1,0.0,-0.6053137108115182,-1.3898564093384442,882.0
1,0.0,-0.0971730662422762,-0.8916421155278252,881.0
1,0.0,0.3093394494131174,-0.14432067481189498,880.0
1,0.0,0.5125957072408142,-1.6389635562437543,879.0
1,0.0,-0.30042932406997297,-0.3934278217172051,878.0
1,0.0,-0.30042932406997297,0.3538936189987241,877.0
1,0.0,1.1223644807239046,0.8521079128093442,876.0
1,0.0,0.5125957072408142,-1.3898564093384442,875.0
1,0.0,-0.30042932406997297,0.8521079128093442,874.0
1,0.0,0.1060831915854206,0.10478647209341398,873.0
1,0.0,0.1060831915854206,0.10478647209341398,872.0
1,1.0,1.528876996379298,0.3538936189987241,871.0
1,0.0,-0.7069418397253665,0.8521079128093442,870.0
1,0.0,1.1223644807239046,-1.3898564093384442,869.0
1,0.0,0.3093394494131174,-0.14432067481189498,868.0
1,0.0,-1.1134543553807599,-0.3934278217172051,867.0
1,0.0,0.5125957072408142,1.5994293535252733,866.0
1,0.0,-1.5199668710361538,1.1012150597146542,865.0
1,0.0,0.1060831915854206,0.8521079128093442,864.0
1,0.0,1.1223644807239046,-1.8880707031490644,863.0
1,0.0,2.1386457698623884,1.1012150597146542,862.0
1,0.0,-1.9264793866915475,0.6030007659040342,861.0
1,0.0,0.1060831915854206,-1.3898564093384442,860.0
1,0.0,1.528876996379298,-1.8880707031490644,859.0
1,0.0,0.5125957072408142,0.3538936189987241,858.0
1,0.0,1.935389512034692,-0.8916421155278252,857.0
1,0.0,1.3256207385516012,0.8521079128093442,856.0
1,0.0,1.7321332542069952,0.6030007659040342,855.0
1,0.0,0.7158519650685109,0.10478647209341398,854.0
1,0.0,1.1223644807239046,1.3503222066199632,853.0
1,0.0,-0.0971730662422762,-1.1407492624331352,852.0
1,0.0,1.935389512034692,-0.3934278217172051,851.0
1,0.0,0.5125957072408142,0.8521079128093442,850.0
1,1.0,0.5125957072408142,0.3538936189987241,849.0
1,0.0,-0.5036855818976698,1.8485365004305836,848.0
1,0.0,-0.5036855818976698,-0.14432067481189498,847.0
1,0.0,1.528876996379298,0.6030007659040342,846.0
1,0.0,0.7158519650685109,-1.1407492624331352,845.0
1,0.0,1.1223644807239046,0.8521079128093442,844.0
1,0.0,1.1223644807239046,0.3538936189987241,843.0
1,0.0,0.7158519650685109,-0.8916421155278252,842.0
1,0.0,1.1223644807239046,-0.14432067481189498,841.0
1,0.0,-0.4020574529838214,-0.14432067481189498,840.0
1,0.0,-0.30042932406997297,0.10478647209341398,839.0
1,0.0,1.528876996379298,-0.6425349686225151,838.0
1,0.0,0.5125957072408142,-2.1371778500543743,837.0
1,0.0,-0.0971730662422762,0.8521079128093442,836.0
1,0.0,-0.5036855818976698,-0.6425349686225151,835.0
1,0.0,-0.9101980975530634,0.8521079128093442,834.0
1,0.0,-0.7069418397253665,-1.8880707031490644,833.0
1,0.0,-0.30042932406997297,0.8521079128093442,832.0
1,0.0,-0.5036855818976698,0.3538936189987241,831.0
1,0.0,-0.30042932406997297,0.3538936189987241,830.0
1,0.0,-1.4183387421223053,0.8521079128093442,829.0
1,0.0,-0.0971730662422762,0.10478647209341398,828.0
1,1.0,-2.1297356445192444,0.3538936189987241,827.0
1,0.0,-1.1134543553807599,-0.6425349686225151,826.0
1,0.0,-0.30042932406997297,1.5994293535252733,825.0
1,0.0,-1.7232231288638504,1.3503222066199632,824.0
1,0.0,-1.6622462515155414,-1.8880707031490644,823.0
1,0.0,0.3093394494131174,-1.1407492624331352,822.0
1,0.0,0.9191082228962076,1.3503222066199632,821.0
1,0.0,0.7158519650685109,-0.8916421155278252,820.0
1,0.0,-0.5036855818976698,1.3503222066199632,819.0
1,0.0,0.3093394494131174,1.1012150597146542,818.0
1,0.0,-0.9101980975530634,-0.14432067481189498,817.0
1,0.0,-1.2150824842946086,1.5994293535252733,816.0
1,0.0,1.1223644807239046,-0.3934278217172051,815.0
1,0.0,0.9191082228962076,-0.8916421155278252,814.0
1,0.0,-0.0971730662422762,-1.1407492624331352,813.0
1,0.0,-0.0971730662422762,0.3538936189987241,812.0
1,0.0,-1.3167106132084572,-0.8916421155278252,811.0
1,0.0,0.5125957072408142,-1.1407492624331352,810.0
1,0.0,1.1223644807239046,-0.14432067481189498,809.0
1,0.0,0.7158519650685109,0.6030007659040342,808.0
1,0.0,0.7158519650685109,0.3538936189987241,807.0
1,0.0,-0.7069418397253665,-1.8880707031490644,806.0
1,1.0,-1.7232231288638504,-1.1407492624331352,805.0
1,0.0,1.935389512034692,1.3503222066199632,804.0
1,0.0,2.1386457698623884,-0.3934278217172051,803.0
1,0.0,1.528876996379298,-1.3898564093384442,802.0
1,0.0,-1.3167106132084572,-1.3898564093384442,801.0
1,0.0,-0.30042932406997297,-0.14432067481189498,800.0
1,0.0,0.9191082228962076,-2.884499290770304,799.0
1,0.0,-0.0971730662422762,-1.1407492624331352,798.0
1,0.0,1.3256207385516012,1.8485365004305836,797.0
1,0.0,0.7158519650685109,-0.3934278217172051,796.0
1,0.0,-0.5036855818976698,0.10478647209341398,795.0
1,0.0,-1.1134543553807599,0.3538936189987241,794.0
1,0.0,-1.1134543553807599,0.10478647209341398,793.0
1,0.0,-1.4183387421223053,-0.3934278217172051,792.0
1,0.0,-0.5036855818976698,-0.14432067481189498,791.0
1,0.0,-0.0971730662422762,0.10478647209341398,790.0
1,0.0,0.4109675783269658,1.1012150597146542,789.0
1,0.0,-0.0971730662422762,-0.14432067481189498,788.0
1,0.0,0.3093394494131174,0.6030007659040342,787.0
1,0.0,-0.7069418397253665,-3.133606437675614,786.0
1,0.0,-0.19880119515612454,1.5994293535252733,785.0
1,0.0,-0.9101980975530634,-0.8916421155278252,784.0
1,1.0,0.207711320499269,1.1012150597146542,783.0
1,0.0,-0.7069418397253665,0.6030007659040342,782.0
1,0.0,1.1223644807239046,1.1012150597146542,781.0
1,0.0,0.004455062671572207,-0.3934278217172051,780.0
1,0.0,1.7321332542069952,-1.3898564093384442,779.0
1,0.0,-0.7069418397253665,-0.6425349686225151,778.0
1,0.0,1.528876996379298,-0.14432067481189498,777.0
1,0.0,1.223992609637753,-0.6425349686225151,776.0
1,0.0,0.9191082228962076,-0.8916421155278252,775.0
1,0.0,-0.9101980975530634,-0.3934278217172051,774.0
1,0.0,1.3256207385516012,-0.14432067481189498,773.0
1,0.0,-0.03619618889396773,0.6030007659040342,772.0
1,0.0,-1.2150824842946086,-0.14432067481189498,771.0
1,0.0,-2.7395044180023342,-1.6389635562437543,770.0
1,0.0,1.3256207385516012,0.10478647209341398,769.0
1,0.0,-0.0971730662422762,-0.14432067481189498,768.0
1,0.0,-1.621594999950002,0.10478647209341398,767.0
1,0.0,-1.2150824842946086,-0.14432067481189498,766.0
1,0.0,0.5125957072408142,0.3538936189987241,765.0
1,0.0,0.7158519650685109,0.3538936189987241,764.0
1,0.0,-1.9264793866915475,-1.3898564093384442,763.0
1,0.0,0.9191082228962076,-0.8916421155278252,762.0
1,1.0,0.7158519650685109,0.3538936189987241,761.0
1,0.0,-0.6053137108115182,-0.8916421155278252,760.0
1,0.0,1.1223644807239046,-0.14432067481189498,759.0
1,0.0,0.3093394494131174,1.3503222066199632,758.0
1,0.0,0.3093394494131174,-0.14432067481189498,757.0
1,0.0,1.528876996379298,0.6030007659040342,756.0
1,0.0,0.1060831915854206,-0.6425349686225151,755.0
1,0.0,1.528876996379298,1.1012150597146542,754.0
1,0.0,1.1223644807239046,1.3503222066199632,753.0
1,0.0,2.1386457698623884,0.8521079128093442,752.0
1,0.0,0.1060831915854206,-0.6425349686225151,751.0
1,0.0,-0.30042932406997297,0.8521079128093442,750.0
1,0.0,0.1060831915854206,0.3538936189987241,749.0
1,0.0,-0.5036855818976698,-0.6425349686225151,748.0
1,0.0,-1.5199668710361538,-1.3898564093384442,747.0
1,0.0,-0.0971730662422762,-0.3934278217172051,746.0
1,0.0,0.7158519650685109,-0.8916421155278252,745.0
1,0.0,0.5125957072408142,-1.3898564093384442,744.0
1,0.0,0.7158519650685109,-1.1407492624331352,743.0
1,0.0,-0.5036855818976698,-0.3934278217172051,742.0
1,0.0,0.3093394494131174,0.3538936189987241,741.0
1,1.0,0.1060831915854206,0.10478647209341398,740.0
1,0.0,0.1060831915854206,-0.14432067481189498,739.0
1,0.0,-0.0971730662422762,-1.3898564093384442,738.0
1,0.0,0.5125957072408142,0.3538936189987241,737.0
1,0.0,-1.7232231288638504,-0.14432067481189498,736.0
1,0.0,-0.30042932406997297,-0.3934278217172051,735.0
1,0.0,-0.5036855818976698,0.6030007659040342,734.0
1,0.0,-0.7069418397253665,0.10478647209341398,733.0
1,0.0,0.1060831915854206,-0.6425349686225151,732.0
1,0.0,-0.5036855818976698,0.6030007659040342,731.0
1,0.0,-0.0971730662422762,-0.14432067481189498,730.0
1,0.0,-0.0971730662422762,0.6030007659040342,729.0
1,0.0,0.1060831915854206,0.8521079128093442,728.0
1,0.0,-0.9101980975530634,1.1012150597146542,727.0
1,0.0,-0.6053137108115182,-0.14432067481189498,726.0
1,0.0,-0.9101980975530634,0.6030007659040342,725.0
1,0.0,-0.9101980975530634,-1.6389635562437543,724.0
1,0.0,1.935389512034692,-0.3934278217172051,723.0
1,0.0,0.3093394494131174,-0.3934278217172051,722.0
1,0.0,0.7158519650685109,1.8485365004305836,721.0
1,0.0,0.9191082228962076,0.10478647209341398,720.0
1,0.0,0.1060831915854206,-0.6425349686225151,719.0
1,1.0,0.3093394494131174,-0.3934278217172051,718.0
1,0.0,-0.0971730662422762,1.3503222066199632,717.0
1,0.0,0.7158519650685109,-2.1371778500543743,716.0
1,0.0,-2.4752712828263284,-0.3934278217172051,715.0
1,0.0,0.3093394494131174,1.3503222066199632,714.0
1,0.0,1.935389512034692,0.8521079128093442,713.0
1,0.0,0.1060831915854206,-0.3934278217172051,712.0
1,0.0,1.3256207385516012,-0.14432067481189498,711.0
1,0.0,-0.0971730662422762,0.3538936189987241,710.0
1,0.0,2.1386457698623884,0.8521079128093442,709.0
1,0.0,0.3093394494131174,0.8521079128093442,708.0
1,0.0,-0.30042932406997297,1.5994293535252733,707.0
1,0.0,-0.0971730662422762,1.1012150597146542,706.0
1,0.0,-0.7069418397253665,0.6030007659040342,705.0
1,0.0,-0.30042932406997297,-1.1407492624331352,704.0
1,0.0,-0.7069418397253665,-0.3934278217172051,703.0
1,0.0,-0.9101980975530634,0.3538936189987241,702.0
1,0.0,-1.5199668710361538,-0.8916421155278252,701.0
1,0.0,0.9191082228962076,0.6030007659040342,700.0
1,0.0,0.3093394494131174,-0.6425349686225151,699.0
1,0.0,1.020736351810056,1.1012150597146542,698.0
1,0.0,-0.30042932406997297,-1.8880707031490644,697.0
1,1.0,0.5125957072408142,0.8521079128093442,696.0
1,0.0,0.9191082228962076,-0.6425349686225151,695.0
1,0.0,1.3256207385516012,0.8521079128093442,694.0
1,0.0,0.1060831915854206,0.10478647209341398,693.0
1,0.0,-0.30042932406997297,-1.3898564093384442,692.0
1,0.0,0.9191082228962076,-0.8916421155278252,691.0
1,0.0,-1.2150824842946086,-0.6425349686225151,690.0
1,0.0,-0.0971730662422762,-1.6389635562437543,689.0
1,0.0,-0.0971730662422762,0.3538936189987241,688.0
1,0.0,0.5125957072408142,-0.14432067481189498,687.0
1,0.0,-0.4020574529838214,-0.8916421155278252,686.0
1,0.0,1.528876996379298,-0.3934278217172051,685.0
1,0.0,-0.5036855818976698,0.6030007659040342,684.0
1,0.0,-1.0524774780324515,-0.3934278217172051,683.0
1,0.0,0.9191082228962076,-0.6425349686225151,682.0
1,0.0,-0.7069418397253665,0.3538936189987241,681.0
1,0.0,-0.9101980975530634,1.1012150597146542,680.0
1,0.0,0.3093394494131174,0.8521079128093442,679.0
1,0.0,0.1060831915854206,-0.8916421155278252,678.0
1,0.0,-0.0971730662422762,-0.14432067481189498,677.0
1,0.0,0.5125957072408142,-0.6425349686225151,676.0
1,0.0,2.1386457698623884,1.1012150597146542,675.0
1,1.0,0.3093394494131174,-0.6425349686225151,674.0
1,0.0,0.7158519650685109,1.3503222066199632,673.0
1,0.0,0.5125957072408142,-1.1407492624331352,672.0
1,0.0,-0.9101980975530634,0.3538936189987241,671.0
1,0.0,-0.5036855818976698,-0.3934278217172051,670.0
1,0.0,-1.5199668710361538,-2.1371778500543743,669.0
1,0.0,0.004455062671572207,-0.3934278217172051,668.0
1,0.0,0.9191082228962076,0.6030007659040342,667.0
1,0.0,-0.5036855818976698,0.3538936189987241,666.0
1,0.0,0.3093394494131174,-0.6425349686225151,665.0
1,0.0,-2.4346200312607893,-1.3898564093384442,664.0
1,0.0,0.1060831915854206,0.8521079128093442,663.0
1,0.0,-0.9101980975530634,-0.8916421155278252,662.0
1,0.0,0.3093394494131174,-1.1407492624331352,661.0
1,0.0,0.3093394494131174,0.8521079128093442,660.0
1,0.0,0.3093394494131174,-0.8916421155278252,659.0
1,0.0,1.1223644807239046,0.10478647209341398,658.0
1,0.0,-1.4183387421223053,0.10478647209341398,657.0
1,0.0,0.7158519650685109,0.10478647209341398,656.0
1,0.0,-0.30042932406997297,0.10478647209341398,655.0
1,0.0,-1.3167106132084572,-1.8880707031490644,654.0
1,1.0,0.1060831915854206,1.5994293535252733,653.0
1,0.0,-0.9101980975530634,-0.6425349686225151,652.0
1,0.0,0.1060831915854206,0.8521079128093442,651.0
1,0.0,0.9191082228962076,1.1012150597146542,650.0
1,0.0,-0.5036855818976698,-0.6425349686225151,649.0
1,0.0,-0.5036855818976698,-0.14432067481189498,648.0
1,0.0,0.5125957072408142,-0.6425349686225151,647.0
1,0.0,-1.3167106132084572,-0.6425349686225151,646.0
1,0.0,1.7321332542069952,0.3538936189987241,645.0
1,0.0,-0.0971730662422762,0.3538936189987241,644.0
1,0.0,0.3093394494131174,0.8521079128093442,643.0
1,0.0,0.9191082228962076,1.3503222066199632,642.0
1,0.0,0.9191082228962076,-0.14432067481189498,641.0
1,0.0,0.9191082228962076,0.6030007659040342,640.0
1,0.0,0.7158519650685109,-0.14432067481189498,639.0
1,0.0,0.5125957072408142,1.5994293535252733,638.0
1,0.0,-0.5036855818976698,0.3538936189987241,637.0
1,0.0,-0.5036855818976698,0.10478647209341398,636.0
1,0.0,-0.0971730662422762,0.10478647209341398,635.0
1,0.0,1.7321332542069952,0.3538936189987241,634.0
1,0.0,-1.3167106132084572,-0.6425349686225151,633.0
1,0.0,2.1386457698623884,1.5994293535252733,632.0
1,1.0,-0.9101980975530634,0.10478647209341398,631.0
1,0.0,1.7321332542069952,0.8521079128093442,630.0
1,0.0,-0.9101980975530634,-1.3898564093384442,629.0
1,0.0,0.3093394494131174,-0.14432067481189498,628.0
1,0.0,0.1060831915854206,0.3538936189987241,627.0
1,0.0,-0.8085699686392149,-0.14432067481189498,626.0
1,0.0,-1.3167106132084572,1.1012150597146542,625.0
1,0.0,-0.30042932406997297,0.8521079128093442,624.0
1,0.0,-0.7069418397253665,1.5994293535252733,623.0
1,0.0,-0.7069418397253665,-0.8916421155278252,622.0
1,0.0,0.5125957072408142,-2.1371778500543743,621.0
1,0.0,-0.7069418397253665,-2.1371778500543743,620.0
1,0.0,-0.30042932406997297,-0.14432067481189498,619.0
1,0.0,-0.9101980975530634,0.6030007659040342,618.0
1,0.0,-1.7232231288638504,-0.8916421155278252,617.0
1,0.0,-1.5199668710361538,0.6030007659040342,616.0
1,0.0,0.3093394494131174,0.3538936189987241,615.0
1,0.0,-2.1297356445192444,0.6030007659040342,614.0
1,0.0,0.3093394494131174,0.8521079128093442,613.0
1,0.0,2.1386457698623884,0.10478647209341398,612.0
1,0.0,1.7321332542069952,0.6030007659040342,611.0
1,1.0,-1.621594999950002,-0.3934278217172051,610.0
1,0.0,1.935389512034692,0.8521079128093442,609.0
1,0.0,1.7321332542069952,1.3503222066199632,608.0
1,0.0,-0.0971730662422762,-1.3898564093384442,607.0
1,0.0,-0.9101980975530634,-1.1407492624331352,606.0
1,0.0,0.9191082228962076,1.5994293535252733,605.0
1,0.0,-0.7069418397253665,-0.3934278217172051,604.0
1,0.0,0.5125957072408142,0.3538936189987241,603.0
1,0.0,0.1060831915854206,-1.6389635562437543,602.0
1,0.0,0.5125957072408142,1.5994293535252733,601.0
1,0.0,0.5125957072408142,1.8485365004305836,600.0
1,0.0,-0.7069418397253665,-0.14432067481189498,599.0
1,0.0,-0.5036855818976698,0.3538936189987241,598.0
1,0.0,0.7158519650685109,1.3503222066199632,597.0
1,0.0,0.7158519650685109,-0.14432067481189498,596.0
1,0.0,-0.9101980975530634,0.6030007659040342,595.0
1,0.0,-0.5036855818976698,0.3538936189987241,594.0
1,0.0,-0.30042932406997297,0.10478647209341398,593.0
1,0.0,0.045106314237112144,0.10478647209341398,592.0
1,0.0,1.3256207385516012,1.1012150597146542,591.0
1,0.0,1.935389512034692,0.3538936189987241,590.0
1,0.0,0.3093394494131174,-0.14432067481189498,589.0
1,1.0,-0.30042932406997297,0.10478647209341398,588.0
1,0.0,0.9191082228962076,1.3503222066199632,587.0
1,0.0,-0.5036855818976698,-0.3934278217172051,586.0
1,0.0,-0.5036855818976698,-0.14432067481189498,585.0
1,0.0,-0.7069418397253665,1.8485365004305836,584.0
1,0.0,-2.028107515605396,-2.1371778500543743,583.0
1,0.0,0.1060831915854206,-1.1407492624331352,582.0
1,0.0,-0.7069418397253665,-1.8880707031490644,581.0
1,0.0,-0.7069418397253665,-0.3934278217172051,580.0
1,0.0,-1.7232231288638504,0.6030007659040342,579.0
1,0.0,1.3256207385516012,-0.3934278217172051,578.0
1,0.0,-0.30042932406997297,-1.3898564093384442,577.0
1,0.0,0.7158519650685109,0.6030007659040342,576.0
1,0.0,0.7158519650685109,-0.6425349686225151,575.0
1,0.0,0.5125957072408142,1.8485365004305836,574.0
1,0.0,0.9191082228962076,0.3538936189987241,573.0
1,0.0,0.3093394494131174,-0.6425349686225151,572.0
1,0.0,0.5125957072408142,-0.14432067481189498,571.0
1,0.0,-0.8085699686392149,1.3503222066199632,570.0
1,0.0,-0.30042932406997297,0.6030007659040342,569.0
1,0.0,1.7321332542069952,-0.14432067481189498,568.0
1,0.0,-0.9101980975530634,-2.884499290770304,567.0
1,1.0,-0.7069418397253665,-1.6389635562437543,566.0
1,0.0,0.5125957072408142,-1.3898564093384442,565.0
1,0.0,0.5125957072408142,1.5994293535252733,564.0
1,0.0,-1.3167106132084572,-0.3934278217172051,563.0
1,0.0,-0.0971730662422762,-0.3934278217172051,562.0
1,0.0,-0.8085699686392149,-0.6425349686225151,561.0
1,0.0,0.3093394494131174,0.10478647209341398,560.0
1,0.0,-0.9101980975530634,1.5994293535252733,559.0
1,0.0,-2.7395044180023342,1.3503222066199632,558.0
1,0.0,-1.824851257777699,-1.3898564093384442,557.0
1,0.0,1.935389512034692,-1.1407492624331352,556.0
1,0.0,-1.9264793866915475,-1.1407492624331352,555.0
1,0.0,-0.7069418397253665,-0.6425349686225151,554.0
1,0.0,-1.2150824842946086,0.8521079128093442,553.0
1,0.0,0.3093394494131174,-1.1407492624331352,552.0
1,0.0,1.935389512034692,1.1012150597146542,551.0
1,0.0,-0.5036855818976698,-0.6425349686225151,550.0
1,0.0,-0.7069418397253665,-0.3934278217172051,549.0
1,0.0,-1.3167106132084572,0.10478647209341398,548.0
1,0.0,-0.9101980975530634,-0.3934278217172051,547.0
1,0.0,0.9191082228962076,0.3538936189987241,546.0
1,1.0,0.7158519650685109,-0.3934278217172051,545.0
1,0.0,0.9191082228962076,1.3503222066199632,544.0
1,0.0,-1.5199668710361538,0.8521079128093442,543.0
1,0.0,-0.30042932406997297,-0.6425349686225151,542.0
1,0.0,-0.30042932406997297,0.6030007659040342,541.0
1,0.0,0.1060831915854206,-0.14432067481189498,540.0
1,0.0,1.528876996379298,-0.14432067481189498,539.0
1,0.0,-0.9101980975530634,0.10478647209341398,538.0
1,0.0,-0.30042932406997297,0.10478647209341398,537.0
1,0.0,0.3093394494131174,0.3538936189987241,536.0
1,0.0,-0.30042932406997297,-1.3898564093384442,535.0
1,0.0,-0.7069418397253665,-1.6389635562437543,534.0
1,0.0,-0.9101980975530634,-0.6425349686225151,533.0
1,0.0,-0.7069418397253665,-2.3862849969596844,532.0
1,0.0,-0.5036855818976698,-0.14432067481189498,531.0
1,0.0,-1.3167106132084572,1.3503222066199632,530.0
1,0.0,1.528876996379298,1.5994293535252733,529.0
1,0.0,0.1060831915854206,0.8521079128093442,528.0
1,0.0,0.5125957072408142,-0.14432067481189498,527.0
1,0.0,0.3093394494131174,-1.3898564093384442,526.0
1,0.0,0.3093394494131174,0.10478647209341398,525.0
1,0.0,0.7158519650685109,1.8485365004305836,524.0
1,1.0,-1.5199668710361538,-1.1407492624331352,523.0
1,0.0,0.7158519650685109,0.6030007659040342,522.0
1,0.0,-0.5036855818976698,0.3538936189987241,521.0
1,0.0,-0.7069418397253665,0.6030007659040342,520.0
1,0.0,-0.5036855818976698,-0.8916421155278252,519.0
1,0.0,0.9191082228962076,0.8521079128093442,518.0
1,0.0,-1.1134543553807599,-0.14432067481189498,517.0
1,0.0,0.7158519650685109,-0.8916421155278252,516.0
1,0.0,-0.9101980975530634,-0.14432067481189498,515.0
1,0.0,-0.30042932406997297,0.3538936189987241,514.0
1,0.0,-0.0971730662422762,0.10478647209341398,513.0
1,0.0,-0.30042932406997297,-0.3934278217172051,512.0
1,0.0,-0.19880119515612454,-0.14432067481189498,511.0
1,0.0,0.3093394494131174,-0.3934278217172051,510.0
1,0.0,-0.5036855818976698,0.3538936189987241,509.0
1,0.0,0.1060831915854206,0.8521079128093442,508.0
1,0.0,0.7158519650685109,1.3503222066199632,507.0
1,0.0,0.1060831915854206,-0.14432067481189498,506.0
1,0.0,0.7158519650685109,-0.3934278217172051,505.0
1,0.0,-0.8085699686392149,0.10478647209341398,504.0
1,0.0,0.9191082228962076,-3.3827135845809235,503.0
1,1.0,-0.5036855818976698,-0.14432067481189498,502.0
1,0.0,0.3093394494131174,-1.3898564093384442,501.0
1,0.0,1.3256207385516012,0.6030007659040342,500.0
1,0.0,-0.8085699686392149,-1.3898564093384442,499.0
1,0.0,-0.9101980975530634,-1.3898564093384442,498.0
1,0.0,1.528876996379298,0.3538936189987241,497.0
1,0.0,-1.3167106132084572,0.10478647209341398,496.0
1,0.0,-0.0971730662422762,-0.8916421155278252,495.0
1,0.0,-0.0971730662422762,-1.3898564093384442,494.0
1,0.0,-1.5199668710361538,-0.3934278217172051,493.0
1,0.0,0.1060831915854206,0.10478647209341398,492.0
1,0.0,0.7158519650685109,0.8521079128093442,491.0
1,0.0,-0.7069418397253665,-0.14432067481189498,490.0
1,0.0,-1.1134543553807599,0.6030007659040342,489.0
1,0.0,-1.2150824842946086,0.3538936189987241,488.0
1,0.0,-0.0971730662422762,-0.6425349686225151,487.0
1,0.0,1.7321332542069952,0.8521079128093442,486.0
1,0.0,0.3093394494131174,1.3503222066199632,485.0
1,0.0,0.004455062671572207,-0.3934278217172051,484.0
1,0.0,0.9191082228962076,-1.3898564093384442,483.0
1,0.0,0.004455062671572207,0.6030007659040342,482.0
1,0.0,-0.5036855818976698,0.6030007659040342,481.0
1,1.0,-1.5199668710361538,-0.14432067481189498,480.0
1,0.0,0.7158519650685109,0.10478647209341398,479.0
1,0.0,0.1060831915854206,-0.14432067481189498,478.0
1,0.0,-1.4183387421223053,-1.6389635562437543,477.0
1,0.0,0.3093394494131174,0.8521079128093442,476.0
1,0.0,-0.5036855818976698,1.5994293535252733,475.0
1,0.0,-0.0971730662422762,-1.1407492624331352,474.0
1,0.0,0.3093394494131174,0.10478647209341398,473.0
1,0.0,-0.5036855818976698,-0.8916421155278252,472.0
1,0.0,1.1223644807239046,1.3503222066199632,471.0
1,0.0,0.3093394494131174,0.8521079128093442,470.0
1,0.0,-0.0971730662422762,-0.6425349686225151,469.0
1,0.0,-0.30042932406997297,1.1012150597146542,468.0
1,0.0,-0.6053137108115182,-0.8916421155278252,467.0
1,0.0,2.1386457698623884,0.8521079128093442,466.0
1,0.0,-1.1134543553807599,1.1012150597146542,465.0
1,0.0,-0.9101980975530634,1.3503222066199632,464.0
1,0.0,-1.9264793866915475,-0.14432067481189498,463.0
1,0.0,0.3093394494131174,1.3503222066199632,462.0
1,0.0,-1.2150824842946086,-1.1407492624331352,461.0
1,0.0,0.9191082228962076,-0.6425349686225151,460.0
1,1.0,-1.5199668710361538,0.10478647209341398,459.0
1,0.0,-0.9101980975530634,0.10478647209341398,458.0
1,0.0,0.5125957072408142,0.3538936189987241,457.0
1,0.0,-0.30042932406997297,1.1012150597146542,456.0
1,0.0,-0.9101980975530634,1.3503222066199632,455.0
1,0.0,0.7158519650685109,0.8521079128093442,454.0
1,0.0,-0.0971730662422762,-0.14432067481189498,453.0
1,0.0,-0.9101980975530634,1.1012150597146542,452.0
1,0.0,0.3093394494131174,1.3503222066199632,451.0
1,0.0,-0.9101980975530634,-1.3898564093384442,450.0
1,0.0,-1.1134543553807599,-1.1407492624331352,449.0
1,0.0,0.5125957072408142,0.6030007659040342,448.0
1,0.0,0.3093394494131174,-1.6389635562437543,447.0
1,0.0,-0.0971730662422762,-0.8916421155278252,446.0
1,0.0,0.5125957072408142,-1.1407492624331352,445.0
1,0.0,0.3093394494131174,1.5994293535252733,444.0
1,0.0,1.1223644807239046,-1.1407492624331352,443.0
1,0.0,0.5125957072408142,1.1012150597146542,442.0
1,0.0,-0.9101980975530634,0.10478647209341398,441.0
1,0.0,-0.9101980975530634,-0.3934278217172051,440.0
1,0.0,0.7158519650685109,1.1012150597146542,439.0
1,1.0,0.3093394494131174,0.6030007659040342,438.0
1,0.0,1.3256207385516012,1.1012150597146542,437.0
1,0.0,-0.7069418397253665,-0.8916421155278252,436.0
1,0.0,-0.7069418397253665,-0.8916421155278252,435.0
1,0.0,-0.0971730662422762,-0.14432067481189498,434.0
1,0.0,0.004455062671572207,-0.3934278217172051,433.0
1,0.0,-1.3167106132084572,-0.6425349686225151,432.0
1,0.0,1.3256207385516012,0.3538936189987241,431.0
1,0.0,-2.5362481601746376,-0.3934278217172051,430.0
1,0.0,-0.5036855818976698,-0.6425349686225151,429.0
1,0.0,0.3093394494131174,0.3538936189987241,428.0
1,0.0,0.9191082228962076,-0.6425349686225151,427.0
1,0.0,-0.0971730662422762,0.10478647209341398,426.0
1,0.0,-0.7069418397253665,-1.6389635562437543,425.0
1,0.0,-0.30042932406997297,0.3538936189987241,424.0
1,0.0,-1.3167106132084572,0.10478647209341398,423.0
1,0.0,-1.4183387421223053,-0.6425349686225151,422.0
1,0.0,0.3093394494131174,0.8521079128093442,421.0
1,0.0,1.1223644807239046,0.6030007659040342,420.0
1,0.0,-1.3167106132084572,0.6030007659040342,419.0
1,0.0,-1.1134543553807599,-0.6425349686225151,418.0
1,0.0,0.5125957072408142,1.3503222066199632,417.0
1,1.0,0.7158519650685109,-1.3898564093384442,416.0
1,0.0,0.5125957072408142,0.3538936189987241,415.0
1,0.0,-0.7069418397253665,0.3538936189987241,414.0
1,0.0,-0.7069418397253665,-0.6425349686225151,413.0
1,0.0,0.9191082228962076,-0.6425349686225151,412.0
1,0.0,0.9191082228962076,-0.6425349686225151,411.0
1,0.0,-1.5199668710361538,-0.8916421155278252,410.0
1,0.0,-1.1134543553807599,1.1012150597146542,409.0
1,0.0,-1.1134543553807599,0.10478647209341398,408.0
1,0.0,-1.5199668710361538,-0.3934278217172051,407.0
1,0.0,-1.9264793866915475,-0.6425349686225151,406.0
1,0.0,2.1386457698623884,-0.3934278217172051,405.0
1,0.0,0.6142238361546626,-0.3934278217172051,404.0
1,0.0,-1.3167106132084572,0.8521079128093442,403.0
1,0.0,-0.0971730662422762,0.6030007659040342,402.0
1,0.0,0.3093394494131174,0.10478647209341398,401.0
1,0.0,-0.9101980975530634,0.6030007659040342,400.0
1,0.0,0.5125957072408142,-2.1371778500543743,399.0
1,0.0,-1.2150824842946086,-1.8880707031490644,398.0
1,0.0,-1.7232231288638504,1.5994293535252733,397.0
1,0.0,-0.7679187170736751,-0.6425349686225151,396.0
1,1.0,1.3256207385516012,1.1012150597146542,395.0
1,0.0,-1.3167106132084572,-0.3934278217172051,394.0
1,0.0,-1.2150824842946086,-0.6425349686225151,393.0
1,0.0,-0.9101980975530634,-0.8916421155278252,392.0
1,0.0,0.1060831915854206,-0.14432067481189498,391.0
1,0.0,-1.1134543553807599,-0.3934278217172051,390.0
1,0.0,0.3093394494131174,0.6030007659040342,389.0
1,0.0,-0.5036855818976698,-1.1407492624331352,388.0
1,0.0,-0.5036855818976698,1.3503222066199632,387.0
1,0.0,-0.30042932406997297,1.3503222066199632,386.0
1,0.0,0.207711320499269,-0.3934278217172051,385.0
1,0.0,-0.0971730662422762,0.10478647209341398,384.0
1,0.0,-0.30042932406997297,-0.14432067481189498,383.0
1,0.0,0.5125957072408142,0.8521079128093442,382.0
1,0.0,-0.9101980975530634,-0.3934278217172051,381.0
1,0.0,-1.3167106132084572,0.3538936189987241,380.0
1,0.0,0.7158519650685109,0.3538936189987241,379.0
1,0.0,-0.30042932406997297,0.10478647209341398,378.0
1,0.0,-1.3167106132084572,1.3503222066199632,377.0
1,0.0,-0.0971730662422762,-1.8880707031490644,376.0
1,0.0,0.7158519650685109,-0.6425349686225151,375.0
1,0.0,0.3093394494131174,-0.8916421155278252,374.0
1,1.0,1.3256207385516012,1.5994293535252733,373.0
1,0.0,-0.5036855818976698,0.3538936189987241,372.0
1,0.0,-2.332991902346941,0.8521079128093442,371.0
1,0.0,-0.30042932406997297,-0.14432067481189498,370.0
1,0.0,0.7158519650685109,0.6030007659040342,369.0
1,0.0,0.3093394494131174,0.6030007659040342,368.0
1,0.0,-0.4020574529838214,-0.3934278217172051,367.0
1,0.0,-0.0971730662422762,1.3503222066199632,366.0
1,0.0,-0.30042932406997297,0.10478647209341398,365.0
1,0.0,-0.5036855818976698,0.3538936189987241,364.0
1,0.0,-0.0971730662422762,-0.3934278217172051,363.0
1,0.0,-0.7069418397253665,-0.14432067481189498,362.0
1,0.0,-1.3167106132084572,0.8521079128093442,361.0
1,0.0,0.3093394494131174,-1.1407492624331352,360.0
1,0.0,-0.0971730662422762,0.10478647209341398,359.0
1,0.0,0.9191082228962076,-1.1407492624331352,358.0
1,0.0,-0.5036855818976698,-0.8916421155278252,357.0
1,0.0,-0.0971730662422762,-0.14432067481189498,356.0
1,0.0,-0.0971730662422762,0.3538936189987241,355.0
1,0.0,-0.9101980975530634,-0.3934278217172051,354.0
1,0.0,1.7321332542069952,0.6030007659040342,353.0
1,1.0,-0.5036855818976698,0.10478647209341398,352.0
1,0.0,-0.30042932406997297,-1.6389635562437543,351.0
1,0.0,0.9191082228962076,1.3503222066199632,350.0
1,0.0,-0.5036855818976698,-0.3934278217172051,349.0
1,0.0,0.8174800939823593,0.3538936189987241,348.0
1,0.0,-1.3167106132084572,-1.6389635562437543,347.0
1,0.0,-0.5036855818976698,-0.3934278217172051,346.0
1,0.0,-0.9101980975530634,-0.14432067481189498,345.0
1,0.0,0.1060831915854206,0.3538936189987241,344.0
1,0.0,-1.3167106132084572,0.6030007659040342,343.0
1,0.0,-0.7069418397253665,0.8521079128093442,342.0
1,0.0,0.3093394494131174,-0.6425349686225151,341.0
1,0.0,-0.30042932406997297,0.8521079128093442,340.0
1,0.0,-0.30042932406997297,-1.1407492624331352,339.0
1,0.0,0.5125957072408142,1.3503222066199632,338.0
1,0.0,-0.7069418397253665,0.10478647209341398,337.0
1,0.0,0.7158519650685109,-0.6425349686225151,336.0
1,0.0,-0.7069418397253665,-0.3934278217172051,335.0
1,0.0,0.1060831915854206,0.10478647209341398,334.0
1,0.0,0.3093394494131174,-0.8916421155278252,333.0
1,0.0,-0.0971730662422762,-1.1407492624331352,332.0
1,1.0,-0.0971730662422762,0.8521079128093442,331.0
1,0.0,-1.9264793866915475,0.3538936189987241,330.0
1,0.0,-0.0971730662422762,0.8521079128093442,329.0
1,0.0,-0.7069418397253665,-0.6425349686225151,328.0
1,0.0,-0.7069418397253665,-1.3898564093384442,327.0
1,0.0,0.3093394494131174,0.3538936189987241,326.0
1,0.0,0.7158519650685109,-0.3934278217172051,325.0
1,0.0,-1.1134543553807599,0.6030007659040342,324.0
1,0.0,0.5125957072408142,0.6030007659040342,323.0
1,0.0,-1.7842000062121597,0.6030007659040342,322.0
1,0.0,0.9191082228962076,-1.1407492624331352,321.0
1,0.0,1.528876996379298,0.3538936189987241,320.0
1,0.0,-0.7069418397253665,-0.6425349686225151,319.0
1,0.0,0.7158519650685109,-0.8916421155278252,318.0
1,0.0,0.1060831915854206,-1.1407492624331352,317.0
1,0.0,0.004455062671572207,-0.6425349686225151,316.0
1,0.0,-0.5036855818976698,-1.1407492624331352,315.0
1,0.0,1.935389512034692,-1.1407492624331352,314.0
1,0.0,-0.0971730662422762,-0.14432067481189498,313.0
1,0.0,0.1060831915854206,-0.14432067481189498,312.0
1,0.0,-0.0971730662422762,1.1012150597146542,311.0
1,1.0,-1.5199668710361538,-1.1407492624331352,310.0
1,0.0,-0.30042932406997297,1.1012150597146542,309.0
1,0.0,-0.7069418397253665,-0.6425349686225151,308.0
1,0.0,-0.0971730662422762,-0.14432067481189498,307.0
1,0.0,-0.9101980975530634,-0.3934278217172051,306.0
1,0.0,-0.9101980975530634,0.10478647209341398,305.0
1,0.0,-1.1134543553807599,-1.6389635562437543,304.0
1,0.0,0.7158519650685109,-2.1371778500543743,303.0
1,0.0,-0.9101980975530634,0.6030007659040342,302.0
1,0.0,-0.0971730662422762,0.10478647209341398,301.0
1,0.0,-0.30042932406997297,0.3538936189987241,300.0
1,0.0,1.1223644807239046,0.3538936189987241,299.0
1,0.0,0.1060831915854206,0.3538936189987241,298.0
1,0.0,0.5125957072408142,-0.6425349686225151,297.0
1,0.0,-0.4020574529838214,-0.3934278217172051,296.0
1,0.0,-1.1134543553807599,0.8521079128093442,295.0
1,0.0,-0.0971730662422762,-0.6425349686225151,294.0
1,0.0,1.3256207385516012,-0.3934278217172051,293.0
1,0.0,0.1060831915854206,-0.14432067481189498,292.0
1,0.0,-1.3167106132084572,-1.1407492624331352,291.0
1,0.0,0.5125957072408142,0.3538936189987241,290.0
1,0.0,1.7321332542069952,0.8521079128093442,289.0
1,1.0,-1.1134543553807599,0.3538936189987241,288.0
1,0.0,-0.9101980975530634,1.5994293535252733,287.0
1,0.0,0.5125957072408142,0.6030007659040342,286.0
1,0.0,-0.9101980975530634,-2.1371778500543743,285.0
1,0.0,-0.0971730662422762,-1.8880707031490644,284.0
1,0.0,0.3093394494131174,0.10478647209341398,283.0
1,0.0,-0.9101980975530634,-1.8880707031490644,282.0
1,0.0,-2.1297356445192444,-0.3934278217172051,281.0
1,0.0,-0.0971730662422762,-0.14432067481189498,280.0
1,0.0,-2.1297356445192444,0.3538936189987241,279.0
1,0.0,-0.9101980975530634,-1.6389635562437543,278.0
1,0.0,0.9191082228962076,-0.6425349686225151,277.0
1,0.0,0.207711320499269,-0.8916421155278252,276.0
1,0.0,-0.5036855818976698,-0.14432067481189498,275.0
1,0.0,-0.30042932406997297,-0.14432067481189498,274.0
1,0.0,-0.0971730662422762,1.1012150597146542,273.0
1,0.0,0.5125957072408142,1.3503222066199632,272.0
1,0.0,-2.637876289088486,-1.1407492624331352,271.0
1,0.0,-0.8085699686392149,-2.6353921438649937,270.0
1,0.0,-1.1134543553807599,0.8521079128093442,269.0
1,0.0,1.3256207385516012,0.6030007659040342,268.0
1,1.0,-1.5199668710361538,-1.3898564093384442,267.0
1,0.0,-1.6622462515155414,-0.6425349686225151,266.0
1,0.0,-0.0971730662422762,-0.8916421155278252,265.0
1,0.0,-0.0971730662422762,0.6030007659040342,264.0
1,0.0,-1.0118262264669118,-0.14432067481189498,263.0
1,0.0,-0.9101980975530634,-0.3934278217172051,262.0
1,0.0,-0.5036855818976698,-1.1407492624331352,261.0
1,0.0,1.7321332542069952,-0.14432067481189498,260.0
1,0.0,0.9191082228962076,1.5994293535252733,259.0
1,0.0,0.7158519650685109,-0.8916421155278252,258.0
1,0.0,0.4109675783269658,1.1012150597146542,257.0
1,0.0,1.935389512034692,-1.3898564093384442,256.0
1,0.0,0.3093394494131174,-0.14432067481189498,255.0
1,0.0,-1.7232231288638504,-1.8880707031490644,254.0
1,0.0,-1.0118262264669118,-1.1407492624331352,253.0
1,0.0,-0.0971730662422762,0.10478647209341398,252.0
1,0.0,-0.7069418397253665,-0.8916421155278252,251.0
1,0.0,-0.5036855818976698,-0.14432067481189498,250.0
1,0.0,0.207711320499269,0.3538936189987241,249.0
1,0.0,-0.7069418397253665,-0.3934278217172051,248.0
1,0.0,0.9191082228962076,-0.3934278217172051,247.0
1,1.0,-1.9264793866915475,-2.6353921438649937,246.0
1,0.0,-0.0971730662422762,1.1012150597146542,245.0
1,0.0,-0.9101980975530634,-1.8880707031490644,244.0
1,0.0,0.7158519650685109,-0.14432067481189498,243.0
1,0.0,0.9191082228962076,0.10478647209341398,242.0
1,0.0,-0.0971730662422762,-0.8916421155278252,241.0
1,0.0,0.1060831915854206,0.10478647209341398,240.0
1,0.0,0.1060831915854206,-0.3934278217172051,239.0
1,0.0,-0.30042932406997297,-0.14432067481189498,238.0
1,0.0,-0.5036855818976698,-0.3934278217172051,237.0
1,0.0,-0.5036855818976698,-1.6389635562437543,236.0
1,0.0,0.1060831915854206,0.10478647209341398,235.0
1,0.0,0.3093394494131174,1.1012150597146542,234.0
1,0.0,0.5125957072408142,1.8485365004305836,233.0
1,0.0,1.528876996379298,1.5994293535252733,232.0
1,0.0,0.7158519650685109,-0.14432067481189498,231.0
1,0.0,0.5125957072408142,1.1012150597146542,230.0
1,0.0,1.528876996379298,1.1012150597146542,229.0
1,0.0,-1.1134543553807599,-2.1371778500543743,228.0
1,0.0,-0.0971730662422762,-1.8880707031490644,227.0
1,0.0,-0.9101980975530634,0.3538936189987241,226.0
1,0.0,-0.0971730662422762,-0.8916421155278252,225.0
1,1.0,-1.1134543553807599,0.6030007659040342,224.0
1,0.0,0.9191082228962076,0.6030007659040342,223.0
1,0.0,0.7158519650685109,1.1012150597146542,222.0
1,0.0,-1.621594999950002,-0.6425349686225151,221.0
1,0.0,0.5125957072408142,0.10478647209341398,220.0
1,0.0,0.1060831915854206,1.1012150597146542,219.0
1,0.0,-1.1134543553807599,0.10478647209341398,218.0
1,0.0,0.3093394494131174,-0.6425349686225151,217.0
1,0.0,0.004455062671572207,-1.1407492624331352,216.0
1,0.0,-0.30042932406997297,0.10478647209341398,215.0
1,0.0,0.5125957072408142,-0.3934278217172051,214.0
1,0.0,-0.0971730662422762,-0.14432067481189498,213.0
1,1.0,-1.1134543553807599,-0.3934278217172051,212.0
1,1.0,1.1223644807239046,1.1012150597146542,211.0
1,0.0,-0.30042932406997297,0.3538936189987241,210.0
1,0.0,-0.30042932406997297,-1.6389635562437543,209.0
1,0.0,-0.9101980975530634,-0.8916421155278252,208.0
1,0.0,1.935389512034692,0.3538936189987241,207.0
1,0.0,-0.5036855818976698,0.10478647209341398,206.0
1,0.0,0.5125957072408142,0.10478647209341398,205.0
1,0.0,-0.7069418397253665,-0.6425349686225151,204.0
1,0.0,-0.0971730662422762,-0.8916421155278252,203.0
1,0.0,-1.1134543553807599,0.6030007659040342,202.0
1,0.0,0.7158519650685109,0.3538936189987241,201.0
1,0.0,0.9191082228962076,-0.3934278217172051,200.0
1,0.0,-1.3776874905567662,-1.3898564093384442,199.0
1,0.0,-0.8085699686392149,-0.14432067481189498,198.0
1,0.0,0.9191082228962076,-1.1407492624331352,197.0
1,0.0,1.1223644807239046,-2.884499290770304,196.0
1,1.0,-1.1134543553807599,-1.1407492624331352,195.0
1,0.0,1.1223644807239046,0.10478647209341398,194.0
1,0.0,0.3093394494131174,0.6030007659040342,193.0
1,0.0,-0.5036855818976698,0.6030007659040342,192.0
1,0.0,0.5125957072408142,-0.3934278217172051,191.0
1,0.0,-0.30042932406997297,-1.6389635562437543,190.0
1,0.0,-0.30042932406997297,-1.8880707031490644,189.0
1,0.0,0.1060831915854206,-1.8880707031490644,188.0
1,0.0,0.5125957072408142,1.1012150597146542,187.0
1,0.0,0.9191082228962076,-1.3898564093384442,186.0
1,1.0,-3.7557857071408174,-0.6425349686225151,185.0
1,1.0,0.9191082228962076,-0.6425349686225151,184.0
1,0.0,-0.30042932406997297,-0.14432067481189498,183.0
1,0.0,-0.9101980975530634,-0.14432067481189498,182.0
1,0.0,0.3093394494131174,0.6030007659040342,181.0
1,0.0,0.5125957072408142,-2.3862849969596844,180.0
1,0.0,0.3093394494131174,0.3538936189987241,179.0
1,1.0,-1.3167106132084572,-0.6425349686225151,178.0
1,0.0,1.7321332542069952,0.6030007659040342,177.0
1,0.0,-0.30042932406997297,-0.14432067481189498,176.0
1,0.0,-0.6053137108115182,-3.3827135845809235,175.0
1,0.0,1.1223644807239046,0.8521079128093442,174.0
1,0.0,-1.1134543553807599,-0.6425349686225151,173.0
1,0.0,-0.8085699686392149,-2.884499290770304,172.0
1,0.0,-0.0971730662422762,-1.6389635562437543,171.0
1,0.0,-0.7069418397253665,-0.14432067481189498,170.0
1,0.0,-0.7069418397253665,1.1012150597146542,169.0
1,0.0,-1.2150824842946086,-1.6389635562437543,168.0
1,0.0,-1.1134543553807599,-0.6425349686225151,167.0
1,0.0,0.9191082228962076,-0.3934278217172051,166.0
1,0.0,-1.9264793866915475,-0.3934278217172051,165.0
1,0.0,0.207711320499269,0.3538936189987241,164.0
1,0.0,1.528876996379298,-1.1407492624331352,163.0
1,0.0,-0.30042932406997297,-1.6389635562437543,162.0
1,0.0,0.1060831915854206,-0.14432067481189498,161.0
1,0.0,0.3093394494131174,-0.3934278217172051,160.0
1,0.0,1.7321332542069952,1.1012150597146542,159.0
1,0.0,-0.0971730662422762,1.1012150597146542,158.0
1,0.0,-0.9101980975530634,1.3503222066199632,157.0
1,0.0,0.3093394494131174,0.6030007659040342,156.0
1,0.0,-0.30042932406997297,1.3503222066199632,155.0
1,0.0,-0.0971730662422762,-0.6425349686225151,154.0
1,0.0,-0.0971730662422762,-2.1371778500543743,153.0
1,0.0,-0.9101980975530634,-1.8880707031490644,152.0
1,0.0,-0.9101980975530634,-0.3934278217172051,151.0
1,0.0,-0.5036855818976698,-0.6425349686225151,150.0
1,0.0,-0.7069418397253665,-0.8916421155278252,149.0
1,1.0,-0.5036855818976698,-0.6425349686225151,148.0
1,0.0,-0.9101980975530634,-0.8916421155278252,147.0
1,0.0,-0.9101980975530634,-1.1407492624331352,146.0
1,0.0,-1.2150824842946086,-0.3934278217172051,145.0
1,0.0,-1.1134543553807599,-0.14432067481189498,144.0
1,1.0,-0.9101980975530634,-0.3934278217172051,143.0
1,0.0,0.9191082228962076,1.5994293535252733,142.0
1,1.0,-1.3167106132084572,-1.6389635562437543,141.0
1,0.0,-1.2150824842946086,0.10478647209341398,140.0
1,0.0,-0.30042932406997297,-0.14432067481189498,139.0
1,0.0,0.9191082228962076,1.1012150597146542,138.0
1,0.0,0.5125957072408142,0.3538936189987241,137.0
1,0.0,0.3093394494131174,-0.8916421155278252,136.0
1,0.0,-0.5036855818976698,0.10478647209341398,135.0
1,0.0,1.7321332542069952,0.3538936189987241,134.0
1,0.0,1.3256207385516012,0.6030007659040342,133.0
1,0.0,-1.1134543553807599,-0.3934278217172051,132.0
1,0.0,-0.30042932406997297,0.6030007659040342,131.0
1,0.0,-0.0971730662422762,-1.3898564093384442,130.0
1,0.0,-0.7069418397253665,0.10478647209341398,129.0
1,0.0,0.5125957072408142,-2.3862849969596844,128.0
1,0.0,0.9191082228962076,1.5994293535252733,127.0
1,0.0,-0.0971730662422762,0.10478647209341398,126.0
1,0.0,-0.7069418397253665,-0.14432067481189498,125.0
1,0.0,-1.9264793866915475,-0.8916421155278252,124.0
1,0.0,-0.9101980975530634,-0.14432067481189498,123.0
1,0.0,-0.5036855818976698,-0.8916421155278252,122.0
1,0.0,-0.0971730662422762,-0.3934278217172051,121.0
1,0.0,-0.9101980975530634,-0.14432067481189498,120.0
1,1.0,-1.3167106132084572,-0.3934278217172051,119.0
1,0.0,-0.7069418397253665,-0.6425349686225151,118.0
1,0.0,-0.7069418397253665,0.6030007659040342,117.0
1,0.0,-1.1134543553807599,-0.6425349686225151,116.0
1,0.0,-0.4020574529838214,-0.14432067481189498,115.0
1,0.0,-1.5199668710361538,-0.14432067481189498,114.0
1,0.0,-0.30042932406997297,-1.8880707031490644,113.0
1,0.0,-2.068758767170935,0.6030007659040342,112.0
1,0.0,-3.146016933657728,-1.6389635562437543,111.0
1,0.0,1.1223644807239046,0.3538936189987241,110.0
1,0.0,1.528876996379298,-1.3898564093384442,109.0
1,1.0,-2.4346200312607893,-0.6425349686225151,108.0
1,0.0,0.3093394494131174,-0.3934278217172051,107.0
1,0.0,-0.0971730662422762,0.10478647209341398,106.0
1,0.0,-0.5036855818976698,-0.14432067481189498,105.0
1,0.0,-0.0971730662422762,-0.14432067481189498,104.0
1,0.0,-0.0971730662422762,-1.3898564093384442,103.0
1,0.0,-1.1134543553807599,0.10478647209341398,102.0
1,0.0,0.7158519650685109,-1.1407492624331352,101.0
1,0.0,-2.1297356445192444,0.10478647209341398,100.0
1,0.0,0.7158519650685109,-0.3934278217172051,99.0
1,0.0,0.9191082228962076,-0.8916421155278252,98.0
1,0.0,-1.5199668710361538,1.1012150597146542,97.0
1,0.0,-0.0971730662422762,0.3538936189987241,96.0
1,0.0,-1.4183387421223053,-0.8916421155278252,95.0
1,0.0,-2.1297356445192444,-1.3898564093384442,94.0
1,0.0,-2.2313637734330927,1.3503222066199632,93.0
1,0.0,-1.1134543553807599,0.3538936189987241,92.0
1,0.0,0.3093394494131174,1.8485365004305836,91.0
1,0.0,-0.0971730662422762,-3.133606437675614,90.0
1,0.0,-0.5036855818976698,-0.8916421155278252,89.0
1,1.0,-0.7069418397253665,-0.14432067481189498,88.0
1,0.0,-1.1134543553807599,-0.6425349686225151,87.0
1,0.0,-0.5036855818976698,-0.8916421155278252,86.0
1,0.0,-0.30042932406997297,-1.3898564093384442,85.0
1,1.0,-1.7232231288638504,-0.8916421155278252,84.0
1,0.0,-1.621594999950002,-0.3934278217172051,83.0
1,0.0,-0.30042932406997297,-0.8916421155278252,82.0
1,0.0,-0.7069418397253665,1.5994293535252733,81.0
1,0.0,0.7158519650685109,1.3503222066199632,80.0
1,0.0,-1.5199668710361538,-0.14432067481189498,79.0
1,0.0,-0.5036855818976698,-0.3934278217172051,78.0
1,0.0,0.7158519650685109,-0.3934278217172051,77.0
1,1.0,0.1060831915854206,-0.6425349686225151,76.0
1,0.0,0.1060831915854206,-0.14432067481189498,75.0
1,0.0,-0.0971730662422762,-2.6353921438649937,74.0
1,0.0,-2.1297356445192444,-1.1407492624331352,73.0
1,0.0,0.4109675783269658,0.3538936189987241,72.0
1,0.0,-0.8085699686392149,-1.6389635562437543,71.0
1,0.0,-1.3167106132084572,-1.1407492624331352,70.0
1,1.0,-1.9264793866915475,0.10478647209341398,69.0
1,1.0,-0.19880119515612454,-0.6425349686225151,68.0
1,0.0,-0.30042932406997297,1.1012150597146542,67.0
1,0.0,0.1060831915854206,-0.3934278217172051,66.0
1,0.0,-0.7069418397253665,1.8485365004305836,65.0
1,0.0,-0.4020574529838214,-0.8916421155278252,64.0
1,0.0,-0.6053137108115182,-0.14432067481189498,63.0
1,0.0,1.3256207385516012,-0.3934278217172051,62.0
1,0.0,0.1060831915854206,-0.14432067481189498,61.0
1,0.0,0.1060831915854206,-1.6389635562437543,60.0
1,0.0,0.9191082228962076,1.3503222066199632,59.0
1,0.0,-0.7069418397253665,0.3538936189987241,58.0
1,0.0,-0.30042932406997297,0.3538936189987241,57.0
1,0.0,-0.0971730662422762,0.3538936189987241,56.0
1,1.0,-1.7232231288638504,-1.8880707031490644,55.0
1,0.0,-1.3167106132084572,0.3538936189987241,54.0
1,0.0,-0.0971730662422762,0.10478647209341398,53.0
1,0.0,-0.5036855818976698,-0.14432067481189498,52.0
1,0.0,-2.5362481601746376,-0.8916421155278252,51.0
1,0.0,-1.5199668710361538,-0.6425349686225151,50.0
1,0.0,-1.9264793866915475,-1.6389635562437543,49.0
1,0.0,-0.9101980975530634,-0.6425349686225151,48.0
1,0.0,0.3093394494131174,-0.6425349686225151,47.0
1,0.0,1.3256207385516012,0.10478647209341398,46.0
1,0.0,-0.7069418397253665,0.10478647209341398,45.0
1,0.0,-0.9101980975530634,-2.3862849969596844,44.0
1,0.0,-0.30042932406997297,-0.14432067481189498,43.0
1,1.0,0.3093394494131174,-0.8916421155278252,42.0
1,0.0,0.5125957072408142,0.6030007659040342,41.0
1,0.0,0.1060831915854206,0.3538936189987241,40.0
1,0.0,0.3093394494131174,1.3503222066199632,39.0
1,0.0,1.1223644807239046,-0.8916421155278252,38.0
1,0.0,-1.2150824842946086,-0.6425349686225151,37.0
1,0.0,0.9191082228962076,1.1012150597146542,36.0
1,0.0,-0.9101980975530634,0.3538936189987241,35.0
1,0.0,-1.4183387421223053,-0.6425349686225151,34.0
1,1.0,-2.5362481601746376,-1.6389635562437543,33.0
1,0.0,-1.3167106132084572,-0.6425349686225151,32.0
1,0.0,1.1223644807239046,1.1012150597146542,31.0
1,0.0,-1.1134543553807599,-1.1407492624331352,30.0
1,0.0,-1.5199668710361538,-0.3934278217172051,29.0
1,1.0,0.7158519650685109,-0.8916421155278252,28.0
1,0.0,-0.5036855818976698,-1.1407492624331352,27.0
1,0.0,-2.272015024998632,0.3538936189987241,26.0
1,0.0,0.3093394494131174,0.8521079128093442,25.0
1,0.0,-0.5036855818976698,0.6030007659040342,24.0
1,0.0,-0.0971730662422762,-0.8916421155278252,23.0
1,0.0,-0.30042932406997297,-1.3898564093384442,22.0
1,0.0,-2.1297356445192444,-2.6353921438649937,21.0
1,0.0,-1.5199668710361538,1.1012150597146542,20.0
1,0.0,0.1060831915854206,0.10478647209341398,19.0
1,0.0,0.1060831915854206,0.3538936189987241,18.0
1,0.0,0.9191082228962076,0.6030007659040342,17.0
1,0.0,0.7158519650685109,0.8521079128093442,16.0
1,0.0,-0.7069418397253665,0.8521079128093442,15.0
1,0.0,-1.9264793866915475,-0.6425349686225151,14.0
1,0.0,-0.30042932406997297,0.6030007659040342,13.0
1,0.0,-0.9101980975530634,-2.6353921438649937,12.0
1,0.0,-1.1134543553807599,-0.3934278217172051,11.0
1,0.0,-1.9264793866915475,-0.8916421155278252,10.0
1,0.0,-1.2150824842946086,-2.1371778500543743,9.0
1,0.0,0.9191082228962076,0.8521079128093442,8.0
1,1.0,0.1060831915854206,-2.1371778500543743,7.0
1,0.0,-1.7232231288638504,0.10478647209341398,6.0
1,0.0,0.3093394494131174,0.3538936189987241,5.0
1,0.0,-0.30042932406997297,1.1012150597146542,4.0
1,0.0,0.7158519650685109,0.3538936189987241,3.0
1,0.0,0.5125957072408142,-1.6389635562437543,2.0
1,0.0,1.528876996379298,0.3538936189987241,1.0
