1,0.0,1.1223644807239046,0.3538936189987241,1.0
1,0.0,0.3093394494131174,0.6030007659040342,0.9993464052287582
1,0.0,0.3093394494131174,-0.8916421155278252,0.9986928104575163
1,0.0,0.9191082228962076,1.5994293535252733,0.9980392156862745
1,0.0,-0.5036855818976698,0.3538936189987241,0.9973856209150327
1,0.0,-0.9101980975530634,1.3503222066199632,0.9967320261437909
1,0.0,0.9191082228962076,0.6030007659040342,0.996078431372549
1,0.0,-0.30042932406997297,0.10478647209341398,0.9954248366013072
1,0.0,0.7158519650685109,0.10478647209341398,0.9947712418300654
1,0.0,0.3093394494131174,0.8521079128093442,0.9941176470588236
1,0.0,1.935389512034692,1.1012150597146542,0.9934640522875817
1,0.0,0.1060831915854206,-0.8916421155278252,0.9928104575163399
1,0.0,0.9191082228962076,-0.6425349686225151,0.9921568627450981
1,0.0,0.1060831915854206,0.8521079128093442,0.9915032679738562
1,1.0,1.935389512034692,0.8521079128093442,0.9908496732026144
1,0.0,1.935389512034692,-0.3934278217172051,0.9901960784313726
1,0.0,0.1060831915854206,-1.6389635562437543,0.9895424836601308
1,0.0,1.935389512034692,1.1012150597146542,0.9888888888888889
1,0.0,1.3256207385516012,0.8521079128093442,0.9882352941176471
1,0.0,0.7158519650685109,-0.6425349686225151,0.9875816993464053
1,0.0,1.3256207385516012,1.3503222066199632,0.9869281045751634
1,0.0,-0.0971730662422762,0.10478647209341398,0.9862745098039216
1,0.0,2.1386457698623884,1.5994293535252733,0.9856209150326798
1,0.0,-1.7232231288638504,1.5994293535252733,0.984967320261438
1,1.0,0.7158519650685109,0.10478647209341398,0.984313725490196
1,0.0,1.528876996379298,0.6030007659040342,0.9836601307189542
1,0.0,0.9191082228962076,1.8485365004305836,0.9830065359477124
1,0.0,0.3093394494131174,1.3503222066199632,0.9823529411764705
1,0.0,0.3093394494131174,1.8485365004305836,0.9816993464052287
1,0.0,-0.5036855818976698,-0.14432067481189498,0.9810457516339869
1,0.0,-0.5036855818976698,1.3503222066199632,0.9803921568627451
1,0.0,0.1060831915854206,-0.3934278217172051,0.9797385620915032
1,0.0,-0.0971730662422762,0.10478647209341398,0.9790849673202614
1,1.0,-0.9101980975530634,0.8521079128093442,0.9784313725490196
1,0.0,-0.9101980975530634,0.3538936189987241,0.9777777777777777
1,0.0,-1.5199668710361538,-0.14432067481189498,0.9771241830065359
1,0.0,-0.0971730662422762,-0.3934278217172051,0.9764705882352941
1,0.0,1.3256207385516012,0.8521079128093442,0.9758169934640523
1,0.0,0.5125957072408142,-0.14432067481189498,0.9751633986928104
1,0.0,-0.9101980975530634,-0.3934278217172051,0.9745098039215686
1,0.0,0.3093394494131174,-0.6425349686225151,0.9738562091503268
1,0.0,0.5125957072408142,1.8485365004305836,0.973202614379085
1,1.0,0.9191082228962076,1.1012150597146542,0.9725490196078431
1,0.0,1.935389512034692,1.5994293535252733,0.9718954248366013
1,0.0,1.7321332542069952,0.3538936189987241,0.9712418300653595
1,0.0,-0.0971730662422762,-0.6425349686225151,0.9705882352941176
1,0.0,1.1223644807239046,0.8521079128093442,0.9699346405228758
1,0.0,0.7158519650685109,0.8521079128093442,0.969281045751634
1,0.0,0.9191082228962076,0.10478647209341398,0.9686274509803922
1,0.0,1.528876996379298,0.8521079128093442,0.9679738562091503
1,1.0,-0.30042932406997297,0.8521079128093442,0.9673202614379085
1,0.0,1.528876996379298,0.3538936189987241,0.9666666666666667
1,0.0,1.935389512034692,0.6030007659040342,0.9660130718954248
1,0.0,-1.5199668710361538,-0.3934278217172051,0.965359477124183
1,0.0,1.7321332542069952,0.8521079128093442,0.9647058823529412
1,0.0,-0.0971730662422762,0.6030007659040342,0.9640522875816994
1,0.0,0.9191082228962076,1.1012150597146542,0.9633986928104575
1,0.0,-0.0971730662422762,1.3503222066199632,0.9627450980392157
1,0.0,1.3256207385516012,0.3538936189987241,0.9620915032679739
1,1.0,-0.7069418397253665,0.8521079128093442,0.961437908496732
1,0.0,0.5125957072408142,1.1012150597146542,0.9607843137254902
1,0.0,1.1223644807239046,0.6030007659040342,0.9601307189542484
1,0.0,0.5125957072408142,-0.6425349686225151,0.9594771241830066
1,0.0,0.5125957072408142,0.8521079128093442,0.9588235294117647
1,0.0,-0.7069418397253665,-1.3898564093384442,0.9581699346405229
1,0.0,1.1223644807239046,1.3503222066199632,0.9575163398692811
1,0.0,0.9191082228962076,0.3538936189987241,0.9568627450980393
1,1.0,0.7158519650685109,1.1012150597146542,0.9562091503267974
1,0.0,-1.1134543553807599,0.8521079128093442,0.9555555555555556
1,0.0,-0.7069418397253665,0.6030007659040342,0.9549019607843138
1,0.0,-0.5036855818976698,-0.6425349686225151,0.954248366013072
1,0.0,1.1223644807239046,0.3538936189987241,0.9535947712418301
1,0.0,0.5125957072408142,0.8521079128093442,0.9529411764705882
1,0.0,0.9191082228962076,0.3538936189987241,0.9522875816993464
1,0.0,0.3093394494131174,1.8485365004305836,0.9516339869281045
1,1.0,1.1223644807239046,0.3538936189987241,0.9509803921568627
1,0.0,-1.3167106132084572,-1.6389635562437543,0.9503267973856209
1,0.0,-0.0971730662422762,-0.6425349686225151,0.949673202614379
1,0.0,1.3256207385516012,0.6030007659040342,0.9490196078431372
1,0.0,-0.0971730662422762,1.3503222066199632,0.9483660130718954
1,0.0,0.5125957072408142,0.10478647209341398,0.9477124183006536
1,0.0,0.3093394494131174,-0.6425349686225151,0.9470588235294117
1,0.0,0.1060831915854206,1.5994293535252733,0.9464052287581699
1,1.0,-0.7069418397253665,0.10478647209341398,0.9457516339869281
1,0.0,-0.19880119515612454,0.10478647209341398,0.9450980392156862
1,0.0,0.9191082228962076,1.8485365004305836,0.9444444444444444
1,0.0,0.7158519650685109,0.6030007659040342,0.9437908496732026
1,0.0,0.7158519650685109,-0.6425349686225151,0.9431372549019608
1,0.0,0.1060831915854206,1.3503222066199632,0.9424836601307189
1,0.0,0.5125957072408142,0.6030007659040342,0.9418300653594771
1,0.0,0.7158519650685109,-0.3934278217172051,0.9411764705882353
1,1.0,-0.30042932406997297,1.1012150597146542,0.9405228758169935
1,0.0,-1.1134543553807599,-0.14432067481189498,0.9398692810457516
1,0.0,-0.9101980975530634,-0.6425349686225151,0.9392156862745098
1,0.0,0.5125957072408142,-0.14432067481189498,0.938562091503268
1,0.0,0.9191082228962076,0.3538936189987241,0.9379084967320261
1,0.0,2.1386457698623884,1.8485365004305836,0.9372549019607843
1,0.0,0.7158519650685109,1.8485365004305836,0.9366013071895425
1,0.0,-1.1134543553807599,0.10478647209341398,0.9359477124183007
1,1.0,-1.1134543553807599,-0.6425349686225151,0.9352941176470588
1,0.0,0.3093394494131174,-0.8916421155278252,0.934640522875817
1,0.0,1.3256207385516012,1.8485365004305836,0.9339869281045752
1,0.0,-0.7069418397253665,-2.3862849969596844,0.9333333333333333
1,0.0,1.7321332542069952,-0.3934278217172051,0.9326797385620915
1,0.0,0.5125957072408142,-1.3898564093384442,0.9320261437908497
1,0.0,-0.5036855818976698,0.8521079128093442,0.9313725490196079
1,0.0,0.1060831915854206,0.8521079128093442,0.930718954248366
1,1.0,0.3093394494131174,-1.8880707031490644,0.9300653594771242
1,0.0,1.1223644807239046,0.6030007659040342,0.9294117647058824
1,0.0,0.7158519650685109,1.5994293535252733,0.9287581699346406
1,0.0,-2.678527540654025,-1.3898564093384442,0.9281045751633987
1,0.0,0.3093394494131174,-0.6425349686225151,0.9274509803921569
1,0.0,-1.1134543553807599,1.5994293535252733,0.9267973856209151
1,0.0,1.7321332542069952,0.6030007659040342,0.9261437908496732
1,1.0,0.1060831915854206,0.10478647209341398,0.9254901960784314
1,0.0,-0.0971730662422762,-1.6389635562437543,0.9248366013071896
1,0.0,-0.30042932406997297,-1.1407492624331352,0.9241830065359478
1,0.0,1.3256207385516012,0.3538936189987241,0.9235294117647059
1,0.0,0.1060831915854206,0.10478647209341398,0.9228758169934641
1,0.0,-0.9101980975530634,0.6030007659040342,0.9222222222222223
1,0.0,-0.5036855818976698,0.10478647209341398,0.9215686274509803
1,0.0,-0.0971730662422762,0.6030007659040342,0.9209150326797385
1,1.0,0.5125957072408142,-0.6425349686225151,0.9202614379084967
1,0.0,1.1223644807239046,1.5994293535252733,0.9196078431372549
1,0.0,-2.1297356445192444,0.10478647209341398,0.918954248366013
1,0.0,1.935389512034692,-0.3934278217172051,0.9183006535947712
1,0.0,0.5125957072408142,0.6030007659040342,0.9176470588235294
1,0.0,-0.9101980975530634,1.5994293535252733,0.9169934640522875
1,0.0,-0.30042932406997297,-2.6353921438649937,0.9163398692810457
1,0.0,2.1386457698623884,-0.3934278217172051,0.9156862745098039
1,1.0,1.3256207385516012,1.5994293535252733,0.9150326797385621
1,0.0,0.3093394494131174,0.6030007659040342,0.9143790849673202
1,0.0,0.9191082228962076,1.5994293535252733,0.9137254901960784
1,0.0,0.1060831915854206,0.3538936189987241,0.9130718954248366
1,0.0,1.3256207385516012,0.6030007659040342,0.9124183006535947
1,0.0,-0.30042932406997297,-1.6389635562437543,0.9117647058823529
1,0.0,-0.0971730662422762,0.8521079128093442,0.9111111111111111
1,1.0,-0.5036855818976698,-1.6389635562437543,0.9104575163398693
1,0.0,-1.1134543553807599,-1.3898564093384442,0.9098039215686274
1,0.0,-0.30042932406997297,1.3503222066199632,0.9091503267973856
1,0.0,1.935389512034692,0.10478647209341398,0.9084967320261438
1,0.0,1.528876996379298,1.1012150597146542,0.907843137254902
1,0.0,-0.7069418397253665,1.3503222066199632,0.9071895424836601
1,0.0,1.528876996379298,-1.1407492624331352,0.9065359477124183
1,0.0,-0.30042932406997297,-0.6425349686225151,0.9058823529411765
1,1.0,-0.7069418397253665,0.3538936189987241,0.9052287581699346
1,0.0,0.9191082228962076,-0.6425349686225151,0.9045751633986928
1,0.0,1.7321332542069952,0.10478647209341398,0.903921568627451
1,0.0,1.7321332542069952,-0.6425349686225151,0.9032679738562092
1,0.0,0.7158519650685109,0.8521079128093442,0.9026143790849673
1,0.0,0.1060831915854206,1.1012150597146542,0.9019607843137255
1,0.0,-0.5036855818976698,0.6030007659040342,0.9013071895424837
1,1.0,1.1223644807239046,0.8521079128093442,0.9006535947712418
1,0.0,0.9191082228962076,-0.3934278217172051,0.9
1,0.0,-0.9101980975530634,1.1012150597146542,0.8993464052287582
1,0.0,0.9191082228962076,0.8521079128093442,0.8986928104575164
1,0.0,-0.0971730662422762,-1.6389635562437543,0.8980392156862745
1,0.0,0.5125957072408142,0.8521079128093442,0.8973856209150327
1,0.0,-0.0971730662422762,-1.8880707031490644,0.8967320261437909
1,0.0,-2.7395044180023342,-1.3898564093384442,0.8960784313725491
1,1.0,-0.5036855818976698,0.3538936189987241,0.8954248366013072
1,0.0,-0.30042932406997297,-1.6389635562437543,0.8947712418300654
1,0.0,-1.7232231288638504,1.5994293535252733,0.8941176470588236
1,0.0,1.7321332542069952,1.8485365004305836,0.8934640522875817
1,0.0,1.3256207385516012,0.8521079128093442,0.8928104575163399
1,0.0,0.3093394494131174,-0.14432067481189498,0.8921568627450981
1,0.0,-0.5036855818976698,0.8521079128093442,0.8915032679738563
1,1.0,-0.30042932406997297,-0.3934278217172051,0.8908496732026144
1,0.0,-0.5036855818976698,1.5994293535252733,0.8901960784313725
1,0.0,-0.30042932406997297,-0.6425349686225151,0.8895424836601307
1,0.0,0.7158519650685109,-1.1407492624331352,0.8888888888888888
1,0.0,1.3256207385516012,0.10478647209341398,0.888235294117647
1,0.0,1.1223644807239046,0.8521079128093442,0.8875816993464052
1,0.0,1.935389512034692,1.5994293535252733,0.8869281045751634
1,0.0,-0.9101980975530634,-0.3934278217172051,0.8862745098039215
1,1.0,-1.2150824842946086,-1.6389635562437543,0.8856209150326797
1,0.0,0.7158519650685109,0.8521079128093442,0.8849673202614379
1,0.0,-0.0971730662422762,0.6030007659040342,0.884313725490196
1,0.0,0.3093394494131174,-1.8880707031490644,0.8836601307189542
1,0.0,1.1223644807239046,0.10478647209341398,0.8830065359477124
1,0.0,0.7158519650685109,0.3538936189987241,0.8823529411764706
1,0.0,0.3093394494131174,-0.6425349686225151,0.8816993464052287
1,1.0,-0.5036855818976698,1.1012150597146542,0.8810457516339869
1,0.0,-0.0971730662422762,-1.1407492624331352,0.8803921568627451
1,0.0,-0.30042932406997297,-2.1371778500543743,0.8797385620915033
1,0.0,-0.5036855818976698,0.3538936189987241,0.8790849673202614
1,0.0,0.3093394494131174,-1.1407492624331352,0.8784313725490196
1,0.0,0.3093394494131174,0.10478647209341398,0.8777777777777778
1,0.0,-0.5036855818976698,-1.1407492624331352,0.8771241830065359
1,0.0,-0.30042932406997297,-0.14432067481189498,0.8764705882352941
1,1.0,1.1223644807239046,-1.3898564093384442,0.8758169934640523
1,0.0,1.3256207385516012,0.6030007659040342,0.8751633986928105
1,0.0,0.3093394494131174,-0.6425349686225151,0.8745098039215686
1,0.0,-0.0971730662422762,-0.3934278217172051,0.8738562091503268
1,0.0,0.1060831915854206,0.6030007659040342,0.873202614379085
1,0.0,0.5125957072408142,0.10478647209341398,0.8725490196078431
1,0.0,-1.2150824842946086,0.6030007659040342,0.8718954248366013
1,1.0,0.3093394494131174,-0.3934278217172051,0.8712418300653595
1,0.0,0.1060831915854206,1.5994293535252733,0.8705882352941177
1,0.0,-0.5036855818976698,-1.6389635562437543,0.8699346405228758
1,0.0,-0.6053137108115182,-0.14432067481189498,0.869281045751634
1,0.0,-1.1134543553807599,0.3538936189987241,0.8686274509803922
1,0.0,1.3256207385516012,-0.8916421155278252,0.8679738562091504
1,0.0,0.5125957072408142,1.3503222066199632,0.8673202614379085
1,0.0,1.3256207385516012,0.8521079128093442,0.8666666666666667
1,1.0,-0.7069418397253665,-0.8916421155278252,0.8660130718954249
1,0.0,1.1223644807239046,0.3538936189987241,0.865359477124183
1,0.0,0.3093394494131174,0.6030007659040342,0.8647058823529412
1,0.0,1.7321332542069952,0.3538936189987241,0.8640522875816994
1,0.0,1.1223644807239046,1.1012150597146542,0.8633986928104576
1,0.0,-0.0971730662422762,1.3503222066199632,0.8627450980392157
1,0.0,0.9191082228962076,0.6030007659040342,0.8620915032679739
1,1.0,0.9191082228962076,1.1012150597146542,0.8614379084967321
1,0.0,0.3093394494131174,0.3538936189987241,0.8607843137254902
1,0.0,-0.0971730662422762,0.8521079128093442,0.8601307189542484
1,0.0,0.5125957072408142,-1.1407492624331352,0.8594771241830066
1,0.0,-1.3167106132084572,0.8521079128093442,0.8588235294117647
1,0.0,2.1386457698623884,1.1012150597146542,0.8581699346405228
1,0.0,-1.1134543553807599,1.3503222066199632,0.857516339869281
1,0.0,1.935389512034692,0.10478647209341398,0.8568627450980392
1,1.0,1.528876996379298,0.3538936189987241,0.8562091503267973
1,0.0,0.1060831915854206,0.6030007659040342,0.8555555555555555
1,0.0,-0.0971730662422762,-2.1371778500543743,0.8549019607843137
1,0.0,0.4109675783269658,-1.1407492624331352,0.8542483660130719
1,0.0,0.3093394494131174,-0.3934278217172051,0.85359477124183
1,0.0,-0.9101980975530634,0.6030007659040342,0.8529411764705882
1,0.0,0.5125957072408142,-0.3934278217172051,0.8522875816993464
1,1.0,0.5125957072408142,0.3538936189987241,0.8516339869281045
1,0.0,0.3093394494131174,0.8521079128093442,0.8509803921568627
1,0.0,1.935389512034692,-0.14432067481189498,0.8503267973856209
1,0.0,1.7321332542069952,1.1012150597146542,0.8496732026143791
1,0.0,0.9191082228962076,-1.1407492624331352,0.8490196078431372
1,0.0,-0.5036855818976698,-0.14432067481189498,0.8483660130718954
1,0.0,0.9191082228962076,1.1012150597146542,0.8477124183006536
1,1.0,-2.1297356445192444,0.3538936189987241,0.8470588235294118
1,0.0,0.9191082228962076,0.8521079128093442,0.8464052287581699
1,0.0,-0.30042932406997297,-0.6425349686225151,0.8457516339869281
1,0.0,-0.7069418397253665,0.10478647209341398,0.8450980392156863
1,0.0,-0.5036855818976698,-0.14432067481189498,0.8444444444444444
1,0.0,1.935389512034692,1.3503222066199632,0.8437908496732026
1,0.0,0.5125957072408142,-3.133606437675614,0.8431372549019608
1,0.0,-0.5036855818976698,-1.3898564093384442,0.842483660130719
1,1.0,-1.7232231288638504,-1.1407492624331352,0.8418300653594771
1,0.0,0.9191082228962076,1.1012150597146542,0.8411764705882353
1,0.0,1.3256207385516012,0.8521079128093442,0.8405228758169935
1,0.0,0.7158519650685109,0.3538936189987241,0.8398692810457516
1,0.0,-0.9101980975530634,1.1012150597146542,0.8392156862745098
1,0.0,-0.7069418397253665,0.10478647209341398,0.838562091503268
1,0.0,0.3093394494131174,-0.8916421155278252,0.8379084967320262
1,1.0,0.207711320499269,1.1012150597146542,0.8372549019607843
1,0.0,-0.5036855818976698,0.3538936189987241,0.8366013071895425
1,0.0,0.7158519650685109,0.10478647209341398,0.8359477124183007
1,0.0,1.3256207385516012,0.3538936189987241,0.8352941176470589
1,0.0,-0.7069418397253665,0.3538936189987241,0.834640522875817
1,0.0,1.3256207385516012,-0.8916421155278252,0.8339869281045752
1,0.0,0.7158519650685109,1.1012150597146542,0.8333333333333334
1,1.0,0.7158519650685109,0.3538936189987241,0.8326797385620915
1,0.0,0.5125957072408142,0.10478647209341398,0.8320261437908497
1,0.0,0.7158519650685109,-0.14432067481189498,0.8313725490196079
1,0.0,-1.9264793866915475,0.10478647209341398,0.8307189542483661
1,0.0,0.3093394494131174,-1.6389635562437543,0.8300653594771242
1,0.0,0.1060831915854206,1.3503222066199632,0.8294117647058824
1,0.0,-0.7069418397253665,0.6030007659040342,0.8287581699346406
1,0.0,1.3256207385516012,1.1012150597146542,0.8281045751633986
1,1.0,0.1060831915854206,0.10478647209341398,0.8274509803921568
1,0.0,-0.0971730662422762,1.8485365004305836,0.826797385620915
1,0.0,0.3093394494131174,-1.8880707031490644,0.8261437908496732
1,0.0,-0.0971730662422762,0.6030007659040342,0.8254901960784313
1,0.0,0.7158519650685109,-1.3898564093384442,0.8248366013071895
1,0.0,0.3093394494131174,0.10478647209341398,0.8241830065359477
1,0.0,1.528876996379298,0.6030007659040342,0.8235294117647058
1,1.0,0.3093394494131174,-0.3934278217172051,0.822875816993464
1,0.0,1.3256207385516012,1.3503222066199632,0.8222222222222222
1,0.0,-2.678527540654025,1.3503222066199632,0.8215686274509804
1,0.0,0.5125957072408142,-0.6425349686225151,0.8209150326797385
1,0.0,0.3093394494131174,0.6030007659040342,0.8202614379084967
1,0.0,0.8174800939823593,1.3503222066199632,0.8196078431372549
1,0.0,1.7321332542069952,1.1012150597146542,0.818954248366013
1,1.0,0.5125957072408142,0.8521079128093442,0.8183006535947712
1,0.0,1.7321332542069952,1.8485365004305836,0.8176470588235294
1,0.0,-0.19880119515612454,0.8521079128093442,0.8169934640522876
1,0.0,0.3093394494131174,1.3503222066199632,0.8163398692810457
1,0.0,-1.5199668710361538,0.10478647209341398,0.8156862745098039
1,0.0,-0.30042932406997297,-2.1371778500543743,0.8150326797385621
1,0.0,0.7158519650685109,-0.14432067481189498,0.8143790849673203
1,1.0,0.3093394494131174,-0.6425349686225151,0.8137254901960784
1,0.0,-1.1134543553807599,-0.8916421155278252,0.8130718954248366
1,0.0,-0.5036855818976698,-0.14432067481189498,0.8124183006535948
1,0.0,-1.2150824842946086,0.6030007659040342,0.8117647058823529
1,0.0,0.3093394494131174,-0.14432067481189498,0.8111111111111111
1,0.0,-0.6053137108115182,0.6030007659040342,0.8104575163398693
1,0.0,0.7158519650685109,1.1012150597146542,0.8098039215686275
1,0.0,-0.30042932406997297,-0.3934278217172051,0.8091503267973856
1,1.0,0.1060831915854206,1.5994293535252733,0.8084967320261438
1,0.0,-0.5036855818976698,0.6030007659040342,0.807843137254902
1,0.0,0.5125957072408142,0.8521079128093442,0.8071895424836601
1,0.0,0.5125957072408142,0.8521079128093442,0.8065359477124183
1,0.0,-0.5036855818976698,0.6030007659040342,0.8058823529411765
1,0.0,-0.5036855818976698,1.5994293535252733,0.8052287581699347
1,0.0,-2.1297356445192444,-1.6389635562437543,0.8045751633986928
1,1.0,-0.9101980975530634,0.10478647209341398,0.803921568627451
1,0.0,0.1060831915854206,0.6030007659040342,0.8032679738562092
1,0.0,0.5125957072408142,-1.1407492624331352,0.8026143790849674
1,0.0,1.3256207385516012,-0.14432067481189498,0.8019607843137255
1,0.0,0.5125957072408142,0.10478647209341398,0.8013071895424837
1,0.0,0.5125957072408142,-3.3827135845809235,0.8006535947712419
1,0.0,0.5125957072408142,0.6030007659040342,0.8
1,1.0,-1.621594999950002,-0.3934278217172051,0.7993464052287582
1,0.0,1.528876996379298,0.3538936189987241,0.7986928104575164
1,0.0,0.7158519650685109,-1.6389635562437543,0.7980392156862746
1,0.0,0.5125957072408142,-1.6389635562437543,0.7973856209150327
1,0.0,0.7158519650685109,-0.3934278217172051,0.7967320261437908
1,0.0,0.7158519650685109,0.8521079128093442,0.796078431372549
1,0.0,1.528876996379298,-1.6389635562437543,0.7954248366013071
1,0.0,1.528876996379298,0.8521079128093442,0.7947712418300653
1,1.0,-0.30042932406997297,0.10478647209341398,0.7941176470588235
1,0.0,0.207711320499269,1.3503222066199632,0.7934640522875817
1,0.0,0.3093394494131174,-1.3898564093384442,0.7928104575163398
1,0.0,-0.9101980975530634,0.3538936189987241,0.792156862745098
1,0.0,2.1386457698623884,1.1012150597146542,0.7915032679738562
1,0.0,0.7158519650685109,1.5994293535252733,0.7908496732026143
1,0.0,0.5125957072408142,-1.6389635562437543,0.7901960784313725
1,1.0,-0.7069418397253665,-1.6389635562437543,0.7895424836601307
1,0.0,-0.0971730662422762,1.5994293535252733,0.7888888888888889
1,0.0,0.7158519650685109,-0.3934278217172051,0.788235294117647
1,0.0,-0.7069418397253665,0.10478647209341398,0.7875816993464052
1,0.0,-0.7069418397253665,-0.3934278217172051,0.7869281045751634
1,0.0,-0.30042932406997297,-1.1407492624331352,0.7862745098039216
1,0.0,1.528876996379298,-2.3862849969596844,0.7856209150326797
1,1.0,0.7158519650685109,-0.3934278217172051,0.7849673202614379
1,0.0,-0.5036855818976698,0.8521079128093442,0.7843137254901961
1,0.0,-0.7069418397253665,0.8521079128093442,0.7836601307189542
1,0.0,0.5125957072408142,-0.3934278217172051,0.7830065359477124
1,0.0,0.9191082228962076,-0.3934278217172051,0.7823529411764706
1,0.0,0.7158519650685109,1.3503222066199632,0.7816993464052288
1,0.0,1.528876996379298,0.8521079128093442,0.7810457516339869
1,1.0,-1.5199668710361538,-1.1407492624331352,0.7803921568627451
1,0.0,-2.028107515605396,0.8521079128093442,0.7797385620915033
1,0.0,-0.7069418397253665,0.8521079128093442,0.7790849673202614
1,0.0,-0.7069418397253665,1.5994293535252733,0.7784313725490196
1,0.0,0.7158519650685109,0.10478647209341398,0.7777777777777778
1,0.0,0.7158519650685109,-0.14432067481189498,0.777124183006536
1,0.0,1.1223644807239046,0.3538936189987241,0.7764705882352941
1,1.0,-0.5036855818976698,-0.14432067481189498,0.7758169934640523
1,0.0,-1.4183387421223053,1.3503222066199632,0.7751633986928105
1,0.0,0.1060831915854206,0.6030007659040342,0.7745098039215687
1,0.0,-0.0971730662422762,0.6030007659040342,0.7738562091503268
1,0.0,-0.30042932406997297,0.10478647209341398,0.773202614379085
1,0.0,0.9191082228962076,-1.6389635562437543,0.7725490196078432
1,0.0,0.1060831915854206,-0.6425349686225151,0.7718954248366013
1,0.0,0.9191082228962076,-0.3934278217172051,0.7712418300653595
1,1.0,-1.5199668710361538,-0.14432067481189498,0.7705882352941177
1,0.0,1.935389512034692,0.10478647209341398,0.7699346405228759
1,0.0,0.3093394494131174,0.6030007659040342,0.769281045751634
1,0.0,1.020736351810056,0.8521079128093442,0.7686274509803922
1,0.0,-0.30042932406997297,0.10478647209341398,0.7679738562091504
1,0.0,-1.3167106132084572,-0.6425349686225151,0.7673202614379085
1,0.0,-0.0971730662422762,1.8485365004305836,0.7666666666666667
1,1.0,-1.5199668710361538,0.10478647209341398,0.7660130718954249
1,0.0,-0.0971730662422762,1.3503222066199632,0.765359477124183
1,0.0,1.1223644807239046,-1.1407492624331352,0.7647058823529411
1,0.0,1.3256207385516012,1.1012150597146542,0.7640522875816993
1,0.0,0.3093394494131174,-0.14432067481189498,0.7633986928104575
1,0.0,0.9191082228962076,0.3538936189987241,0.7627450980392156
1,0.0,-0.5036855818976698,-0.14432067481189498,0.7620915032679738
1,1.0,0.3093394494131174,0.6030007659040342,0.761437908496732
1,0.0,0.3093394494131174,-0.6425349686225151,0.7607843137254902
1,0.0,-1.1134543553807599,0.3538936189987241,0.7601307189542483
1,0.0,0.9191082228962076,-0.3934278217172051,0.7594771241830065
1,0.0,-0.5036855818976698,1.1012150597146542,0.7588235294117647
1,0.0,0.7158519650685109,-2.884499290770304,0.7581699346405228
1,0.0,-0.7069418397253665,0.6030007659040342,0.757516339869281
1,1.0,0.7158519650685109,-1.3898564093384442,0.7568627450980392
1,0.0,-1.1134543553807599,0.3538936189987241,0.7562091503267974
1,0.0,0.3093394494131174,1.3503222066199632,0.7555555555555555
1,0.0,-0.30042932406997297,1.1012150597146542,0.7549019607843137
1,0.0,0.5125957072408142,1.8485365004305836,0.7542483660130719
1,0.0,0.7158519650685109,0.6030007659040342,0.75359477124183
1,0.0,0.4109675783269658,1.8485365004305836,0.7529411764705882
1,1.0,1.3256207385516012,1.1012150597146542,0.7522875816993464
1,0.0,-0.0971730662422762,-0.14432067481189498,0.7516339869281046
1,0.0,-0.0971730662422762,0.8521079128093442,0.7509803921568627
1,0.0,0.1060831915854206,-1.3898564093384442,0.7503267973856209
1,0.0,-1.5199668710361538,-1.3898564093384442,0.7496732026143791
1,0.0,-0.7069418397253665,0.8521079128093442,0.7490196078431373
1,0.0,1.7321332542069952,-0.14432067481189498,0.7483660130718954
1,0.0,0.3093394494131174,-0.8916421155278252,0.7477124183006536
1,1.0,1.3256207385516012,1.5994293535252733,0.7470588235294118
1,0.0,0.7158519650685109,1.5994293535252733,0.74640522875817
1,0.0,-0.30042932406997297,-0.3934278217172051,0.7457516339869281
1,0.0,-1.1134543553807599,-0.14432067481189498,0.7450980392156863
1,0.0,0.3093394494131174,-1.8880707031490644,0.7444444444444445
1,0.0,-0.30042932406997297,1.3503222066199632,0.7437908496732026
1,0.0,0.5125957072408142,1.1012150597146542,0.7431372549019608
1,1.0,-0.5036855818976698,0.10478647209341398,0.742483660130719
1,0.0,-1.1134543553807599,-0.6425349686225151,0.7418300653594772
1,0.0,-0.0971730662422762,-0.6425349686225151,0.7411764705882353
1,0.0,1.3256207385516012,0.3538936189987241,0.7405228758169935
1,0.0,1.935389512034692,0.3538936189987241,0.7398692810457517
1,0.0,-0.0971730662422762,-1.8880707031490644,0.7392156862745098
1,0.0,0.9191082228962076,1.3503222066199632,0.738562091503268
1,1.0,-0.0971730662422762,0.8521079128093442,0.7379084967320262
1,0.0,1.1223644807239046,0.10478647209341398,0.7372549019607844
1,0.0,-0.5036855818976698,-0.8916421155278252,0.7366013071895425
1,0.0,0.7158519650685109,-0.3934278217172051,0.7359477124183007
1,0.0,-0.7069418397253665,-0.3934278217172051,0.7352941176470589
1,0.0,1.528876996379298,1.1012150597146542,0.734640522875817
1,0.0,2.1386457698623884,1.3503222066199632,0.7339869281045751
1,1.0,-1.5199668710361538,-1.1407492624331352,0.7333333333333333
1,0.0,0.9191082228962076,0.3538936189987241,0.7326797385620915
1,0.0,0.9191082228962076,1.1012150597146542,0.7320261437908496
1,0.0,-0.0971730662422762,-0.3934278217172051,0.7313725490196078
1,0.0,-0.0971730662422762,1.3503222066199632,0.730718954248366
1,0.0,0.7158519650685109,0.3538936189987241,0.7300653594771241
1,0.0,-0.5036855818976698,-1.1407492624331352,0.7294117647058823
1,1.0,-1.1134543553807599,0.3538936189987241,0.7287581699346405
1,0.0,1.528876996379298,-0.3934278217172051,0.7281045751633987
1,0.0,-0.30042932406997297,0.6030007659040342,0.7274509803921568
1,0.0,-0.9101980975530634,0.6030007659040342,0.726797385620915
1,0.0,0.7158519650685109,-1.1407492624331352,0.7261437908496732
1,0.0,-0.0971730662422762,0.10478647209341398,0.7254901960784313
1,0.0,1.935389512034692,0.10478647209341398,0.7248366013071895
1,1.0,-1.5199668710361538,-1.3898564093384442,0.7241830065359477
1,0.0,-1.9264793866915475,-0.3934278217172051,0.7235294117647059
1,0.0,-0.30042932406997297,0.10478647209341398,0.722875816993464
1,0.0,1.1223644807239046,0.3538936189987241,0.7222222222222222
1,0.0,0.9191082228962076,1.3503222066199632,0.7215686274509804
1,0.0,-0.0971730662422762,0.3538936189987241,0.7209150326797386
1,0.0,0.3093394494131174,-1.6389635562437543,0.7202614379084967
1,0.0,1.1223644807239046,1.8485365004305836,0.7196078431372549
1,1.0,-1.9264793866915475,-2.6353921438649937,0.7189542483660131
1,0.0,1.935389512034692,-1.1407492624331352,0.7183006535947712
1,0.0,0.9191082228962076,-0.3934278217172051,0.7176470588235294
1,0.0,-0.9101980975530634,-0.14432067481189498,0.7169934640522876
1,0.0,0.3093394494131174,0.10478647209341398,0.7163398692810458
1,0.0,-0.9101980975530634,0.6030007659040342,0.7156862745098039
1,0.0,1.528876996379298,0.3538936189987241,0.7150326797385621
1,1.0,-1.1134543553807599,0.6030007659040342,0.7143790849673203
1,0.0,-0.4020574529838214,0.8521079128093442,0.7137254901960784
1,0.0,0.1060831915854206,-0.3934278217172051,0.7130718954248366
1,0.0,0.7158519650685109,-0.3934278217172051,0.7124183006535948
1,0.0,0.5125957072408142,0.10478647209341398,0.711764705882353
1,0.0,-1.7232231288638504,0.10478647209341398,0.7111111111111111
1,0.0,-1.4183387421223053,-0.14432067481189498,0.7104575163398693
1,1.0,-1.1134543553807599,-0.3934278217172051,0.7098039215686275
1,0.0,0.1060831915854206,0.6030007659040342,0.7091503267973857
1,0.0,-0.30042932406997297,0.10478647209341398,0.7084967320261438
1,0.0,1.935389512034692,-0.8916421155278252,0.707843137254902
1,0.0,-0.0971730662422762,-0.6425349686225151,0.7071895424836602
1,0.0,0.9191082228962076,1.5994293535252733,0.7065359477124183
1,0.0,-0.0971730662422762,0.6030007659040342,0.7058823529411765
1,1.0,1.1223644807239046,1.1012150597146542,0.7052287581699347
1,0.0,-1.7232231288638504,0.3538936189987241,0.7045751633986929
1,0.0,-0.0971730662422762,-0.3934278217172051,0.703921568627451
1,0.0,1.935389512034692,-1.6389635562437543,0.7032679738562092
1,0.0,0.9191082228962076,-0.6425349686225151,0.7026143790849673
1,0.0,-1.1134543553807599,-0.3934278217172051,0.7019607843137254
1,0.0,0.5125957072408142,0.10478647209341398,0.7013071895424836
1,1.0,-1.1134543553807599,-1.1407492624331352,0.7006535947712418
1,0.0,1.1223644807239046,0.3538936189987241,0.7
1,0.0,0.7158519650685109,0.8521079128093442,0.6993464052287581
1,0.0,1.1223644807239046,1.1012150597146542,0.6986928104575163
1,0.0,0.9191082228962076,0.3538936189987241,0.6980392156862745
1,0.0,1.3256207385516012,-0.14432067481189498,0.6973856209150326
1,0.0,0.7158519650685109,-0.14432067481189498,0.6967320261437908
1,1.0,-3.7557857071408174,-0.6425349686225151,0.696078431372549
1,0.0,-0.8085699686392149,-1.8880707031490644,0.6954248366013072
1,0.0,-0.0971730662422762,-2.3862849969596844,0.6947712418300653
1,0.0,0.5125957072408142,-1.1407492624331352,0.6941176470588235
1,0.0,-0.15814994359058465,0.8521079128093442,0.6934640522875817
1,0.0,-0.5036855818976698,-0.14432067481189498,0.6928104575163399
1,0.0,0.7158519650685109,-0.8916421155278252,0.692156862745098
1,1.0,0.9191082228962076,-0.6425349686225151,0.6915032679738562
1,0.0,-0.30042932406997297,-0.14432067481189498,0.6908496732026144
1,0.0,0.5125957072408142,-0.14432067481189498,0.6901960784313725
1,0.0,0.1060831915854206,0.8521079128093442,0.6895424836601307
1,0.0,-0.30042932406997297,-1.6389635562437543,0.6888888888888889
1,0.0,0.1060831915854206,-0.6425349686225151,0.6882352941176471
1,0.0,0.3093394494131174,-0.6425349686225151,0.6875816993464052
1,0.0,0.5125957072408142,0.3538936189987241,0.6869281045751634
1,1.0,-1.3167106132084572,-0.6425349686225151,0.6862745098039216
1,0.0,1.1223644807239046,0.6030007659040342,0.6856209150326797
1,0.0,-0.5036855818976698,0.3538936189987241,0.6849673202614379
1,0.0,-0.5036855818976698,-0.3934278217172051,0.6843137254901961
1,0.0,0.7158519650685109,0.10478647209341398,0.6836601307189543
1,0.0,-1.1134543553807599,0.8521079128093442,0.6830065359477124
1,0.0,0.5125957072408142,0.10478647209341398,0.6823529411764706
1,1.0,-0.5036855818976698,-0.6425349686225151,0.6816993464052288
1,0.0,0.5125957072408142,0.10478647209341398,0.681045751633987
1,0.0,0.5125957072408142,-0.14432067481189498,0.6803921568627451
1,0.0,-0.30042932406997297,-0.6425349686225151,0.6797385620915033
1,0.0,-0.5036855818976698,-0.8916421155278252,0.6790849673202615
1,0.0,0.5125957072408142,0.3538936189987241,0.6784313725490196
1,0.0,0.1060831915854206,0.8521079128093442,0.6777777777777778
1,1.0,-0.9101980975530634,-0.3934278217172051,0.677124183006536
1,0.0,1.1223644807239046,0.6030007659040342,0.6764705882352942
1,0.0,-0.0971730662422762,1.3503222066199632,0.6758169934640523
1,0.0,0.7158519650685109,0.6030007659040342,0.6751633986928105
1,0.0,-0.30042932406997297,0.10478647209341398,0.6745098039215687
1,0.0,1.1223644807239046,0.8521079128093442,0.6738562091503268
1,0.0,1.528876996379298,0.3538936189987241,0.673202614379085
1,1.0,-1.3167106132084572,-1.6389635562437543,0.6725490196078432
1,0.0,0.9191082228962076,0.3538936189987241,0.6718954248366014
1,0.0,-0.7069418397253665,0.3538936189987241,0.6712418300653594
1,0.0,-0.8085699686392149,0.3538936189987241,0.6705882352941176
1,0.0,2.1386457698623884,-0.8916421155278252,0.6699346405228758
1,0.0,-1.1134543553807599,0.8521079128093442,0.6692810457516339
1,0.0,-0.5036855818976698,-0.6425349686225151,0.6686274509803921
1,1.0,-1.3167106132084572,-0.3934278217172051,0.6679738562091503
1,0.0,0.9191082228962076,-0.3934278217172051,0.6673202614379085
1,0.0,0.3093394494131174,-0.6425349686225151,0.6666666666666666
1,0.0,-0.9101980975530634,-1.1407492624331352,0.6660130718954248
1,0.0,-1.4183387421223053,0.10478647209341398,0.665359477124183
1,0.0,-0.19880119515612454,-0.6425349686225151,0.6647058823529411
1,0.0,1.528876996379298,1.5994293535252733,0.6640522875816993
1,1.0,-2.4346200312607893,-0.6425349686225151,0.6633986928104575
1,0.0,-0.30042932406997297,0.8521079128093442,0.6627450980392157
1,0.0,-0.0971730662422762,1.3503222066199632,0.6620915032679738
1,0.0,0.9191082228962076,-0.14432067481189498,0.661437908496732
1,0.0,1.528876996379298,0.8521079128093442,0.6607843137254902
1,0.0,-2.2313637734330927,-1.6389635562437543,0.6601307189542484
1,0.0,0.1060831915854206,0.3538936189987241,0.6594771241830065
1,1.0,-0.7069418397253665,-0.14432067481189498,0.6588235294117647
1,0.0,0.1060831915854206,1.8485365004305836,0.6581699346405229
1,0.0,-0.9101980975530634,-0.3934278217172051,0.657516339869281
1,0.0,1.1223644807239046,-1.3898564093384442,0.6568627450980392
1,0.0,-0.9101980975530634,1.5994293535252733,0.6562091503267974
1,0.0,0.5125957072408142,-0.3934278217172051,0.6555555555555556
1,0.0,0.3093394494131174,-0.14432067481189498,0.6549019607843137
1,1.0,-1.7232231288638504,-0.8916421155278252,0.6542483660130719
1,0.0,0.1060831915854206,0.8521079128093442,0.6535947712418301
1,0.0,-1.7232231288638504,1.5994293535252733,0.6529411764705882
1,0.0,-0.30042932406997297,-0.14432067481189498,0.6522875816993464
1,0.0,0.4109675783269658,0.3538936189987241,0.6516339869281046
1,0.0,-1.9264793866915475,0.6030007659040342,0.6509803921568628
1,0.0,1.1223644807239046,0.6030007659040342,0.6503267973856209
1,1.0,0.1060831915854206,-0.6425349686225151,0.6496732026143791
1,0.0,-0.4020574529838214,0.10478647209341398,0.6490196078431373
1,0.0,1.528876996379298,0.10478647209341398,0.6483660130718955
1,0.0,0.207711320499269,-1.1407492624331352,0.6477124183006536
1,0.0,-1.3167106132084572,-1.1407492624331352,0.6470588235294118
1,0.0,0.1060831915854206,-0.3934278217172051,0.64640522875817
1,0.0,-0.5036855818976698,-1.6389635562437543,0.6457516339869281
1,1.0,-1.9264793866915475,0.10478647209341398,0.6450980392156863
1,0.0,1.1223644807239046,0.6030007659040342,0.6444444444444445
1,0.0,-0.0971730662422762,0.3538936189987241,0.6437908496732027
1,0.0,-1.5199668710361538,-0.3934278217172051,0.6431372549019608
1,0.0,-1.0118262264669118,0.8521079128093442,0.642483660130719
1,0.0,-0.7069418397253665,1.3503222066199632,0.6418300653594772
1,0.0,-0.0971730662422762,-0.3934278217172051,0.6411764705882353
1,0.0,0.9191082228962076,-0.3934278217172051,0.6405228758169934
1,1.0,-0.19880119515612454,-0.6425349686225151,0.6398692810457516
1,0.0,-1.3167106132084572,0.8521079128093442,0.6392156862745098
1,0.0,1.528876996379298,0.3538936189987241,0.6385620915032679
1,0.0,0.3093394494131174,-0.6425349686225151,0.6379084967320261
1,0.0,-0.0971730662422762,0.6030007659040342,0.6372549019607843
1,0.0,0.1060831915854206,-1.8880707031490644,0.6366013071895424
1,0.0,0.5125957072408142,0.6030007659040342,0.6359477124183006
1,1.0,-1.7232231288638504,-1.8880707031490644,0.6352941176470588
1,0.0,0.1060831915854206,0.10478647209341398,0.634640522875817
1,0.0,0.1060831915854206,1.8485365004305836,0.6339869281045751
1,0.0,-1.3167106132084572,0.6030007659040342,0.6333333333333333
1,0.0,-0.19880119515612454,-2.1371778500543743,0.6326797385620915
1,0.0,-2.2313637734330927,-0.14432067481189498,0.6320261437908496
1,0.0,1.3256207385516012,1.1012150597146542,0.6313725490196078
1,1.0,0.3093394494131174,-0.8916421155278252,0.630718954248366
1,0.0,-0.0971730662422762,0.6030007659040342,0.6300653594771242
1,0.0,-1.9264793866915475,1.5994293535252733,0.6294117647058823
1,0.0,0.3093394494131174,1.5994293535252733,0.6287581699346405
1,0.0,0.1060831915854206,1.3503222066199632,0.6281045751633987
1,0.0,-0.7069418397253665,0.3538936189987241,0.6274509803921569
1,0.0,-1.1134543553807599,-1.1407492624331352,0.626797385620915
1,1.0,-2.5362481601746376,-1.6389635562437543,0.6261437908496732
1,0.0,-2.5362481601746376,1.1012150597146542,0.6254901960784314
1,0.0,1.7321332542069952,0.10478647209341398,0.6248366013071895
1,0.0,0.7158519650685109,0.6030007659040342,0.6241830065359477
1,0.0,-0.30042932406997297,0.8521079128093442,0.6235294117647059
1,0.0,1.1223644807239046,-0.8916421155278252,0.6228758169934641
1,0.0,0.3093394494131174,-0.14432067481189498,0.6222222222222222
1,1.0,0.7158519650685109,-0.8916421155278252,0.6215686274509804
1,0.0,-0.30042932406997297,0.6030007659040342,0.6209150326797386
1,0.0,-0.30042932406997297,0.6030007659040342,0.6202614379084967
1,0.0,0.3093394494131174,0.6030007659040342,0.6196078431372549
1,0.0,-1.2150824842946086,-1.3898564093384442,0.6189542483660131
1,0.0,2.1386457698623884,-0.14432067481189498,0.6183006535947713
1,0.0,0.7158519650685109,1.1012150597146542,0.6176470588235294
1,1.0,0.1060831915854206,-2.1371778500543743,0.6169934640522876
1,0.0,-1.824851257777699,-0.14432067481189498,0.6163398692810458
1,0.0,0.5125957072408142,-0.6425349686225151,0.615686274509804
1,0.0,-0.5036855818976698,-0.3934278217172051,0.6150326797385621
1,0.0,-1.4183387421223053,0.10478647209341398,0.6143790849673203
1,0.0,1.528876996379298,0.6030007659040342,0.6137254901960785
1,0.0,-1.1134543553807599,0.3538936189987241,0.6130718954248366
1,0.0,0.1060831915854206,-0.6425349686225151,0.6124183006535948
1,0.0,0.3093394494131174,0.3538936189987241,0.611764705882353
1,0.0,-1.1134543553807599,-2.6353921438649937,0.6111111111111112
1,0.0,0.3093394494131174,0.3538936189987241,0.6104575163398693
1,0.0,0.1060831915854206,0.6030007659040342,0.6098039215686275
1,0.0,-0.7069418397253665,0.10478647209341398,0.6091503267973856
1,0.0,1.528876996379298,1.1012150597146542,0.6084967320261437
1,0.0,0.7158519650685109,-0.14432067481189498,0.6078431372549019
1,0.0,-1.1134543553807599,1.1012150597146542,0.6071895424836601
1,0.0,0.9191082228962076,-0.3934278217172051,0.6065359477124183
1,0.0,1.7321332542069952,-1.1407492624331352,0.6058823529411764
1,0.0,-1.1134543553807599,-0.14432067481189498,0.6052287581699346
1,0.0,0.5125957072408142,0.6030007659040342,0.6045751633986928
1,0.0,2.1386457698623884,1.1012150597146542,0.6039215686274509
1,0.0,0.3093394494131174,1.5994293535252733,0.6032679738562091
1,0.0,0.5125957072408142,0.3538936189987241,0.6026143790849673
1,0.0,-1.7232231288638504,1.1012150597146542,0.6019607843137255
1,0.0,2.1386457698623884,1.3503222066199632,0.6013071895424836
1,0.0,1.528876996379298,0.6030007659040342,0.6006535947712418
1,0.0,-0.30042932406997297,0.10478647209341398,0.6
1,0.0,-1.7232231288638504,0.6030007659040342,0.5993464052287582
1,0.0,-0.5036855818976698,-0.3934278217172051,0.5986928104575163
1,0.0,-0.30042932406997297,-0.3934278217172051,0.5980392156862745
1,0.0,0.3093394494131174,-0.14432067481189498,0.5973856209150327
1,0.0,-1.1134543553807599,-0.8916421155278252,0.5967320261437908
1,0.0,-1.1134543553807599,0.8521079128093442,0.596078431372549
1,0.0,1.528876996379298,0.10478647209341398,0.5954248366013072
1,0.0,0.1060831915854206,1.1012150597146542,0.5947712418300654
1,0.0,0.7158519650685109,0.6030007659040342,0.5941176470588235
1,0.0,-0.6053137108115182,-0.8916421155278252,0.5934640522875817
1,0.0,-1.7232231288638504,-0.6425349686225151,0.5928104575163399
1,0.0,-0.5036855818976698,-1.8880707031490644,0.592156862745098
1,0.0,0.3093394494131174,-2.1371778500543743,0.5915032679738562
1,0.0,0.9191082228962076,1.1012150597146542,0.5908496732026144
1,0.0,-1.5199668710361538,0.3538936189987241,0.5901960784313726
1,0.0,-1.4589899936878443,0.10478647209341398,0.5895424836601307
1,0.0,-0.30042932406997297,-1.6389635562437543,0.5888888888888889
1,0.0,-0.0971730662422762,1.1012150597146542,0.5882352941176471
1,0.0,-0.8085699686392149,0.6030007659040342,0.5875816993464053
1,0.0,0.1060831915854206,-2.1371778500543743,0.5869281045751634
1,0.0,-1.1134543553807599,-1.6389635562437543,0.5862745098039216
1,0.0,-0.7069418397253665,-0.14432067481189498,0.5856209150326798
1,0.0,1.1223644807239046,-0.8916421155278252,0.5849673202614379
1,0.0,-1.0118262264669118,-1.6389635562437543,0.5843137254901961
1,0.0,-0.5036855818976698,-0.3934278217172051,0.5836601307189543
1,0.0,-0.7069418397253665,-0.3934278217172051,0.5830065359477125
1,0.0,-1.5199668710361538,1.3503222066199632,0.5823529411764706
1,0.0,1.7321332542069952,-0.3934278217172051,0.5816993464052288
1,0.0,0.1060831915854206,0.8521079128093442,0.581045751633987
1,0.0,1.1223644807239046,-0.3934278217172051,0.5803921568627451
1,0.0,1.7321332542069952,-0.6425349686225151,0.5797385620915033
1,0.0,-0.5036855818976698,-0.14432067481189498,0.5790849673202615
1,0.0,1.3256207385516012,0.8521079128093442,0.5784313725490197
1,0.0,-0.5036855818976698,0.10478647209341398,0.5777777777777777
1,0.0,-0.5036855818976698,0.6030007659040342,0.5771241830065359
1,0.0,1.3256207385516012,-0.6425349686225151,0.5764705882352941
1,0.0,0.1060831915854206,1.3503222066199632,0.5758169934640522
1,0.0,-1.1134543553807599,0.6030007659040342,0.5751633986928104
1,0.0,1.1223644807239046,-0.8916421155278252,0.5745098039215686
1,0.0,0.1060831915854206,0.10478647209341398,0.5738562091503268
1,0.0,1.935389512034692,0.6030007659040342,0.5732026143790849
1,0.0,0.1060831915854206,-2.3862849969596844,0.5725490196078431
1,0.0,-0.7069418397253665,-1.3898564093384442,0.5718954248366013
1,0.0,-0.7069418397253665,-0.3934278217172051,0.5712418300653594
1,0.0,-1.1134543553807599,1.1012150597146542,0.5705882352941176
1,0.0,0.5125957072408142,1.3503222066199632,0.5699346405228758
1,0.0,-1.0118262264669118,0.6030007659040342,0.569281045751634
1,0.0,1.935389512034692,-0.14432067481189498,0.5686274509803921
1,0.0,-0.30042932406997297,-0.8916421155278252,0.5679738562091503
1,0.0,-0.4020574529838214,1.1012150597146542,0.5673202614379085
1,0.0,0.5125957072408142,0.10478647209341398,0.5666666666666667
1,0.0,0.5125957072408142,1.5994293535252733,0.5660130718954248
1,0.0,0.9191082228962076,0.10478647209341398,0.565359477124183
1,0.0,0.3093394494131174,0.8521079128093442,0.5647058823529412
1,0.0,-0.5036855818976698,-0.3934278217172051,0.5640522875816993
1,0.0,0.7158519650685109,1.3503222066199632,0.5633986928104575
1,0.0,0.1060831915854206,0.10478647209341398,0.5627450980392157
1,0.0,1.3256207385516012,1.5994293535252733,0.5620915032679739
1,0.0,-1.3167106132084572,-1.1407492624331352,0.561437908496732
1,0.0,1.3256207385516012,0.8521079128093442,0.5607843137254902
1,0.0,0.1060831915854206,0.10478647209341398,0.5601307189542484
1,0.0,1.3256207385516012,1.3503222066199632,0.5594771241830065
1,0.0,0.4109675783269658,-0.6425349686225151,0.5588235294117647
1,0.0,0.1060831915854206,-2.1371778500543743,0.5581699346405229
1,0.0,-0.30042932406997297,1.1012150597146542,0.5575163398692811
1,0.0,-0.30042932406997297,-0.8916421155278252,0.5568627450980392
1,0.0,-1.1134543553807599,-0.3934278217172051,0.5562091503267974
1,0.0,1.528876996379298,-0.14432067481189498,0.5555555555555556
1,0.0,-1.3167106132084572,0.10478647209341398,0.5549019607843138
1,0.0,1.528876996379298,-0.14432067481189498,0.5542483660130719
1,0.0,-0.5036855818976698,0.10478647209341398,0.5535947712418301
1,0.0,0.3093394494131174,-0.14432067481189498,0.5529411764705883
1,0.0,2.1386457698623884,-2.6353921438649937,0.5522875816993464
1,0.0,-0.0971730662422762,1.1012150597146542,0.5516339869281046
1,0.0,0.5125957072408142,-1.1407492624331352,0.5509803921568628
1,0.0,0.9191082228962076,1.1012150597146542,0.550326797385621
1,0.0,-2.7395044180023342,-0.14432067481189498,0.5496732026143791
1,0.0,-0.7069418397253665,-1.3898564093384442,0.5490196078431373
1,0.0,0.7158519650685109,0.6030007659040342,0.5483660130718955
1,0.0,-0.7069418397253665,-0.6425349686225151,0.5477124183006536
1,0.0,0.3093394494131174,0.8521079128093442,0.5470588235294118
1,0.0,-0.5036855818976698,-1.3898564093384442,0.5464052287581699
1,0.0,-0.9101980975530634,-0.6425349686225151,0.545751633986928
1,0.0,-1.1134543553807599,-0.6425349686225151,0.5450980392156862
1,0.0,-0.5036855818976698,-1.1407492624331352,0.5444444444444444
1,0.0,-0.5036855818976698,0.6030007659040342,0.5437908496732026
1,0.0,-0.9101980975530634,1.3503222066199632,0.5431372549019607
1,0.0,-0.6053137108115182,-1.3898564093384442,0.5424836601307189
1,0.0,-0.0971730662422762,-0.8916421155278252,0.5418300653594771
1,0.0,0.3093394494131174,-0.14432067481189498,0.5411764705882353
1,0.0,0.5125957072408142,-1.6389635562437543,0.5405228758169934
1,0.0,-0.30042932406997297,-0.3934278217172051,0.5398692810457516
1,0.0,-0.30042932406997297,0.3538936189987241,0.5392156862745098
1,0.0,1.1223644807239046,0.8521079128093442,0.538562091503268
1,0.0,0.5125957072408142,-1.3898564093384442,0.5379084967320261
1,0.0,-0.30042932406997297,0.8521079128093442,0.5372549019607843
1,0.0,0.1060831915854206,0.10478647209341398,0.5366013071895425
1,0.0,0.1060831915854206,0.10478647209341398,0.5359477124183006
1,0.0,-0.7069418397253665,0.8521079128093442,0.5352941176470588
1,0.0,1.1223644807239046,-1.3898564093384442,0.534640522875817
1,0.0,0.3093394494131174,-0.14432067481189498,0.5339869281045752
1,0.0,-1.1134543553807599,-0.3934278217172051,0.5333333333333333
1,0.0,0.5125957072408142,1.5994293535252733,0.5326797385620915
1,0.0,-1.5199668710361538,1.1012150597146542,0.5320261437908497
1,0.0,0.1060831915854206,0.8521079128093442,0.5313725490196078
1,0.0,1.1223644807239046,-1.8880707031490644,0.530718954248366
1,0.0,2.1386457698623884,1.1012150597146542,0.5300653594771242
1,0.0,-1.9264793866915475,0.6030007659040342,0.5294117647058824
1,0.0,0.1060831915854206,-1.3898564093384442,0.5287581699346405
1,0.0,1.528876996379298,-1.8880707031490644,0.5281045751633987
1,0.0,0.5125957072408142,0.3538936189987241,0.5274509803921569
1,0.0,1.935389512034692,-0.8916421155278252,0.526797385620915
1,0.0,1.3256207385516012,0.8521079128093442,0.5261437908496732
1,0.0,1.7321332542069952,0.6030007659040342,0.5254901960784314
1,0.0,0.7158519650685109,0.10478647209341398,0.5248366013071896
1,0.0,1.1223644807239046,1.3503222066199632,0.5241830065359477
1,0.0,-0.0971730662422762,-1.1407492624331352,0.5235294117647059
1,0.0,1.935389512034692,-0.3934278217172051,0.5228758169934641
1,0.0,0.5125957072408142,0.8521079128093442,0.5222222222222223
1,0.0,-0.5036855818976698,1.8485365004305836,0.5215686274509804
1,0.0,-0.5036855818976698,-0.14432067481189498,0.5209150326797386
1,0.0,1.528876996379298,0.6030007659040342,0.5202614379084968
1,0.0,0.7158519650685109,-1.1407492624331352,0.5196078431372549
1,0.0,1.1223644807239046,0.8521079128093442,0.5189542483660131
1,0.0,1.1223644807239046,0.3538936189987241,0.5183006535947713
1,0.0,0.7158519650685109,-0.8916421155278252,0.5176470588235295
1,0.0,1.1223644807239046,-0.14432067481189498,0.5169934640522876
1,0.0,-0.4020574529838214,-0.14432067481189498,0.5163398692810458
1,0.0,-0.30042932406997297,0.10478647209341398,0.515686274509804
1,0.0,1.528876996379298,-0.6425349686225151,0.515032679738562
1,0.0,0.5125957072408142,-2.1371778500543743,0.5143790849673202
1,0.0,-0.0971730662422762,0.8521079128093442,0.5137254901960784
1,0.0,-0.5036855818976698,-0.6425349686225151,0.5130718954248366
1,0.0,-0.9101980975530634,0.8521079128093442,0.5124183006535947
1,0.0,-0.7069418397253665,-1.8880707031490644,0.5117647058823529
1,0.0,-0.30042932406997297,0.8521079128093442,0.5111111111111111
1,0.0,-0.5036855818976698,0.3538936189987241,0.5104575163398692
1,0.0,-0.30042932406997297,0.3538936189987241,0.5098039215686274
1,0.0,-1.4183387421223053,0.8521079128093442,0.5091503267973856
1,0.0,-0.0971730662422762,0.10478647209341398,0.5084967320261438
1,0.0,-1.1134543553807599,-0.6425349686225151,0.5078431372549019
1,0.0,-0.30042932406997297,1.5994293535252733,0.5071895424836601
1,0.0,-1.7232231288638504,1.3503222066199632,0.5065359477124183
1,0.0,-1.6622462515155414,-1.8880707031490644,0.5058823529411764
1,0.0,0.3093394494131174,-1.1407492624331352,0.5052287581699346
1,0.0,0.9191082228962076,1.3503222066199632,0.5045751633986928
1,0.0,0.7158519650685109,-0.8916421155278252,0.503921568627451
1,0.0,-0.5036855818976698,1.3503222066199632,0.5032679738562091
1,0.0,0.3093394494131174,1.1012150597146542,0.5026143790849673
1,0.0,-0.9101980975530634,-0.14432067481189498,0.5019607843137255
1,0.0,-1.2150824842946086,1.5994293535252733,0.5013071895424837
1,0.0,1.1223644807239046,-0.3934278217172051,0.5006535947712418
1,0.0,0.9191082228962076,-0.8916421155278252,0.5
1,0.0,-0.0971730662422762,-1.1407492624331352,0.4993464052287582
1,0.0,-0.0971730662422762,0.3538936189987241,0.49869281045751634
1,0.0,-1.3167106132084572,-0.8916421155278252,0.4980392156862745
1,0.0,0.5125957072408142,-1.1407492624331352,0.4973856209150327
1,0.0,1.1223644807239046,-0.14432067481189498,0.49673202614379086
1,0.0,0.7158519650685109,0.6030007659040342,0.49607843137254903
1,0.0,0.7158519650685109,0.3538936189987241,0.4954248366013072
1,0.0,-0.7069418397253665,-1.8880707031490644,0.4947712418300654
1,0.0,1.935389512034692,1.3503222066199632,0.49411764705882355
1,0.0,2.1386457698623884,-0.3934278217172051,0.4934640522875817
1,0.0,1.528876996379298,-1.3898564093384442,0.4928104575163399
1,0.0,-1.3167106132084572,-1.3898564093384442,0.492156862745098
1,0.0,-0.30042932406997297,-0.14432067481189498,0.4915032679738562
1,0.0,0.9191082228962076,-2.884499290770304,0.49084967320261436
1,0.0,-0.0971730662422762,-1.1407492624331352,0.49019607843137253
1,0.0,1.3256207385516012,1.8485365004305836,0.4895424836601307
1,0.0,0.7158519650685109,-0.3934278217172051,0.4888888888888889
1,0.0,-0.5036855818976698,0.10478647209341398,0.48823529411764705
1,0.0,-1.1134543553807599,0.3538936189987241,0.4875816993464052
1,0.0,-1.1134543553807599,0.10478647209341398,0.4869281045751634
1,0.0,-1.4183387421223053,-0.3934278217172051,0.48627450980392156
1,0.0,-0.5036855818976698,-0.14432067481189498,0.48562091503267973
1,0.0,-0.0971730662422762,0.10478647209341398,0.4849673202614379
1,0.0,0.4109675783269658,1.1012150597146542,0.4843137254901961
1,0.0,-0.0971730662422762,-0.14432067481189498,0.48366013071895425
1,0.0,0.3093394494131174,0.6030007659040342,0.4830065359477124
1,0.0,-0.7069418397253665,-3.133606437675614,0.4823529411764706
1,0.0,-0.19880119515612454,1.5994293535252733,0.48169934640522877
1,0.0,-0.9101980975530634,-0.8916421155278252,0.48104575163398694
1,0.0,-0.7069418397253665,0.6030007659040342,0.4803921568627451
1,0.0,1.1223644807239046,1.1012150597146542,0.4797385620915033
1,0.0,0.004455062671572207,-0.3934278217172051,0.47908496732026146
1,0.0,1.7321332542069952,-1.3898564093384442,0.47843137254901963
1,0.0,-0.7069418397253665,-0.6425349686225151,0.4777777777777778
1,0.0,1.528876996379298,-0.14432067481189498,0.477124183006536
1,0.0,1.223992609637753,-0.6425349686225151,0.4764705882352941
1,0.0,0.9191082228962076,-0.8916421155278252,0.47581699346405226
1,0.0,-0.9101980975530634,-0.3934278217172051,0.47516339869281043
1,0.0,1.3256207385516012,-0.14432067481189498,0.4745098039215686
1,0.0,-0.03619618889396773,0.6030007659040342,0.4738562091503268
1,0.0,-1.2150824842946086,-0.14432067481189498,0.47320261437908495
1,0.0,-2.7395044180023342,-1.6389635562437543,0.4725490196078431
1,0.0,1.3256207385516012,0.10478647209341398,0.4718954248366013
1,0.0,-0.0971730662422762,-0.14432067481189498,0.47124183006535947
1,0.0,-1.621594999950002,0.10478647209341398,0.47058823529411764
1,0.0,-1.2150824842946086,-0.14432067481189498,0.4699346405228758
1,0.0,0.5125957072408142,0.3538936189987241,0.469281045751634
1,0.0,0.7158519650685109,0.3538936189987241,0.46862745098039216
1,0.0,-1.9264793866915475,-1.3898564093384442,0.46797385620915033
1,0.0,0.9191082228962076,-0.8916421155278252,0.4673202614379085
1,0.0,-0.6053137108115182,-0.8916421155278252,0.4666666666666667
1,0.0,1.1223644807239046,-0.14432067481189498,0.46601307189542485
1,0.0,0.3093394494131174,1.3503222066199632,0.465359477124183
1,0.0,0.3093394494131174,-0.14432067481189498,0.4647058823529412
1,0.0,1.528876996379298,0.6030007659040342,0.46405228758169936
1,0.0,0.1060831915854206,-0.6425349686225151,0.46339869281045754
1,0.0,1.528876996379298,1.1012150597146542,0.4627450980392157
1,0.0,1.1223644807239046,1.3503222066199632,0.4620915032679739
1,0.0,2.1386457698623884,0.8521079128093442,0.46143790849673205
1,0.0,0.1060831915854206,-0.6425349686225151,0.46078431372549017
1,0.0,-0.30042932406997297,0.8521079128093442,0.46013071895424834
1,0.0,0.1060831915854206,0.3538936189987241,0.4594771241830065
1,0.0,-0.5036855818976698,-0.6425349686225151,0.4588235294117647
1,0.0,-1.5199668710361538,-1.3898564093384442,0.45816993464052286
1,0.0,-0.0971730662422762,-0.3934278217172051,0.45751633986928103
1,0.0,0.7158519650685109,-0.8916421155278252,0.4568627450980392
1,0.0,0.5125957072408142,-1.3898564093384442,0.4562091503267974
1,0.0,0.7158519650685109,-1.1407492624331352,0.45555555555555555
1,0.0,-0.5036855818976698,-0.3934278217172051,0.4549019607843137
1,0.0,0.3093394494131174,0.3538936189987241,0.4542483660130719
1,0.0,0.1060831915854206,-0.14432067481189498,0.45359477124183006
1,0.0,-0.0971730662422762,-1.3898564093384442,0.45294117647058824
1,0.0,0.5125957072408142,0.3538936189987241,0.4522875816993464
1,0.0,-1.7232231288638504,-0.14432067481189498,0.4516339869281046
1,0.0,-0.30042932406997297,-0.3934278217172051,0.45098039215686275
1,0.0,-0.5036855818976698,0.6030007659040342,0.4503267973856209
1,0.0,-0.7069418397253665,0.10478647209341398,0.4496732026143791
1,0.0,0.1060831915854206,-0.6425349686225151,0.44901960784313727
1,0.0,-0.5036855818976698,0.6030007659040342,0.44836601307189544
1,0.0,-0.0971730662422762,-0.14432067481189498,0.4477124183006536
1,0.0,-0.0971730662422762,0.6030007659040342,0.4470588235294118
1,0.0,0.1060831915854206,0.8521079128093442,0.44640522875816996
1,0.0,-0.9101980975530634,1.1012150597146542,0.44575163398692813
1,0.0,-0.6053137108115182,-0.14432067481189498,0.44509803921568625
1,0.0,-0.9101980975530634,0.6030007659040342,0.4444444444444444
1,0.0,-0.9101980975530634,-1.6389635562437543,0.4437908496732026
1,0.0,1.935389512034692,-0.3934278217172051,0.44313725490196076
1,0.0,0.3093394494131174,-0.3934278217172051,0.44248366013071894
1,0.0,0.7158519650685109,1.8485365004305836,0.4418300653594771
1,0.0,0.9191082228962076,0.10478647209341398,0.4411764705882353
1,0.0,0.1060831915854206,-0.6425349686225151,0.44052287581699345
1,0.0,-0.0971730662422762,1.3503222066199632,0.4398692810457516
1,0.0,0.7158519650685109,-2.1371778500543743,0.4392156862745098
1,0.0,-2.4752712828263284,-0.3934278217172051,0.43856209150326797
1,0.0,0.3093394494131174,1.3503222066199632,0.43790849673202614
1,0.0,1.935389512034692,0.8521079128093442,0.4372549019607843
1,0.0,0.1060831915854206,-0.3934278217172051,0.4366013071895425
1,0.0,1.3256207385516012,-0.14432067481189498,0.43594771241830066
1,0.0,-0.0971730662422762,0.3538936189987241,0.43529411764705883
1,0.0,2.1386457698623884,0.8521079128093442,0.434640522875817
1,0.0,0.3093394494131174,0.8521079128093442,0.4339869281045752
1,0.0,-0.30042932406997297,1.5994293535252733,0.43333333333333335
1,0.0,-0.0971730662422762,1.1012150597146542,0.4326797385620915
1,0.0,-0.7069418397253665,0.6030007659040342,0.4320261437908497
1,0.0,-0.30042932406997297,-1.1407492624331352,0.43137254901960786
1,0.0,-0.7069418397253665,-0.3934278217172051,0.43071895424836604
1,0.0,-0.9101980975530634,0.3538936189987241,0.4300653594771242
1,0.0,-1.5199668710361538,-0.8916421155278252,0.4294117647058823
1,0.0,0.9191082228962076,0.6030007659040342,0.4287581699346405
1,0.0,0.3093394494131174,-0.6425349686225151,0.42810457516339867
1,0.0,1.020736351810056,1.1012150597146542,0.42745098039215684
1,0.0,-0.30042932406997297,-1.8880707031490644,0.426797385620915
1,0.0,0.9191082228962076,-0.6425349686225151,0.4261437908496732
1,0.0,1.3256207385516012,0.8521079128093442,0.42549019607843136
1,0.0,0.1060831915854206,0.10478647209341398,0.42483660130718953
1,0.0,-0.30042932406997297,-1.3898564093384442,0.4241830065359477
1,0.0,0.9191082228962076,-0.8916421155278252,0.4235294117647059
1,0.0,-1.2150824842946086,-0.6425349686225151,0.42287581699346405
1,0.0,-0.0971730662422762,-1.6389635562437543,0.4222222222222222
1,0.0,-0.0971730662422762,0.3538936189987241,0.4215686274509804
1,0.0,0.5125957072408142,-0.14432067481189498,0.42091503267973857
1,0.0,-0.4020574529838214,-0.8916421155278252,0.42026143790849674
1,0.0,1.528876996379298,-0.3934278217172051,0.4196078431372549
1,0.0,-0.5036855818976698,0.6030007659040342,0.4189542483660131
1,0.0,-1.0524774780324515,-0.3934278217172051,0.41830065359477125
1,0.0,0.9191082228962076,-0.6425349686225151,0.4176470588235294
1,0.0,-0.7069418397253665,0.3538936189987241,0.4169934640522876
1,0.0,-0.9101980975530634,1.1012150597146542,0.41633986928104577
1,0.0,0.3093394494131174,0.8521079128093442,0.41568627450980394
1,0.0,0.1060831915854206,-0.8916421155278252,0.4150326797385621
1,0.0,-0.0971730662422762,-0.14432067481189498,0.4143790849673203
1,0.0,0.5125957072408142,-0.6425349686225151,0.4137254901960784
1,0.0,2.1386457698623884,1.1012150597146542,0.4130718954248366
1,0.0,0.7158519650685109,1.3503222066199632,0.41241830065359475
1,0.0,0.5125957072408142,-1.1407492624331352,0.4117647058823529
1,0.0,-0.9101980975530634,0.3538936189987241,0.4111111111111111
1,0.0,-0.5036855818976698,-0.3934278217172051,0.41045751633986927
1,0.0,-1.5199668710361538,-2.1371778500543743,0.40980392156862744
1,0.0,0.004455062671572207,-0.3934278217172051,0.4091503267973856
1,0.0,0.9191082228962076,0.6030007659040342,0.4084967320261438
1,0.0,-0.5036855818976698,0.3538936189987241,0.40784313725490196
1,0.0,0.3093394494131174,-0.6425349686225151,0.4071895424836601
1,0.0,-2.4346200312607893,-1.3898564093384442,0.4065359477124183
1,0.0,0.1060831915854206,0.8521079128093442,0.40588235294117647
1,0.0,-0.9101980975530634,-0.8916421155278252,0.40522875816993464
1,0.0,0.3093394494131174,-1.1407492624331352,0.4045751633986928
1,0.0,0.3093394494131174,0.8521079128093442,0.403921568627451
1,0.0,0.3093394494131174,-0.8916421155278252,0.40326797385620916
1,0.0,1.1223644807239046,0.10478647209341398,0.40261437908496733
1,0.0,-1.4183387421223053,0.10478647209341398,0.4019607843137255
1,0.0,0.7158519650685109,0.10478647209341398,0.4013071895424837
1,0.0,-0.30042932406997297,0.10478647209341398,0.40065359477124185
1,0.0,-1.3167106132084572,-1.8880707031490644,0.4
1,0.0,-0.9101980975530634,-0.6425349686225151,0.3993464052287582
1,0.0,0.1060831915854206,0.8521079128093442,0.39869281045751637
1,0.0,0.9191082228962076,1.1012150597146542,0.3980392156862745
1,0.0,-0.5036855818976698,-0.6425349686225151,0.39738562091503266
1,0.0,-0.5036855818976698,-0.14432067481189498,0.39673202614379083
1,0.0,0.5125957072408142,-0.6425349686225151,0.396078431372549
1,0.0,-1.3167106132084572,-0.6425349686225151,0.3954248366013072
1,0.0,1.7321332542069952,0.3538936189987241,0.39477124183006534
1,0.0,-0.0971730662422762,0.3538936189987241,0.3941176470588235
1,0.0,0.3093394494131174,0.8521079128093442,0.3934640522875817
1,0.0,0.9191082228962076,1.3503222066199632,0.39281045751633986
1,0.0,0.9191082228962076,-0.14432067481189498,0.39215686274509803
1,0.0,0.9191082228962076,0.6030007659040342,0.3915032679738562
1,0.0,0.7158519650685109,-0.14432067481189498,0.3908496732026144
1,0.0,0.5125957072408142,1.5994293535252733,0.39019607843137255
1,0.0,-0.5036855818976698,0.3538936189987241,0.3895424836601307
1,0.0,-0.5036855818976698,0.10478647209341398,0.3888888888888889
1,0.0,-0.0971730662422762,0.10478647209341398,0.38823529411764707
1,0.0,1.7321332542069952,0.3538936189987241,0.38758169934640524
1,0.0,-1.3167106132084572,-0.6425349686225151,0.3869281045751634
1,0.0,2.1386457698623884,1.5994293535252733,0.3862745098039216
1,0.0,1.7321332542069952,0.8521079128093442,0.38562091503267976
1,0.0,-0.9101980975530634,-1.3898564093384442,0.38496732026143793
1,0.0,0.3093394494131174,-0.14432067481189498,0.3843137254901961
1,0.0,0.1060831915854206,0.3538936189987241,0.3836601307189543
1,0.0,-0.8085699686392149,-0.14432067481189498,0.38300653594771245
1,0.0,-1.3167106132084572,1.1012150597146542,0.38235294117647056
1,0.0,-0.30042932406997297,0.8521079128093442,0.38169934640522873
1,0.0,-0.7069418397253665,1.5994293535252733,0.3810457516339869
1,0.0,-0.7069418397253665,-0.8916421155278252,0.3803921568627451
1,0.0,0.5125957072408142,-2.1371778500543743,0.37973856209150325
1,0.0,-0.7069418397253665,-2.1371778500543743,0.3790849673202614
1,0.0,-0.30042932406997297,-0.14432067481189498,0.3784313725490196
1,0.0,-0.9101980975530634,0.6030007659040342,0.37777777777777777
1,0.0,-1.7232231288638504,-0.8916421155278252,0.37712418300653594
1,0.0,-1.5199668710361538,0.6030007659040342,0.3764705882352941
1,0.0,0.3093394494131174,0.3538936189987241,0.3758169934640523
1,0.0,-2.1297356445192444,0.6030007659040342,0.37516339869281046
1,0.0,0.3093394494131174,0.8521079128093442,0.37450980392156863
1,0.0,2.1386457698623884,0.10478647209341398,0.3738562091503268
1,0.0,1.7321332542069952,0.6030007659040342,0.373202614379085
1,0.0,1.935389512034692,0.8521079128093442,0.37254901960784315
1,0.0,1.7321332542069952,1.3503222066199632,0.3718954248366013
1,0.0,-0.0971730662422762,-1.3898564093384442,0.3712418300653595
1,0.0,-0.9101980975530634,-1.1407492624331352,0.37058823529411766
1,0.0,0.9191082228962076,1.5994293535252733,0.36993464052287583
1,0.0,-0.7069418397253665,-0.3934278217172051,0.369281045751634
1,0.0,0.5125957072408142,0.3538936189987241,0.3686274509803922
1,0.0,0.1060831915854206,-1.6389635562437543,0.36797385620915035
1,0.0,0.5125957072408142,1.5994293535252733,0.3673202614379085
1,0.0,0.5125957072408142,1.8485365004305836,0.36666666666666664
1,0.0,-0.7069418397253665,-0.14432067481189498,0.3660130718954248
1,0.0,-0.5036855818976698,0.3538936189987241,0.365359477124183
1,0.0,0.7158519650685109,1.3503222066199632,0.36470588235294116
1,0.0,0.7158519650685109,-0.14432067481189498,0.36405228758169933
1,0.0,-0.9101980975530634,0.6030007659040342,0.3633986928104575
1,0.0,-0.5036855818976698,0.3538936189987241,0.3627450980392157
1,0.0,-0.30042932406997297,0.10478647209341398,0.36209150326797385
1,0.0,0.045106314237112144,0.10478647209341398,0.361437908496732
1,0.0,1.3256207385516012,1.1012150597146542,0.3607843137254902
1,0.0,1.935389512034692,0.3538936189987241,0.36013071895424836
1,0.0,0.3093394494131174,-0.14432067481189498,0.35947712418300654
1,0.0,0.9191082228962076,1.3503222066199632,0.3588235294117647
1,0.0,-0.5036855818976698,-0.3934278217172051,0.3581699346405229
1,0.0,-0.5036855818976698,-0.14432067481189498,0.35751633986928105
1,0.0,-0.7069418397253665,1.8485365004305836,0.3568627450980392
1,0.0,-2.028107515605396,-2.1371778500543743,0.3562091503267974
1,0.0,0.1060831915854206,-1.1407492624331352,0.35555555555555557
1,0.0,-0.7069418397253665,-1.8880707031490644,0.35490196078431374
1,0.0,-0.7069418397253665,-0.3934278217172051,0.3542483660130719
1,0.0,-1.7232231288638504,0.6030007659040342,0.3535947712418301
1,0.0,1.3256207385516012,-0.3934278217172051,0.35294117647058826
1,0.0,-0.30042932406997297,-1.3898564093384442,0.35228758169934643
1,0.0,0.7158519650685109,0.6030007659040342,0.3516339869281046
1,0.0,0.7158519650685109,-0.6425349686225151,0.3509803921568627
1,0.0,0.5125957072408142,1.8485365004305836,0.3503267973856209
1,0.0,0.9191082228962076,0.3538936189987241,0.34967320261437906
1,0.0,0.3093394494131174,-0.6425349686225151,0.34901960784313724
1,0.0,0.5125957072408142,-0.14432067481189498,0.3483660130718954
1,0.0,-0.8085699686392149,1.3503222066199632,0.3477124183006536
1,0.0,-0.30042932406997297,0.6030007659040342,0.34705882352941175
1,0.0,1.7321332542069952,-0.14432067481189498,0.3464052287581699
1,0.0,-0.9101980975530634,-2.884499290770304,0.3457516339869281
1,0.0,0.5125957072408142,-1.3898564093384442,0.34509803921568627
1,0.0,0.5125957072408142,1.5994293535252733,0.34444444444444444
1,0.0,-1.3167106132084572,-0.3934278217172051,0.3437908496732026
1,0.0,-0.0971730662422762,-0.3934278217172051,0.3431372549019608
1,0.0,-0.8085699686392149,-0.6425349686225151,0.34248366013071896
1,0.0,0.3093394494131174,0.10478647209341398,0.34183006535947713
1,0.0,-0.9101980975530634,1.5994293535252733,0.3411764705882353
1,0.0,-2.7395044180023342,1.3503222066199632,0.3405228758169935
1,0.0,-1.824851257777699,-1.3898564093384442,0.33986928104575165
1,0.0,1.935389512034692,-1.1407492624331352,0.3392156862745098
1,0.0,-1.9264793866915475,-1.1407492624331352,0.338562091503268
1,0.0,-0.7069418397253665,-0.6425349686225151,0.33790849673202616
1,0.0,-1.2150824842946086,0.8521079128093442,0.33725490196078434
1,0.0,0.3093394494131174,-1.1407492624331352,0.3366013071895425
1,0.0,1.935389512034692,1.1012150597146542,0.3359477124183007
1,0.0,-0.5036855818976698,-0.6425349686225151,0.3352941176470588
1,0.0,-0.7069418397253665,-0.3934278217172051,0.33464052287581697
1,0.0,-1.3167106132084572,0.10478647209341398,0.33398692810457514
1,0.0,-0.9101980975530634,-0.3934278217172051,0.3333333333333333
1,0.0,0.9191082228962076,0.3538936189987241,0.3326797385620915
1,0.0,0.9191082228962076,1.3503222066199632,0.33202614379084966
1,0.0,-1.5199668710361538,0.8521079128093442,0.33137254901960783
1,0.0,-0.30042932406997297,-0.6425349686225151,0.330718954248366
1,0.0,-0.30042932406997297,0.6030007659040342,0.3300653594771242
1,0.0,0.1060831915854206,-0.14432067481189498,0.32941176470588235
1,0.0,1.528876996379298,-0.14432067481189498,0.3287581699346405
1,0.0,-0.9101980975530634,0.10478647209341398,0.3281045751633987
1,0.0,-0.30042932406997297,0.10478647209341398,0.32745098039215687
1,0.0,0.3093394494131174,0.3538936189987241,0.32679738562091504
1,0.0,-0.30042932406997297,-1.3898564093384442,0.3261437908496732
1,0.0,-0.7069418397253665,-1.6389635562437543,0.3254901960784314
1,0.0,-0.9101980975530634,-0.6425349686225151,0.32483660130718955
1,0.0,-0.7069418397253665,-2.3862849969596844,0.3241830065359477
1,0.0,-0.5036855818976698,-0.14432067481189498,0.3235294117647059
1,0.0,-1.3167106132084572,1.3503222066199632,0.32287581699346407
1,0.0,1.528876996379298,1.5994293535252733,0.32222222222222224
1,0.0,0.1060831915854206,0.8521079128093442,0.3215686274509804
1,0.0,0.5125957072408142,-0.14432067481189498,0.3209150326797386
1,0.0,0.3093394494131174,-1.3898564093384442,0.3202614379084967
1,0.0,0.3093394494131174,0.10478647209341398,0.3196078431372549
1,0.0,0.7158519650685109,1.8485365004305836,0.31895424836601305
1,0.0,0.7158519650685109,0.6030007659040342,0.3183006535947712
1,0.0,-0.5036855818976698,0.3538936189987241,0.3176470588235294
1,0.0,-0.7069418397253665,0.6030007659040342,0.31699346405228757
1,0.0,-0.5036855818976698,-0.8916421155278252,0.31633986928104574
1,0.0,0.9191082228962076,0.8521079128093442,0.3156862745098039
1,0.0,-1.1134543553807599,-0.14432067481189498,0.3150326797385621
1,0.0,0.7158519650685109,-0.8916421155278252,0.31437908496732025
1,0.0,-0.9101980975530634,-0.14432067481189498,0.3137254901960784
1,0.0,-0.30042932406997297,0.3538936189987241,0.3130718954248366
1,0.0,-0.0971730662422762,0.10478647209341398,0.31241830065359477
1,0.0,-0.30042932406997297,-0.3934278217172051,0.31176470588235294
1,0.0,-0.19880119515612454,-0.14432067481189498,0.3111111111111111
1,0.0,0.3093394494131174,-0.3934278217172051,0.3104575163398693
1,0.0,-0.5036855818976698,0.3538936189987241,0.30980392156862746
1,0.0,0.1060831915854206,0.8521079128093442,0.30915032679738563
1,0.0,0.7158519650685109,1.3503222066199632,0.3084967320261438
1,0.0,0.1060831915854206,-0.14432067481189498,0.307843137254902
1,0.0,0.7158519650685109,-0.3934278217172051,0.30718954248366015
1,0.0,-0.8085699686392149,0.10478647209341398,0.3065359477124183
1,0.0,0.9191082228962076,-3.3827135845809235,0.3058823529411765
1,0.0,0.3093394494131174,-1.3898564093384442,0.30522875816993467
1,0.0,1.3256207385516012,0.6030007659040342,0.3045751633986928
1,0.0,-0.8085699686392149,-1.3898564093384442,0.30392156862745096
1,0.0,-0.9101980975530634,-1.3898564093384442,0.3032679738562091
1,0.0,1.528876996379298,0.3538936189987241,0.3026143790849673
1,0.0,-1.3167106132084572,0.10478647209341398,0.30196078431372547
1,0.0,-0.0971730662422762,-0.8916421155278252,0.30130718954248364
1,0.0,-0.0971730662422762,-1.3898564093384442,0.3006535947712418
1,0.0,-1.5199668710361538,-0.3934278217172051,0.3
1,0.0,0.1060831915854206,0.10478647209341398,0.29934640522875816
1,0.0,0.7158519650685109,0.8521079128093442,0.29869281045751633
1,0.0,-0.7069418397253665,-0.14432067481189498,0.2980392156862745
1,0.0,-1.1134543553807599,0.6030007659040342,0.2973856209150327
1,0.0,-1.2150824842946086,0.3538936189987241,0.29673202614379085
1,0.0,-0.0971730662422762,-0.6425349686225151,0.296078431372549
1,0.0,1.7321332542069952,0.8521079128093442,0.2954248366013072
1,0.0,0.3093394494131174,1.3503222066199632,0.29477124183006537
1,0.0,0.004455062671572207,-0.3934278217172051,0.29411764705882354
1,0.0,0.9191082228962076,-1.3898564093384442,0.2934640522875817
1,0.0,0.004455062671572207,0.6030007659040342,0.2928104575163399
1,0.0,-0.5036855818976698,0.6030007659040342,0.29215686274509806
1,0.0,0.7158519650685109,0.10478647209341398,0.29150326797385623
1,0.0,0.1060831915854206,-0.14432067481189498,0.2908496732026144
1,0.0,-1.4183387421223053,-1.6389635562437543,0.2901960784313726
1,0.0,0.3093394494131174,0.8521079128093442,0.28954248366013075
1,0.0,-0.5036855818976698,1.5994293535252733,0.28888888888888886
1,0.0,-0.0971730662422762,-1.1407492624331352,0.28823529411764703
1,0.0,0.3093394494131174,0.10478647209341398,0.2875816993464052
1,0.0,-0.5036855818976698,-0.8916421155278252,0.2869281045751634
1,0.0,1.1223644807239046,1.3503222066199632,0.28627450980392155
1,0.0,0.3093394494131174,0.8521079128093442,0.2856209150326797
1,0.0,-0.0971730662422762,-0.6425349686225151,0.2849673202614379
1,0.0,-0.30042932406997297,1.1012150597146542,0.28431372549019607
1,0.0,-0.6053137108115182,-0.8916421155278252,0.28366013071895424
1,0.0,2.1386457698623884,0.8521079128093442,0.2830065359477124
1,0.0,-1.1134543553807599,1.1012150597146542,0.2823529411764706
1,0.0,-0.9101980975530634,1.3503222066199632,0.28169934640522876
1,0.0,-1.9264793866915475,-0.14432067481189498,0.28104575163398693
1,0.0,0.3093394494131174,1.3503222066199632,0.2803921568627451
1,0.0,-1.2150824842946086,-1.1407492624331352,0.2797385620915033
1,0.0,0.9191082228962076,-0.6425349686225151,0.27908496732026145
1,0.0,-0.9101980975530634,0.10478647209341398,0.2784313725490196
1,0.0,0.5125957072408142,0.3538936189987241,0.2777777777777778
1,0.0,-0.30042932406997297,1.1012150597146542,0.27712418300653596
1,0.0,-0.9101980975530634,1.3503222066199632,0.27647058823529413
1,0.0,0.7158519650685109,0.8521079128093442,0.2758169934640523
1,0.0,-0.0971730662422762,-0.14432067481189498,0.2751633986928105
1,0.0,-0.9101980975530634,1.1012150597146542,0.27450980392156865
1,0.0,0.3093394494131174,1.3503222066199632,0.2738562091503268
1,0.0,-0.9101980975530634,-1.3898564093384442,0.27320261437908494
1,0.0,-1.1134543553807599,-1.1407492624331352,0.2725490196078431
1,0.0,0.5125957072408142,0.6030007659040342,0.2718954248366013
1,0.0,0.3093394494131174,-1.6389635562437543,0.27124183006535946
1,0.0,-0.0971730662422762,-0.8916421155278252,0.27058823529411763
1,0.0,0.5125957072408142,-1.1407492624331352,0.2699346405228758
1,0.0,0.3093394494131174,1.5994293535252733,0.269281045751634
1,0.0,1.1223644807239046,-1.1407492624331352,0.26862745098039215
1,0.0,0.5125957072408142,1.1012150597146542,0.2679738562091503
1,0.0,-0.9101980975530634,0.10478647209341398,0.2673202614379085
1,0.0,-0.9101980975530634,-0.3934278217172051,0.26666666666666666
1,0.0,0.7158519650685109,1.1012150597146542,0.26601307189542484
1,0.0,1.3256207385516012,1.1012150597146542,0.265359477124183
1,0.0,-0.7069418397253665,-0.8916421155278252,0.2647058823529412
1,0.0,-0.7069418397253665,-0.8916421155278252,0.26405228758169935
1,0.0,-0.0971730662422762,-0.14432067481189498,0.2633986928104575
1,0.0,0.004455062671572207,-0.3934278217172051,0.2627450980392157
1,0.0,-1.3167106132084572,-0.6425349686225151,0.26209150326797387
1,0.0,1.3256207385516012,0.3538936189987241,0.26143790849673204
1,0.0,-2.5362481601746376,-0.3934278217172051,0.2607843137254902
1,0.0,-0.5036855818976698,-0.6425349686225151,0.2601307189542484
1,0.0,0.3093394494131174,0.3538936189987241,0.25947712418300656
1,0.0,0.9191082228962076,-0.6425349686225151,0.25882352941176473
1,0.0,-0.0971730662422762,0.10478647209341398,0.2581699346405229
1,0.0,-0.7069418397253665,-1.6389635562437543,0.257516339869281
1,0.0,-0.30042932406997297,0.3538936189987241,0.2568627450980392
1,0.0,-1.3167106132084572,0.10478647209341398,0.25620915032679736
1,0.0,-1.4183387421223053,-0.6425349686225151,0.25555555555555554
1,0.0,0.3093394494131174,0.8521079128093442,0.2549019607843137
1,0.0,1.1223644807239046,0.6030007659040342,0.2542483660130719
1,0.0,-1.3167106132084572,0.6030007659040342,0.25359477124183005
1,0.0,-1.1134543553807599,-0.6425349686225151,0.2529411764705882
1,0.0,0.5125957072408142,1.3503222066199632,0.2522875816993464
1,0.0,0.5125957072408142,0.3538936189987241,0.25163398692810457
1,0.0,-0.7069418397253665,0.3538936189987241,0.25098039215686274
1,0.0,-0.7069418397253665,-0.6425349686225151,0.2503267973856209
1,0.0,0.9191082228962076,-0.6425349686225151,0.2496732026143791
1,0.0,0.9191082228962076,-0.6425349686225151,0.24901960784313726
1,0.0,-1.5199668710361538,-0.8916421155278252,0.24836601307189543
1,0.0,-1.1134543553807599,1.1012150597146542,0.2477124183006536
1,0.0,-1.1134543553807599,0.10478647209341398,0.24705882352941178
1,0.0,-1.5199668710361538,-0.3934278217172051,0.24640522875816995
1,0.0,-1.9264793866915475,-0.6425349686225151,0.2457516339869281
1,0.0,2.1386457698623884,-0.3934278217172051,0.24509803921568626
1,0.0,0.6142238361546626,-0.3934278217172051,0.24444444444444444
1,0.0,-1.3167106132084572,0.8521079128093442,0.2437908496732026
1,0.0,-0.0971730662422762,0.6030007659040342,0.24313725490196078
1,0.0,0.3093394494131174,0.10478647209341398,0.24248366013071895
1,0.0,-0.9101980975530634,0.6030007659040342,0.24183006535947713
1,0.0,0.5125957072408142,-2.1371778500543743,0.2411764705882353
1,0.0,-1.2150824842946086,-1.8880707031490644,0.24052287581699347
1,0.0,-1.7232231288638504,1.5994293535252733,0.23986928104575164
1,0.0,-0.7679187170736751,-0.6425349686225151,0.23921568627450981
1,0.0,-1.3167106132084572,-0.3934278217172051,0.238562091503268
1,0.0,-1.2150824842946086,-0.6425349686225151,0.23790849673202613
1,0.0,-0.9101980975530634,-0.8916421155278252,0.2372549019607843
1,0.0,0.1060831915854206,-0.14432067481189498,0.23660130718954248
1,0.0,-1.1134543553807599,-0.3934278217172051,0.23594771241830065
1,0.0,0.3093394494131174,0.6030007659040342,0.23529411764705882
1,0.0,-0.5036855818976698,-1.1407492624331352,0.234640522875817
1,0.0,-0.5036855818976698,1.3503222066199632,0.23398692810457516
1,0.0,-0.30042932406997297,1.3503222066199632,0.23333333333333334
1,0.0,0.207711320499269,-0.3934278217172051,0.2326797385620915
1,0.0,-0.0971730662422762,0.10478647209341398,0.23202614379084968
1,0.0,-0.30042932406997297,-0.14432067481189498,0.23137254901960785
1,0.0,0.5125957072408142,0.8521079128093442,0.23071895424836603
1,0.0,-0.9101980975530634,-0.3934278217172051,0.23006535947712417
1,0.0,-1.3167106132084572,0.3538936189987241,0.22941176470588234
1,0.0,0.7158519650685109,0.3538936189987241,0.22875816993464052
1,0.0,-0.30042932406997297,0.10478647209341398,0.2281045751633987
1,0.0,-1.3167106132084572,1.3503222066199632,0.22745098039215686
1,0.0,-0.0971730662422762,-1.8880707031490644,0.22679738562091503
1,0.0,0.7158519650685109,-0.6425349686225151,0.2261437908496732
1,0.0,0.3093394494131174,-0.8916421155278252,0.22549019607843138
1,0.0,-0.5036855818976698,0.3538936189987241,0.22483660130718955
1,0.0,-2.332991902346941,0.8521079128093442,0.22418300653594772
1,0.0,-0.30042932406997297,-0.14432067481189498,0.2235294117647059
1,0.0,0.7158519650685109,0.6030007659040342,0.22287581699346407
1,0.0,0.3093394494131174,0.6030007659040342,0.2222222222222222
1,0.0,-0.4020574529838214,-0.3934278217172051,0.22156862745098038
1,0.0,-0.0971730662422762,1.3503222066199632,0.22091503267973855
1,0.0,-0.30042932406997297,0.10478647209341398,0.22026143790849673
1,0.0,-0.5036855818976698,0.3538936189987241,0.2196078431372549
1,0.0,-0.0971730662422762,-0.3934278217172051,0.21895424836601307
1,0.0,-0.7069418397253665,-0.14432067481189498,0.21830065359477124
1,0.0,-1.3167106132084572,0.8521079128093442,0.21764705882352942
1,0.0,0.3093394494131174,-1.1407492624331352,0.2169934640522876
1,0.0,-0.0971730662422762,0.10478647209341398,0.21633986928104576
1,0.0,0.9191082228962076,-1.1407492624331352,0.21568627450980393
1,0.0,-0.5036855818976698,-0.8916421155278252,0.2150326797385621
1,0.0,-0.0971730662422762,-0.14432067481189498,0.21437908496732025
1,0.0,-0.0971730662422762,0.3538936189987241,0.21372549019607842
1,0.0,-0.9101980975530634,-0.3934278217172051,0.2130718954248366
1,0.0,1.7321332542069952,0.6030007659040342,0.21241830065359477
1,0.0,-0.30042932406997297,-1.6389635562437543,0.21176470588235294
1,0.0,0.9191082228962076,1.3503222066199632,0.2111111111111111
1,0.0,-0.5036855818976698,-0.3934278217172051,0.21045751633986928
1,0.0,0.8174800939823593,0.3538936189987241,0.20980392156862746
1,0.0,-1.3167106132084572,-1.6389635562437543,0.20915032679738563
1,0.0,-0.5036855818976698,-0.3934278217172051,0.2084967320261438
1,0.0,-0.9101980975530634,-0.14432067481189498,0.20784313725490197
1,0.0,0.1060831915854206,0.3538936189987241,0.20718954248366014
1,0.0,-1.3167106132084572,0.6030007659040342,0.2065359477124183
1,0.0,-0.7069418397253665,0.8521079128093442,0.20588235294117646
1,0.0,0.3093394494131174,-0.6425349686225151,0.20522875816993463
1,0.0,-0.30042932406997297,0.8521079128093442,0.2045751633986928
1,0.0,-0.30042932406997297,-1.1407492624331352,0.20392156862745098
1,0.0,0.5125957072408142,1.3503222066199632,0.20326797385620915
1,0.0,-0.7069418397253665,0.10478647209341398,0.20261437908496732
1,0.0,0.7158519650685109,-0.6425349686225151,0.2019607843137255
1,0.0,-0.7069418397253665,-0.3934278217172051,0.20130718954248367
1,0.0,0.1060831915854206,0.10478647209341398,0.20065359477124184
1,0.0,0.3093394494131174,-0.8916421155278252,0.2
1,0.0,-0.0971730662422762,-1.1407492624331352,0.19934640522875818
1,0.0,-1.9264793866915475,0.3538936189987241,0.19869281045751633
1,0.0,-0.0971730662422762,0.8521079128093442,0.1980392156862745
1,0.0,-0.7069418397253665,-0.6425349686225151,0.19738562091503267
1,0.0,-0.7069418397253665,-1.3898564093384442,0.19673202614379084
1,0.0,0.3093394494131174,0.3538936189987241,0.19607843137254902
1,0.0,0.7158519650685109,-0.3934278217172051,0.1954248366013072
1,0.0,-1.1134543553807599,0.6030007659040342,0.19477124183006536
1,0.0,0.5125957072408142,0.6030007659040342,0.19411764705882353
1,0.0,-1.7842000062121597,0.6030007659040342,0.1934640522875817
1,0.0,0.9191082228962076,-1.1407492624331352,0.19281045751633988
1,0.0,1.528876996379298,0.3538936189987241,0.19215686274509805
1,0.0,-0.7069418397253665,-0.6425349686225151,0.19150326797385622
1,0.0,0.7158519650685109,-0.8916421155278252,0.19084967320261437
1,0.0,0.1060831915854206,-1.1407492624331352,0.19019607843137254
1,0.0,0.004455062671572207,-0.6425349686225151,0.1895424836601307
1,0.0,-0.5036855818976698,-1.1407492624331352,0.18888888888888888
1,0.0,1.935389512034692,-1.1407492624331352,0.18823529411764706
1,0.0,-0.0971730662422762,-0.14432067481189498,0.18758169934640523
1,0.0,0.1060831915854206,-0.14432067481189498,0.1869281045751634
1,0.0,-0.0971730662422762,1.1012150597146542,0.18627450980392157
1,0.0,-0.30042932406997297,1.1012150597146542,0.18562091503267975
1,0.0,-0.7069418397253665,-0.6425349686225151,0.18496732026143792
1,0.0,-0.0971730662422762,-0.14432067481189498,0.1843137254901961
1,0.0,-0.9101980975530634,-0.3934278217172051,0.18366013071895426
1,0.0,-0.9101980975530634,0.10478647209341398,0.1830065359477124
1,0.0,-1.1134543553807599,-1.6389635562437543,0.18235294117647058
1,0.0,0.7158519650685109,-2.1371778500543743,0.18169934640522875
1,0.0,-0.9101980975530634,0.6030007659040342,0.18104575163398692
1,0.0,-0.0971730662422762,0.10478647209341398,0.1803921568627451
1,0.0,-0.30042932406997297,0.3538936189987241,0.17973856209150327
1,0.0,1.1223644807239046,0.3538936189987241,0.17908496732026144
1,0.0,0.1060831915854206,0.3538936189987241,0.1784313725490196
1,0.0,0.5125957072408142,-0.6425349686225151,0.17777777777777778
1,0.0,-0.4020574529838214,-0.3934278217172051,0.17712418300653596
1,0.0,-1.1134543553807599,0.8521079128093442,0.17647058823529413
1,0.0,-0.0971730662422762,-0.6425349686225151,0.1758169934640523
1,0.0,1.3256207385516012,-0.3934278217172051,0.17516339869281045
1,0.0,0.1060831915854206,-0.14432067481189498,0.17450980392156862
1,0.0,-1.3167106132084572,-1.1407492624331352,0.1738562091503268
1,0.0,0.5125957072408142,0.3538936189987241,0.17320261437908496
1,0.0,1.7321332542069952,0.8521079128093442,0.17254901960784313
1,0.0,-0.9101980975530634,1.5994293535252733,0.1718954248366013
1,0.0,0.5125957072408142,0.6030007659040342,0.17124183006535948
1,0.0,-0.9101980975530634,-2.1371778500543743,0.17058823529411765
1,0.0,-0.0971730662422762,-1.8880707031490644,0.16993464052287582
1,0.0,0.3093394494131174,0.10478647209341398,0.169281045751634
1,0.0,-0.9101980975530634,-1.8880707031490644,0.16862745098039217
1,0.0,-2.1297356445192444,-0.3934278217172051,0.16797385620915034
1,0.0,-0.0971730662422762,-0.14432067481189498,0.16732026143790849
1,0.0,-2.1297356445192444,0.3538936189987241,0.16666666666666666
1,0.0,-0.9101980975530634,-1.6389635562437543,0.16601307189542483
1,0.0,0.9191082228962076,-0.6425349686225151,0.165359477124183
1,0.0,0.207711320499269,-0.8916421155278252,0.16470588235294117
1,0.0,-0.5036855818976698,-0.14432067481189498,0.16405228758169935
1,0.0,-0.30042932406997297,-0.14432067481189498,0.16339869281045752
1,0.0,-0.0971730662422762,1.1012150597146542,0.1627450980392157
1,0.0,0.5125957072408142,1.3503222066199632,0.16209150326797386
1,0.0,-2.637876289088486,-1.1407492624331352,0.16143790849673204
1,0.0,-0.8085699686392149,-2.6353921438649937,0.1607843137254902
1,0.0,-1.1134543553807599,0.8521079128093442,0.16013071895424835
1,0.0,1.3256207385516012,0.6030007659040342,0.15947712418300652
1,0.0,-1.6622462515155414,-0.6425349686225151,0.1588235294117647
1,0.0,-0.0971730662422762,-0.8916421155278252,0.15816993464052287
1,0.0,-0.0971730662422762,0.6030007659040342,0.15751633986928104
1,0.0,-1.0118262264669118,-0.14432067481189498,0.1568627450980392
1,0.0,-0.9101980975530634,-0.3934278217172051,0.15620915032679739
1,0.0,-0.5036855818976698,-1.1407492624331352,0.15555555555555556
1,0.0,1.7321332542069952,-0.14432067481189498,0.15490196078431373
1,0.0,0.9191082228962076,1.5994293535252733,0.1542483660130719
1,0.0,0.7158519650685109,-0.8916421155278252,0.15359477124183007
1,0.0,0.4109675783269658,1.1012150597146542,0.15294117647058825
1,0.0,1.935389512034692,-1.3898564093384442,0.1522875816993464
1,0.0,0.3093394494131174,-0.14432067481189498,0.15163398692810456
1,0.0,-1.7232231288638504,-1.8880707031490644,0.15098039215686274
1,0.0,-1.0118262264669118,-1.1407492624331352,0.1503267973856209
1,0.0,-0.0971730662422762,0.10478647209341398,0.14967320261437908
1,0.0,-0.7069418397253665,-0.8916421155278252,0.14901960784313725
1,0.0,-0.5036855818976698,-0.14432067481189498,0.14836601307189543
1,0.0,0.207711320499269,0.3538936189987241,0.1477124183006536
1,0.0,-0.7069418397253665,-0.3934278217172051,0.14705882352941177
1,0.0,0.9191082228962076,-0.3934278217172051,0.14640522875816994
1,0.0,-0.0971730662422762,1.1012150597146542,0.14575163398692811
1,0.0,-0.9101980975530634,-1.8880707031490644,0.1450980392156863
1,0.0,0.7158519650685109,-0.14432067481189498,0.14444444444444443
1,0.0,0.9191082228962076,0.10478647209341398,0.1437908496732026
1,0.0,-0.0971730662422762,-0.8916421155278252,0.14313725490196078
1,0.0,0.1060831915854206,0.10478647209341398,0.14248366013071895
1,0.0,0.1060831915854206,-0.3934278217172051,0.14183006535947712
1,0.0,-0.30042932406997297,-0.14432067481189498,0.1411764705882353
1,0.0,-0.5036855818976698,-0.3934278217172051,0.14052287581699346
1,0.0,-0.5036855818976698,-1.6389635562437543,0.13986928104575164
1,0.0,0.1060831915854206,0.10478647209341398,0.1392156862745098
1,0.0,0.3093394494131174,1.1012150597146542,0.13856209150326798
1,0.0,0.5125957072408142,1.8485365004305836,0.13790849673202615
1,0.0,1.528876996379298,1.5994293535252733,0.13725490196078433
1,0.0,0.7158519650685109,-0.14432067481189498,0.13660130718954247
1,0.0,0.5125957072408142,1.1012150597146542,0.13594771241830064
1,0.0,1.528876996379298,1.1012150597146542,0.13529411764705881
1,0.0,-1.1134543553807599,-2.1371778500543743,0.134640522875817
1,0.0,-0.0971730662422762,-1.8880707031490644,0.13398692810457516
1,0.0,-0.9101980975530634,0.3538936189987241,0.13333333333333333
1,0.0,-0.0971730662422762,-0.8916421155278252,0.1326797385620915
1,0.0,0.9191082228962076,0.6030007659040342,0.13202614379084968
1,0.0,0.7158519650685109,1.1012150597146542,0.13137254901960785
1,0.0,-1.621594999950002,-0.6425349686225151,0.13071895424836602
1,0.0,0.5125957072408142,0.10478647209341398,0.1300653594771242
1,0.0,0.1060831915854206,1.1012150597146542,0.12941176470588237
1,0.0,-1.1134543553807599,0.10478647209341398,0.1287581699346405
1,0.0,0.3093394494131174,-0.6425349686225151,0.12810457516339868
1,0.0,0.004455062671572207,-1.1407492624331352,0.12745098039215685
1,0.0,-0.30042932406997297,0.10478647209341398,0.12679738562091503
1,0.0,0.5125957072408142,-0.3934278217172051,0.1261437908496732
1,0.0,-0.0971730662422762,-0.14432067481189498,0.12549019607843137
1,0.0,-0.30042932406997297,0.3538936189987241,0.12483660130718954
1,0.0,-0.30042932406997297,-1.6389635562437543,0.12418300653594772
1,0.0,-0.9101980975530634,-0.8916421155278252,0.12352941176470589
1,0.0,1.935389512034692,0.3538936189987241,0.12287581699346405
1,0.0,-0.5036855818976698,0.10478647209341398,0.12222222222222222
1,0.0,0.5125957072408142,0.10478647209341398,0.12156862745098039
1,0.0,-0.7069418397253665,-0.6425349686225151,0.12091503267973856
1,0.0,-0.0971730662422762,-0.8916421155278252,0.12026143790849673
1,0.0,-1.1134543553807599,0.6030007659040342,0.11960784313725491
1,0.0,0.7158519650685109,0.3538936189987241,0.11895424836601307
1,0.0,0.9191082228962076,-0.3934278217172051,0.11830065359477124
1,0.0,-1.3776874905567662,-1.3898564093384442,0.11764705882352941
1,0.0,-0.8085699686392149,-0.14432067481189498,0.11699346405228758
1,0.0,0.9191082228962076,-1.1407492624331352,0.11633986928104575
1,0.0,1.1223644807239046,-2.884499290770304,0.11568627450980393
1,0.0,1.1223644807239046,0.10478647209341398,0.11503267973856209
1,0.0,0.3093394494131174,0.6030007659040342,0.11437908496732026
1,0.0,-0.5036855818976698,0.6030007659040342,0.11372549019607843
1,0.0,0.5125957072408142,-0.3934278217172051,0.1130718954248366
1,0.0,-0.30042932406997297,-1.6389635562437543,0.11241830065359477
1,0.0,-0.30042932406997297,-1.8880707031490644,0.11176470588235295
1,0.0,0.1060831915854206,-1.8880707031490644,0.1111111111111111
1,0.0,0.5125957072408142,1.1012150597146542,0.11045751633986928
1,0.0,0.9191082228962076,-1.3898564093384442,0.10980392156862745
1,0.0,-0.30042932406997297,-0.14432067481189498,0.10915032679738562
1,0.0,-0.9101980975530634,-0.14432067481189498,0.1084967320261438
1,0.0,0.3093394494131174,0.6030007659040342,0.10784313725490197
1,0.0,0.5125957072408142,-2.3862849969596844,0.10718954248366012
1,0.0,0.3093394494131174,0.3538936189987241,0.1065359477124183
1,0.0,1.7321332542069952,0.6030007659040342,0.10588235294117647
1,0.0,-0.30042932406997297,-0.14432067481189498,0.10522875816993464
1,0.0,-0.6053137108115182,-3.3827135845809235,0.10457516339869281
1,0.0,1.1223644807239046,0.8521079128093442,0.10392156862745099
1,0.0,-1.1134543553807599,-0.6425349686225151,0.10326797385620914
1,0.0,-0.8085699686392149,-2.884499290770304,0.10261437908496732
1,0.0,-0.0971730662422762,-1.6389635562437543,0.10196078431372549
1,0.0,-0.7069418397253665,-0.14432067481189498,0.10130718954248366
1,0.0,-0.7069418397253665,1.1012150597146542,0.10065359477124183
1,0.0,-1.2150824842946086,-1.6389635562437543,0.1
1,0.0,-1.1134543553807599,-0.6425349686225151,0.09934640522875816
1,0.0,0.9191082228962076,-0.3934278217172051,0.09869281045751634
1,0.0,-1.9264793866915475,-0.3934278217172051,0.09803921568627451
1,0.0,0.207711320499269,0.3538936189987241,0.09738562091503268
1,0.0,1.528876996379298,-1.1407492624331352,0.09673202614379085
1,0.0,-0.30042932406997297,-1.6389635562437543,0.09607843137254903
1,0.0,0.1060831915854206,-0.14432067481189498,0.09542483660130718
1,0.0,0.3093394494131174,-0.3934278217172051,0.09477124183006536
1,0.0,1.7321332542069952,1.1012150597146542,0.09411764705882353
1,0.0,-0.0971730662422762,1.1012150597146542,0.0934640522875817
1,0.0,-0.9101980975530634,1.3503222066199632,0.09281045751633987
1,0.0,0.3093394494131174,0.6030007659040342,0.09215686274509804
1,0.0,-0.30042932406997297,1.3503222066199632,0.0915032679738562
1,0.0,-0.0971730662422762,-0.6425349686225151,0.09084967320261438
1,0.0,-0.0971730662422762,-2.1371778500543743,0.09019607843137255
1,0.0,-0.9101980975530634,-1.8880707031490644,0.08954248366013072
1,0.0,-0.9101980975530634,-0.3934278217172051,0.08888888888888889
1,0.0,-0.5036855818976698,-0.6425349686225151,0.08823529411764706
1,0.0,-0.7069418397253665,-0.8916421155278252,0.08758169934640522
1,0.0,-0.9101980975530634,-0.8916421155278252,0.0869281045751634
1,0.0,-0.9101980975530634,-1.1407492624331352,0.08627450980392157
1,0.0,-1.2150824842946086,-0.3934278217172051,0.08562091503267974
1,0.0,-1.1134543553807599,-0.14432067481189498,0.08496732026143791
1,0.0,0.9191082228962076,1.5994293535252733,0.08431372549019608
1,0.0,-1.2150824842946086,0.10478647209341398,0.08366013071895424
1,0.0,-0.30042932406997297,-0.14432067481189498,0.08300653594771241
1,0.0,0.9191082228962076,1.1012150597146542,0.08235294117647059
1,0.0,0.5125957072408142,0.3538936189987241,0.08169934640522876
1,0.0,0.3093394494131174,-0.8916421155278252,0.08104575163398693
1,0.0,-0.5036855818976698,0.10478647209341398,0.0803921568627451
1,0.0,1.7321332542069952,0.3538936189987241,0.07973856209150326
1,0.0,1.3256207385516012,0.6030007659040342,0.07908496732026143
1,0.0,-1.1134543553807599,-0.3934278217172051,0.0784313725490196
1,0.0,-0.30042932406997297,0.6030007659040342,0.07777777777777778
1,0.0,-0.0971730662422762,-1.3898564093384442,0.07712418300653595
1,0.0,-0.7069418397253665,0.10478647209341398,0.07647058823529412
1,0.0,0.5125957072408142,-2.3862849969596844,0.07581699346405228
1,0.0,0.9191082228962076,1.5994293535252733,0.07516339869281045
1,0.0,-0.0971730662422762,0.10478647209341398,0.07450980392156863
1,0.0,-0.7069418397253665,-0.14432067481189498,0.0738562091503268
1,0.0,-1.9264793866915475,-0.8916421155278252,0.07320261437908497
1,0.0,-0.9101980975530634,-0.14432067481189498,0.07254901960784314
1,0.0,-0.5036855818976698,-0.8916421155278252,0.0718954248366013
1,0.0,-0.0971730662422762,-0.3934278217172051,0.07124183006535947
1,0.0,-0.9101980975530634,-0.14432067481189498,0.07058823529411765
1,0.0,-0.7069418397253665,-0.6425349686225151,0.06993464052287582
1,0.0,-0.7069418397253665,0.6030007659040342,0.06928104575163399
1,0.0,-1.1134543553807599,-0.6425349686225151,0.06862745098039216
1,0.0,-0.4020574529838214,-0.14432067481189498,0.06797385620915032
1,0.0,-1.5199668710361538,-0.14432067481189498,0.0673202614379085
1,0.0,-0.30042932406997297,-1.8880707031490644,0.06666666666666667
1,0.0,-2.068758767170935,0.6030007659040342,0.06601307189542484
1,0.0,-3.146016933657728,-1.6389635562437543,0.06535947712418301
1,0.0,1.1223644807239046,0.3538936189987241,0.06470588235294118
1,0.0,1.528876996379298,-1.3898564093384442,0.06405228758169934
1,0.0,0.3093394494131174,-0.3934278217172051,0.06339869281045751
1,0.0,-0.0971730662422762,0.10478647209341398,0.06274509803921569
1,0.0,-0.5036855818976698,-0.14432067481189498,0.06209150326797386
1,0.0,-0.0971730662422762,-0.14432067481189498,0.06143790849673202
1,0.0,-0.0971730662422762,-1.3898564093384442,0.060784313725490195
1,0.0,-1.1134543553807599,0.10478647209341398,0.06013071895424837
1,0.0,0.7158519650685109,-1.1407492624331352,0.05947712418300653
1,0.0,-2.1297356445192444,0.10478647209341398,0.058823529411764705
1,0.0,0.7158519650685109,-0.3934278217172051,0.05816993464052288
1,0.0,0.9191082228962076,-0.8916421155278252,0.05751633986928104
1,0.0,-1.5199668710361538,1.1012150597146542,0.056862745098039215
1,0.0,-0.0971730662422762,0.3538936189987241,0.05620915032679739
1,0.0,-1.4183387421223053,-0.8916421155278252,0.05555555555555555
1,0.0,-2.1297356445192444,-1.3898564093384442,0.054901960784313725
1,0.0,-2.2313637734330927,1.3503222066199632,0.0542483660130719
1,0.0,-1.1134543553807599,0.3538936189987241,0.05359477124183006
1,0.0,0.3093394494131174,1.8485365004305836,0.052941176470588235
1,0.0,-0.0971730662422762,-3.133606437675614,0.05228758169934641
1,0.0,-0.5036855818976698,-0.8916421155278252,0.05163398692810457
1,0.0,-1.1134543553807599,-0.6425349686225151,0.050980392156862744
1,0.0,-0.5036855818976698,-0.8916421155278252,0.05032679738562092
1,0.0,-0.30042932406997297,-1.3898564093384442,0.04967320261437908
1,0.0,-1.621594999950002,-0.3934278217172051,0.049019607843137254
1,0.0,-0.30042932406997297,-0.8916421155278252,0.048366013071895426
1,0.0,-0.7069418397253665,1.5994293535252733,0.04771241830065359
1,0.0,0.7158519650685109,1.3503222066199632,0.047058823529411764
1,0.0,-1.5199668710361538,-0.14432067481189498,0.046405228758169936
1,0.0,-0.5036855818976698,-0.3934278217172051,0.0457516339869281
1,0.0,0.7158519650685109,-0.3934278217172051,0.045098039215686274
1,0.0,0.1060831915854206,-0.14432067481189498,0.044444444444444446
1,0.0,-0.0971730662422762,-2.6353921438649937,0.04379084967320261
1,0.0,-2.1297356445192444,-1.1407492624331352,0.043137254901960784
1,0.0,0.4109675783269658,0.3538936189987241,0.042483660130718956
1,0.0,-0.8085699686392149,-1.6389635562437543,0.04183006535947712
1,0.0,-1.3167106132084572,-1.1407492624331352,0.041176470588235294
1,0.0,-0.30042932406997297,1.1012150597146542,0.040522875816993466
1,0.0,0.1060831915854206,-0.3934278217172051,0.03986928104575163
1,0.0,-0.7069418397253665,1.8485365004305836,0.0392156862745098
1,0.0,-0.4020574529838214,-0.8916421155278252,0.038562091503267976
1,0.0,-0.6053137108115182,-0.14432067481189498,0.03790849673202614
1,0.0,1.3256207385516012,-0.3934278217172051,0.03725490196078431
1,0.0,0.1060831915854206,-0.14432067481189498,0.036601307189542485
1,0.0,0.1060831915854206,-1.6389635562437543,0.03594771241830065
1,0.0,0.9191082228962076,1.3503222066199632,0.03529411764705882
1,0.0,-0.7069418397253665,0.3538936189987241,0.034640522875816995
1,0.0,-0.30042932406997297,0.3538936189987241,0.03398692810457516
1,0.0,-0.0971730662422762,0.3538936189987241,0.03333333333333333
1,0.0,-1.3167106132084572,0.3538936189987241,0.032679738562091505
1,0.0,-0.0971730662422762,0.10478647209341398,0.03202614379084967
1,0.0,-0.5036855818976698,-0.14432067481189498,0.03137254901960784
1,0.0,-2.5362481601746376,-0.8916421155278252,0.03071895424836601
1,0.0,-1.5199668710361538,-0.6425349686225151,0.030065359477124184
1,0.0,-1.9264793866915475,-1.6389635562437543,0.029411764705882353
1,0.0,-0.9101980975530634,-0.6425349686225151,0.02875816993464052
1,0.0,0.3093394494131174,-0.6425349686225151,0.028104575163398694
1,0.0,1.3256207385516012,0.10478647209341398,0.027450980392156862
1,0.0,-0.7069418397253665,0.10478647209341398,0.02679738562091503
1,0.0,-0.9101980975530634,-2.3862849969596844,0.026143790849673203
1,0.0,-0.30042932406997297,-0.14432067481189498,0.025490196078431372
1,0.0,0.5125957072408142,0.6030007659040342,0.02483660130718954
1,0.0,0.1060831915854206,0.3538936189987241,0.024183006535947713
1,0.0,0.3093394494131174,1.3503222066199632,0.023529411764705882
1,0.0,1.1223644807239046,-0.8916421155278252,0.02287581699346405
1,0.0,-1.2150824842946086,-0.6425349686225151,0.022222222222222223
1,0.0,0.9191082228962076,1.1012150597146542,0.021568627450980392
1,0.0,-0.9101980975530634,0.3538936189987241,0.02091503267973856
1,0.0,-1.4183387421223053,-0.6425349686225151,0.020261437908496733
1,0.0,-1.3167106132084572,-0.6425349686225151,0.0196078431372549
1,0.0,1.1223644807239046,1.1012150597146542,0.01895424836601307
1,0.0,-1.1134543553807599,-1.1407492624331352,0.018300653594771243
1,0.0,-1.5199668710361538,-0.3934278217172051,0.01764705882352941
1,0.0,-0.5036855818976698,-1.1407492624331352,0.01699346405228758
1,0.0,-2.272015024998632,0.3538936189987241,0.016339869281045753
1,0.0,0.3093394494131174,0.8521079128093442,0.01568627450980392
1,0.0,-0.5036855818976698,0.6030007659040342,0.015032679738562092
1,0.0,-0.0971730662422762,-0.8916421155278252,0.01437908496732026
1,0.0,-0.30042932406997297,-1.3898564093384442,0.013725490196078431
1,0.0,-2.1297356445192444,-2.6353921438649937,0.013071895424836602
1,0.0,-1.5199668710361538,1.1012150597146542,0.01241830065359477
1,0.0,0.1060831915854206,0.10478647209341398,0.011764705882352941
1,0.0,0.1060831915854206,0.3538936189987241,0.011111111111111112
1,0.0,0.9191082228962076,0.6030007659040342,0.01045751633986928
1,0.0,0.7158519650685109,0.8521079128093442,0.00980392156862745
1,0.0,-0.7069418397253665,0.8521079128093442,0.009150326797385621
1,0.0,-1.9264793866915475,-0.6425349686225151,0.00849673202614379
1,0.0,-0.30042932406997297,0.6030007659040342,0.00784313725490196
1,0.0,-0.9101980975530634,-2.6353921438649937,0.00718954248366013
1,0.0,-1.1134543553807599,-0.3934278217172051,0.006535947712418301
1,0.0,-1.9264793866915475,-0.8916421155278252,0.0058823529411764705
1,0.0,-1.2150824842946086,-2.1371778500543743,0.00522875816993464
1,0.0,0.9191082228962076,0.8521079128093442,0.004575163398692811
1,0.0,-1.7232231288638504,0.10478647209341398,0.00392156862745098
1,0.0,0.3093394494131174,0.3538936189987241,0.0032679738562091504
1,0.0,-0.30042932406997297,1.1012150597146542,0.00261437908496732
1,0.0,0.7158519650685109,0.3538936189987241,0.00196078431372549
1,0.0,0.5125957072408142,-1.6389635562437543,0.00130718954248366
1,0.0,1.528876996379298,0.3538936189987241,0.00065359477124183
