1.0,0.0,0.1335926583248396,1.8673667751272696,1743.0
1.0,1.0,1.3270122612460782,1.8673667751272696,1742.0
1.0,0.0,0.4089971820758945,-0.788534605987412,1741.0
1.0,1.0,0.041791150407821255,1.1430300348232665,1740.0
1.0,1.0,0.7762032137439681,1.6259211950259351,1739.0
1.0,0.0,0.041791150407821255,0.6601388746205964,1738.0
1.0,1.0,-0.3254148812602521,-1.5128713462914156,1737.0
1.0,0.0,0.9598062295780048,0.6601388746205964,1736.0
1.0,1.0,-0.6926209129283255,0.4186932945192615,1735.0
1.0,1.0,-0.6926209129283255,0.4186932945192615,1734.0
1.0,1.0,-0.3254148812602521,-1.029980186088747,1733.0
1.0,1.0,-0.6926209129283255,-1.7543169263927505,1732.0
1.0,0.0,0.4089971820758945,-1.2714257661900807,1731.0
1.0,0.0,0.4089971820758945,-1.2714257661900807,1730.0
1.0,0.0,0.9598062295780048,0.6601388746205964,1729.0
1.0,0.0,0.9598062295780048,0.6601388746205964,1728.0
1.0,0.0,0.9598062295780048,0.6601388746205964,1727.0
1.0,0.0,0.9598062295780048,0.6601388746205964,1726.0
1.0,1.0,0.041791150407821255,0.9015844547219312,1725.0
1.0,0.0,-0.3254148812602521,-0.788534605987412,1724.0
1.0,0.0,-0.3254148812602521,-0.788534605987412,1723.0
1.0,0.0,-0.3254148812602521,-0.788534605987412,1722.0
1.0,0.0,-0.3254148812602521,-0.788534605987412,1721.0
1.0,0.0,0.225394166241858,0.4186932945192615,1720.0
1.0,1.0,1.3270122612460782,1.1430300348232665,1719.0
1.0,0.0,1.1434092454120417,1.1430300348232665,1718.0
1.0,0.0,1.1434092454120417,1.1430300348232665,1717.0
1.0,0.0,0.4089971820758945,1.8673667751272696,1716.0
1.0,1.0,1.1434092454120417,0.9015844547219312,1715.0
1.0,1.0,1.1434092454120417,0.9015844547219312,1714.0
1.0,0.0,0.4089971820758945,1.1430300348232665,1713.0
1.0,0.0,0.4089971820758945,1.1430300348232665,1712.0
1.0,1.0,0.7762032137439681,-0.788534605987412,1711.0
1.0,1.0,0.7762032137439681,-0.788534605987412,1710.0
1.0,1.0,0.7762032137439681,-0.788534605987412,1709.0
1.0,1.0,0.4089971820758945,1.8673667751272696,1708.0
1.0,0.0,0.4089971820758945,-1.2714257661900807,1707.0
1.0,0.0,-0.5090178970942889,1.3844756149246,1706.0
1.0,0.0,-0.5090178970942889,1.3844756149246,1705.0
1.0,0.0,0.9598062295780048,0.17724771441792656,1704.0
1.0,1.0,0.4089971820758945,0.6601388746205964,1703.0
1.0,0.0,1.8778213087481883,1.6259211950259351,1702.0
1.0,0.0,1.8778213087481883,1.6259211950259351,1701.0
1.0,0.0,1.8778213087481883,1.6259211950259351,1700.0
1.0,1.0,0.7762032137439681,0.4186932945192615,1699.0
1.0,0.0,1.8778213087481883,-0.06419786568340727,1698.0
1.0,0.0,1.8778213087481883,-0.06419786568340727,1697.0
1.0,0.0,1.8778213087481883,-0.06419786568340727,1696.0
1.0,0.0,1.8778213087481883,-0.06419786568340727,1695.0
1.0,0.0,0.7762032137439681,-0.06419786568340727,1694.0
1.0,0.0,0.7762032137439681,-0.06419786568340727,1693.0
1.0,0.0,0.7762032137439681,-0.06419786568340727,1692.0
1.0,1.0,-0.3254148812602521,1.3844756149246,1691.0
1.0,1.0,0.225394166241858,0.4186932945192615,1690.0
1.0,1.0,0.225394166241858,0.4186932945192615,1689.0
1.0,1.0,0.225394166241858,0.4186932945192615,1688.0
1.0,1.0,0.225394166241858,0.4186932945192615,1687.0
1.0,1.0,0.5926001979099313,-0.3056434457847422,1686.0
1.0,1.0,0.5926001979099313,-0.3056434457847422,1685.0
1.0,1.0,0.5926001979099313,-0.3056434457847422,1684.0
1.0,1.0,0.4089971820758945,0.4186932945192615,1683.0
1.0,1.0,0.4089971820758945,0.4186932945192615,1682.0
1.0,1.0,0.4089971820758945,0.4186932945192615,1681.0
1.0,0.0,0.4089971820758945,-0.3056434457847422,1680.0
1.0,0.0,0.8680047216609864,1.1430300348232665,1679.0
1.0,0.0,0.8680047216609864,1.1430300348232665,1678.0
1.0,0.0,0.8680047216609864,1.1430300348232665,1677.0
1.0,0.0,2.0614243245822252,1.1430300348232665,1676.0
1.0,1.0,0.4089971820758945,1.3844756149246,1675.0
1.0,1.0,2.0614243245822252,-0.788534605987412,1674.0
1.0,1.0,2.0614243245822252,-0.788534605987412,1673.0
1.0,0.0,0.041791150407821255,0.17724771441792656,1672.0
1.0,0.0,0.7762032137439681,0.4186932945192615,1671.0
1.0,0.0,0.7762032137439681,0.4186932945192615,1670.0
1.0,0.0,-0.3254148812602521,-0.5470890258860771,1669.0
1.0,0.0,-0.3254148812602521,-0.5470890258860771,1668.0
1.0,0.0,-0.3254148812602521,-0.5470890258860771,1667.0
1.0,0.0,-0.6926209129283255,1.1430300348232665,1666.0
1.0,0.0,-0.6926209129283255,1.1430300348232665,1665.0
1.0,0.0,-0.6926209129283255,1.1430300348232665,1664.0
1.0,0.0,-0.6926209129283255,1.1430300348232665,1663.0
1.0,0.0,0.7762032137439681,0.17724771441792656,1662.0
1.0,0.0,0.7762032137439681,0.17724771441792656,1661.0
1.0,0.0,0.225394166241858,-1.7543169263927505,1660.0
1.0,0.0,0.225394166241858,-1.7543169263927505,1659.0
1.0,0.0,0.225394166241858,-1.7543169263927505,1658.0
1.0,1.0,0.9598062295780048,0.6601388746205964,1657.0
1.0,1.0,0.9598062295780048,0.6601388746205964,1656.0
1.0,0.0,0.225394166241858,-2.7200992467980893,1655.0
1.0,0.0,0.225394166241858,-2.7200992467980893,1654.0
1.0,1.0,0.225394166241858,-0.3056434457847422,1653.0
1.0,0.0,0.7762032137439681,0.6601388746205964,1652.0
1.0,1.0,-0.3254148812602521,1.6259211950259351,1651.0
1.0,1.0,-0.3254148812602521,1.6259211950259351,1650.0
1.0,1.0,-0.3254148812602521,1.6259211950259351,1649.0
1.0,1.0,-0.3254148812602521,1.6259211950259351,1648.0
1.0,1.0,-0.3254148812602521,1.6259211950259351,1647.0
1.0,1.0,0.041791150407821255,-0.3056434457847422,1646.0
1.0,1.0,0.041791150407821255,-0.3056434457847422,1645.0
1.0,1.0,0.041791150407821255,-0.3056434457847422,1644.0
1.0,1.0,1.6942182929141516,-0.3056434457847422,1643.0
1.0,1.0,1.6942182929141516,-0.3056434457847422,1642.0
1.0,1.0,0.9598062295780048,0.17724771441792656,1641.0
1.0,1.0,0.9598062295780048,0.17724771441792656,1640.0
1.0,1.0,0.9598062295780048,0.17724771441792656,1639.0
1.0,1.0,0.9598062295780048,0.17724771441792656,1638.0
1.0,0.0,2.0614243245822252,0.4186932945192615,1637.0
1.0,0.0,1.3270122612460782,-1.029980186088747,1636.0
1.0,0.0,0.7762032137439681,-1.029980186088747,1635.0
1.0,0.0,0.7762032137439681,-1.029980186088747,1634.0
1.0,0.0,0.7762032137439681,-1.029980186088747,1633.0
1.0,0.0,0.225394166241858,-0.5470890258860771,1632.0
1.0,0.0,0.225394166241858,-0.5470890258860771,1631.0
1.0,0.0,0.225394166241858,-0.5470890258860771,1630.0
1.0,0.0,0.225394166241858,-0.5470890258860771,1629.0
1.0,1.0,0.7762032137439681,1.6259211950259351,1628.0
1.0,1.0,0.7762032137439681,1.6259211950259351,1627.0
1.0,1.0,0.7762032137439681,1.6259211950259351,1626.0
1.0,1.0,-0.6926209129283255,0.17724771441792656,1625.0
1.0,1.0,-0.6926209129283255,0.17724771441792656,1624.0
1.0,1.0,-0.6926209129283255,0.17724771441792656,1623.0
1.0,1.0,-0.6926209129283255,0.17724771441792656,1622.0
1.0,0.0,-0.6008194050113072,0.6601388746205964,1621.0
1.0,0.0,-0.6008194050113072,0.6601388746205964,1620.0
1.0,1.0,0.225394166241858,1.1430300348232665,1619.0
1.0,1.0,0.225394166241858,1.1430300348232665,1618.0
1.0,1.0,0.225394166241858,1.1430300348232665,1617.0
1.0,0.0,2.0614243245822252,0.6601388746205964,1616.0
1.0,0.0,2.0614243245822252,0.6601388746205964,1615.0
1.0,0.0,2.0614243245822252,0.6601388746205964,1614.0
1.0,0.0,-0.3254148812602521,0.4186932945192615,1613.0
1.0,0.0,1.3270122612460782,-0.5470890258860771,1612.0
1.0,0.0,1.3270122612460782,-0.5470890258860771,1611.0
1.0,0.0,1.3270122612460782,-0.5470890258860771,1610.0
1.0,0.0,1.3270122612460782,-0.5470890258860771,1609.0
1.0,0.0,1.3270122612460782,-0.5470890258860771,1608.0
1.0,0.0,1.6942182929141516,1.3844756149246,1607.0
1.0,0.0,1.6942182929141516,1.3844756149246,1606.0
1.0,1.0,0.9598062295780048,-0.06419786568340727,1605.0
1.0,1.0,0.9598062295780048,-0.06419786568340727,1604.0
1.0,1.0,0.9598062295780048,-0.06419786568340727,1603.0
1.0,1.0,0.9598062295780048,-0.06419786568340727,1602.0
1.0,0.0,0.4089971820758945,-1.2714257661900807,1601.0
1.0,0.0,0.4089971820758945,-1.2714257661900807,1600.0
1.0,0.0,0.4089971820758945,-1.2714257661900807,1599.0
1.0,0.0,0.4089971820758945,-1.2714257661900807,1598.0
1.0,0.0,0.225394166241858,1.3844756149246,1597.0
1.0,0.0,0.225394166241858,1.3844756149246,1596.0
1.0,0.0,0.225394166241858,1.3844756149246,1595.0
1.0,0.0,0.5926001979099313,0.17724771441792656,1594.0
1.0,0.0,0.225394166241858,1.3844756149246,1593.0
1.0,0.0,0.5926001979099313,0.17724771441792656,1592.0
1.0,0.0,0.225394166241858,1.3844756149246,1591.0
1.0,0.0,0.5926001979099313,0.17724771441792656,1590.0
1.0,1.0,1.6942182929141516,1.8673667751272696,1589.0
1.0,1.0,1.6942182929141516,1.8673667751272696,1588.0
1.0,1.0,1.6942182929141516,1.8673667751272696,1587.0
1.0,1.0,1.6942182929141516,1.8673667751272696,1586.0
1.0,0.0,0.041791150407821255,-0.3056434457847422,1585.0
1.0,0.0,0.041791150407821255,-0.3056434457847422,1584.0
1.0,0.0,0.041791150407821255,-0.3056434457847422,1583.0
1.0,1.0,1.1434092454120417,-0.06419786568340727,1582.0
1.0,1.0,1.1434092454120417,-0.06419786568340727,1581.0
1.0,1.0,1.1434092454120417,-0.06419786568340727,1580.0
1.0,0.0,0.3171956741588763,0.17724771441792656,1579.0
1.0,0.0,0.3171956741588763,0.17724771441792656,1578.0
1.0,0.0,0.3171956741588763,0.17724771441792656,1577.0
1.0,0.0,0.3171956741588763,0.17724771441792656,1576.0
1.0,1.0,0.5926001979099313,-1.2714257661900807,1575.0
1.0,0.0,0.9598062295780048,-0.3056434457847422,1574.0
1.0,0.0,0.9598062295780048,-0.3056434457847422,1573.0
1.0,0.0,0.9598062295780048,-0.3056434457847422,1572.0
1.0,0.0,0.9598062295780048,-0.788534605987412,1571.0
1.0,0.0,0.9598062295780048,-0.788534605987412,1570.0
1.0,0.0,0.9598062295780048,-0.788534605987412,1569.0
1.0,0.0,0.9598062295780048,-0.788534605987412,1568.0
1.0,0.0,1.3270122612460782,1.3844756149246,1567.0
1.0,0.0,1.3270122612460782,1.3844756149246,1566.0
1.0,1.0,0.225394166241858,1.3844756149246,1565.0
1.0,1.0,0.225394166241858,1.3844756149246,1564.0
1.0,0.0,1.1434092454120417,0.17724771441792656,1563.0
1.0,0.0,1.1434092454120417,0.17724771441792656,1562.0
1.0,0.0,-0.5090178970942889,-0.788534605987412,1561.0
1.0,0.0,-0.5090178970942889,-0.788534605987412,1560.0
1.0,0.0,-0.5090178970942889,-0.788534605987412,1559.0
1.0,0.0,-0.5090178970942889,-0.788534605987412,1558.0
1.0,0.0,-0.5090178970942889,-0.788534605987412,1557.0
1.0,0.0,-0.5090178970942889,-0.788534605987412,1556.0
1.0,0.0,-0.5090178970942889,-0.788534605987412,1555.0
1.0,0.0,-0.5090178970942889,-0.788534605987412,1554.0
1.0,0.0,-0.5090178970942889,-0.788534605987412,1553.0
1.0,0.0,1.6942182929141516,-0.788534605987412,1552.0
1.0,0.0,1.6942182929141516,-0.788534605987412,1551.0
1.0,0.0,1.6942182929141516,-0.788534605987412,1550.0
1.0,0.0,1.6942182929141516,-0.788534605987412,1549.0
1.0,0.0,1.6942182929141516,-0.788534605987412,1548.0
1.0,0.0,1.6942182929141516,-0.788534605987412,1547.0
1.0,0.0,1.6942182929141516,-0.788534605987412,1546.0
1.0,0.0,1.6942182929141516,-0.788534605987412,1545.0
1.0,1.0,0.4089971820758945,2.108812355228604,1544.0
1.0,1.0,0.4089971820758945,2.108812355228604,1543.0
1.0,1.0,0.041791150407821255,1.8673667751272696,1542.0
1.0,1.0,0.041791150407821255,1.8673667751272696,1541.0
1.0,0.0,1.8778213087481883,-0.06419786568340727,1540.0
1.0,0.0,1.8778213087481883,-0.06419786568340727,1539.0
1.0,0.0,1.8778213087481883,-0.06419786568340727,1538.0
1.0,0.0,1.8778213087481883,-0.06419786568340727,1537.0
1.0,0.0,1.8778213087481883,-0.06419786568340727,1536.0
1.0,0.0,1.8778213087481883,-0.06419786568340727,1535.0
1.0,1.0,0.7762032137439681,1.8673667751272696,1534.0
1.0,1.0,0.7762032137439681,1.8673667751272696,1533.0
1.0,1.0,0.7762032137439681,1.8673667751272696,1532.0
1.0,0.0,-1.6106359920985092,-0.06419786568340727,1531.0
1.0,0.0,-1.6106359920985092,-0.06419786568340727,1530.0
1.0,0.0,-1.6106359920985092,-0.06419786568340727,1529.0
1.0,1.0,-1.4270329762644725,0.6601388746205964,1528.0
1.0,1.0,-1.4270329762644725,0.6601388746205964,1527.0
1.0,0.0,0.225394166241858,-0.5470890258860771,1526.0
1.0,0.0,0.225394166241858,-0.5470890258860771,1525.0
1.0,0.0,0.225394166241858,-0.5470890258860771,1524.0
1.0,0.0,0.225394166241858,-0.5470890258860771,1523.0
1.0,0.0,0.225394166241858,-0.5470890258860771,1522.0
1.0,0.0,0.225394166241858,-0.5470890258860771,1521.0
1.0,1.0,-0.8762239287623622,-0.788534605987412,1520.0
1.0,1.0,0.7762032137439681,1.1430300348232665,1519.0
1.0,1.0,0.7762032137439681,1.1430300348232665,1518.0
1.0,0.0,1.1434092454120417,0.9015844547219312,1517.0
1.0,0.0,1.1434092454120417,0.9015844547219312,1516.0
1.0,0.0,1.1434092454120417,0.9015844547219312,1515.0
1.0,0.0,1.6942182929141516,-1.2714257661900807,1514.0
1.0,0.0,1.6942182929141516,-1.2714257661900807,1513.0
1.0,0.0,1.6942182929141516,-1.2714257661900807,1512.0
1.0,0.0,0.1335926583248396,-1.029980186088747,1511.0
1.0,0.0,0.1335926583248396,-1.029980186088747,1510.0
1.0,0.0,0.4089971820758945,0.6601388746205964,1509.0
1.0,0.0,0.4089971820758945,0.6601388746205964,1508.0
1.0,0.0,0.4089971820758945,0.6601388746205964,1507.0
1.0,0.0,0.4089971820758945,0.6601388746205964,1506.0
1.0,0.0,1.8778213087481883,-0.06419786568340727,1505.0
1.0,0.0,1.8778213087481883,-0.06419786568340727,1504.0
1.0,0.0,1.8778213087481883,-0.06419786568340727,1503.0
1.0,0.0,1.8778213087481883,-0.06419786568340727,1502.0
1.0,0.0,1.8778213087481883,-0.06419786568340727,1501.0
1.0,0.0,1.8778213087481883,-0.06419786568340727,1500.0
1.0,0.0,1.8778213087481883,-0.06419786568340727,1499.0
1.0,0.0,1.8778213087481883,-0.06419786568340727,1498.0
1.0,0.0,1.8778213087481883,-0.06419786568340727,1497.0
1.0,1.0,-0.6926209129283255,0.9015844547219312,1496.0
1.0,1.0,-0.6926209129283255,0.9015844547219312,1495.0
1.0,1.0,-0.6926209129283255,0.9015844547219312,1494.0
1.0,1.0,-0.6926209129283255,0.9015844547219312,1493.0
1.0,1.0,-0.6926209129283255,0.9015844547219312,1492.0
1.0,1.0,-0.6926209129283255,0.9015844547219312,1491.0
1.0,1.0,-0.6926209129283255,0.9015844547219312,1490.0
1.0,1.0,-0.3254148812602521,-0.3056434457847422,1489.0
1.0,1.0,-0.3254148812602521,-0.3056434457847422,1488.0
1.0,1.0,-0.3254148812602521,-0.3056434457847422,1487.0
1.0,0.0,2.0614243245822252,0.9015844547219312,1486.0
1.0,0.0,2.0614243245822252,0.9015844547219312,1485.0
1.0,0.0,2.0614243245822252,0.9015844547219312,1484.0
1.0,0.0,2.0614243245822252,0.9015844547219312,1483.0
1.0,0.0,2.0614243245822252,0.9015844547219312,1482.0
1.0,1.0,-0.14181186542621546,-1.029980186088747,1481.0
1.0,1.0,-0.14181186542621546,-1.029980186088747,1480.0
1.0,1.0,-0.14181186542621546,-1.029980186088747,1479.0
1.0,1.0,-0.14181186542621546,-1.029980186088747,1478.0
1.0,1.0,-0.14181186542621546,-1.029980186088747,1477.0
1.0,1.0,-0.14181186542621546,-1.029980186088747,1476.0
1.0,0.0,1.1434092454120417,0.4186932945192615,1475.0
1.0,0.0,1.1434092454120417,0.4186932945192615,1474.0
1.0,0.0,-0.5090178970942889,0.9015844547219312,1473.0
1.0,0.0,-0.5090178970942889,0.9015844547219312,1472.0
1.0,0.0,-0.5090178970942889,0.9015844547219312,1471.0
1.0,1.0,0.7762032137439681,-0.06419786568340727,1470.0
1.0,1.0,0.7762032137439681,-0.06419786568340727,1469.0
1.0,1.0,0.7762032137439681,-0.06419786568340727,1468.0
1.0,1.0,0.7762032137439681,-0.06419786568340727,1467.0
1.0,0.0,0.1335926583248396,-0.06419786568340727,1466.0
1.0,0.0,0.1335926583248396,-0.06419786568340727,1465.0
1.0,1.0,1.3270122612460782,0.17724771441792656,1464.0
1.0,1.0,1.3270122612460782,0.17724771441792656,1463.0
1.0,1.0,1.3270122612460782,0.17724771441792656,1462.0
1.0,1.0,1.3270122612460782,0.17724771441792656,1461.0
1.0,1.0,1.3270122612460782,0.17724771441792656,1460.0
1.0,1.0,1.3270122612460782,0.17724771441792656,1459.0
1.0,1.0,1.1434092454120417,1.3844756149246,1458.0
1.0,1.0,0.5926001979099313,-0.3056434457847422,1457.0
1.0,1.0,0.5926001979099313,-0.3056434457847422,1456.0
1.0,1.0,0.5926001979099313,-0.3056434457847422,1455.0
1.0,0.0,-1.794239007932546,-1.029980186088747,1454.0
1.0,0.0,-1.794239007932546,-1.029980186088747,1453.0
1.0,0.0,-1.794239007932546,-1.029980186088747,1452.0
1.0,0.0,-1.794239007932546,-1.029980186088747,1451.0
1.0,1.0,0.225394166241858,0.17724771441792656,1450.0
1.0,1.0,0.225394166241858,0.17724771441792656,1449.0
1.0,1.0,0.225394166241858,0.17724771441792656,1448.0
1.0,1.0,1.6942182929141516,-1.5128713462914156,1447.0
1.0,1.0,1.6942182929141516,-1.5128713462914156,1446.0
1.0,1.0,1.6942182929141516,-1.5128713462914156,1445.0
1.0,1.0,1.6942182929141516,-1.5128713462914156,1444.0
1.0,0.0,-0.3254148812602521,-0.06419786568340727,1443.0
1.0,0.0,-0.3254148812602521,-0.06419786568340727,1442.0
1.0,0.0,-0.3254148812602521,-0.06419786568340727,1441.0
1.0,1.0,-3.446666150438877,0.6601388746205964,1440.0
1.0,1.0,-3.446666150438877,0.6601388746205964,1439.0
1.0,1.0,-3.446666150438877,0.6601388746205964,1438.0
1.0,1.0,-3.446666150438877,0.6601388746205964,1437.0
1.0,0.0,0.5926001979099313,-0.06419786568340727,1436.0
1.0,0.0,0.5926001979099313,-0.06419786568340727,1435.0
1.0,0.0,0.5926001979099313,-0.06419786568340727,1434.0
1.0,0.0,0.5926001979099313,-0.06419786568340727,1433.0
1.0,1.0,0.7762032137439681,0.9015844547219312,1432.0
1.0,1.0,0.7762032137439681,0.9015844547219312,1431.0
1.0,1.0,0.7762032137439681,0.9015844547219312,1430.0
1.0,1.0,0.7762032137439681,0.9015844547219312,1429.0
1.0,1.0,0.7762032137439681,0.9015844547219312,1428.0
1.0,1.0,0.7762032137439681,0.9015844547219312,1427.0
1.0,1.0,-0.5090178970942889,1.3844756149246,1426.0
1.0,1.0,-0.5090178970942889,1.3844756149246,1425.0
1.0,1.0,-0.5090178970942889,1.3844756149246,1424.0
1.0,1.0,-0.5090178970942889,1.3844756149246,1423.0
1.0,1.0,-0.14181186542621546,0.6601388746205964,1422.0
1.0,1.0,-0.14181186542621546,0.6601388746205964,1421.0
1.0,1.0,-0.14181186542621546,0.6601388746205964,1420.0
1.0,1.0,-0.14181186542621546,0.6601388746205964,1419.0
1.0,1.0,-0.14181186542621546,0.6601388746205964,1418.0
1.0,1.0,-0.14181186542621546,0.6601388746205964,1417.0
1.0,1.0,-0.5090178970942889,-1.2714257661900807,1416.0
1.0,1.0,-0.5090178970942889,-1.2714257661900807,1415.0
1.0,1.0,-0.5090178970942889,-1.2714257661900807,1414.0
1.0,1.0,-0.5090178970942889,-1.2714257661900807,1413.0
1.0,1.0,-0.5090178970942889,-1.2714257661900807,1412.0
1.0,1.0,-0.5090178970942889,-1.2714257661900807,1411.0
1.0,1.0,-0.5090178970942889,-1.2714257661900807,1410.0
1.0,1.0,-0.5090178970942889,-1.2714257661900807,1409.0
1.0,1.0,-0.5090178970942889,-1.2714257661900807,1408.0
1.0,1.0,-0.5090178970942889,-1.2714257661900807,1407.0
1.0,1.0,-0.5090178970942889,-1.2714257661900807,1406.0
1.0,0.0,0.225394166241858,1.1430300348232665,1405.0
1.0,0.0,0.225394166241858,1.1430300348232665,1404.0
1.0,0.0,0.225394166241858,1.1430300348232665,1403.0
1.0,0.0,0.225394166241858,1.1430300348232665,1402.0
1.0,0.0,0.225394166241858,1.1430300348232665,1401.0
1.0,0.0,0.225394166241858,1.1430300348232665,1400.0
1.0,0.0,0.225394166241858,1.1430300348232665,1399.0
1.0,0.0,0.225394166241858,1.1430300348232665,1398.0
1.0,0.0,0.225394166241858,1.1430300348232665,1397.0
1.0,0.0,0.225394166241858,1.1430300348232665,1396.0
1.0,1.0,1.8778213087481883,0.17724771441792656,1395.0
1.0,1.0,1.8778213087481883,0.17724771441792656,1394.0
1.0,1.0,1.8778213087481883,0.17724771441792656,1393.0
1.0,1.0,1.8778213087481883,0.17724771441792656,1392.0
1.0,1.0,1.8778213087481883,0.17724771441792656,1391.0
1.0,0.0,0.9598062295780048,0.17724771441792656,1390.0
1.0,0.0,0.9598062295780048,0.17724771441792656,1389.0
1.0,0.0,0.9598062295780048,0.17724771441792656,1388.0
1.0,0.0,0.9598062295780048,0.17724771441792656,1387.0
1.0,0.0,0.9598062295780048,0.17724771441792656,1386.0
1.0,0.0,0.9598062295780048,0.17724771441792656,1385.0
1.0,0.0,0.9598062295780048,0.17724771441792656,1384.0
1.0,0.0,0.9598062295780048,0.17724771441792656,1383.0
1.0,0.0,0.225394166241858,1.6259211950259351,1382.0
1.0,0.0,0.225394166241858,1.6259211950259351,1381.0
1.0,0.0,0.225394166241858,1.6259211950259351,1380.0
1.0,0.0,0.225394166241858,1.6259211950259351,1379.0
1.0,0.0,0.225394166241858,1.6259211950259351,1378.0
1.0,0.0,0.225394166241858,1.6259211950259351,1377.0
1.0,0.0,0.225394166241858,1.6259211950259351,1376.0
1.0,0.0,0.225394166241858,1.6259211950259351,1375.0
1.0,0.0,0.225394166241858,1.6259211950259351,1374.0
1.0,1.0,0.225394166241858,-0.3056434457847422,1373.0
1.0,1.0,0.225394166241858,-0.3056434457847422,1372.0
1.0,1.0,0.225394166241858,-0.3056434457847422,1371.0
1.0,1.0,0.6844017058269497,1.1430300348232665,1370.0
1.0,1.0,0.6844017058269497,1.1430300348232665,1369.0
1.0,1.0,-0.8762239287623622,0.17724771441792656,1368.0
1.0,1.0,-0.8762239287623622,0.17724771441792656,1367.0
1.0,1.0,-0.8762239287623622,0.17724771441792656,1366.0
1.0,1.0,-0.8762239287623622,0.17724771441792656,1365.0
1.0,1.0,-0.8762239287623622,0.17724771441792656,1364.0
1.0,1.0,-0.8762239287623622,0.17724771441792656,1363.0
1.0,0.0,-0.3254148812602521,0.6601388746205964,1362.0
1.0,0.0,-0.3254148812602521,0.6601388746205964,1361.0
1.0,0.0,-0.3254148812602521,0.6601388746205964,1360.0
1.0,0.0,-0.3254148812602521,0.6601388746205964,1359.0
1.0,0.0,-0.3254148812602521,0.6601388746205964,1358.0
1.0,0.0,-0.3254148812602521,0.6601388746205964,1357.0
1.0,0.0,0.7762032137439681,1.6259211950259351,1356.0
1.0,0.0,0.7762032137439681,1.6259211950259351,1355.0
1.0,0.0,0.7762032137439681,1.6259211950259351,1354.0
1.0,0.0,1.1434092454120417,0.9015844547219312,1353.0
1.0,0.0,1.1434092454120417,0.9015844547219312,1352.0
1.0,0.0,1.1434092454120417,0.9015844547219312,1351.0
1.0,0.0,1.1434092454120417,0.9015844547219312,1350.0
1.0,0.0,1.1434092454120417,0.9015844547219312,1349.0
1.0,1.0,0.9598062295780048,1.1430300348232665,1348.0
1.0,1.0,0.9598062295780048,1.1430300348232665,1347.0
1.0,1.0,0.9598062295780048,1.1430300348232665,1346.0
1.0,1.0,0.9598062295780048,1.1430300348232665,1345.0
1.0,1.0,0.9598062295780048,1.1430300348232665,1344.0
1.0,1.0,0.9598062295780048,1.1430300348232665,1343.0
1.0,1.0,0.9598062295780048,1.1430300348232665,1342.0
1.0,1.0,0.9598062295780048,1.1430300348232665,1341.0
1.0,1.0,0.9598062295780048,1.1430300348232665,1340.0
1.0,1.0,0.9598062295780048,1.1430300348232665,1339.0
1.0,0.0,1.3270122612460782,1.1430300348232665,1338.0
1.0,0.0,1.3270122612460782,1.1430300348232665,1337.0
1.0,0.0,1.3270122612460782,1.1430300348232665,1336.0
1.0,0.0,1.3270122612460782,1.1430300348232665,1335.0
1.0,1.0,-0.2336133733432338,-0.5470890258860771,1334.0
1.0,1.0,-0.2336133733432338,-0.5470890258860771,1333.0
1.0,1.0,1.3270122612460782,-0.5470890258860771,1332.0
1.0,1.0,1.3270122612460782,-0.5470890258860771,1331.0
1.0,1.0,1.3270122612460782,-0.5470890258860771,1330.0
1.0,1.0,1.3270122612460782,-0.5470890258860771,1329.0
1.0,1.0,1.3270122612460782,-0.5470890258860771,1328.0
1.0,1.0,1.3270122612460782,-0.5470890258860771,1327.0
1.0,1.0,1.3270122612460782,-0.5470890258860771,1326.0
1.0,1.0,1.3270122612460782,-0.5470890258860771,1325.0
1.0,1.0,1.3270122612460782,-0.5470890258860771,1324.0
1.0,1.0,1.3270122612460782,-0.5470890258860771,1323.0
1.0,0.0,0.7762032137439681,-0.06419786568340727,1322.0
1.0,0.0,0.7762032137439681,-0.06419786568340727,1321.0
1.0,0.0,0.7762032137439681,-0.06419786568340727,1320.0
1.0,0.0,0.7762032137439681,-0.06419786568340727,1319.0
1.0,0.0,0.7762032137439681,-0.06419786568340727,1318.0
1.0,0.0,0.7762032137439681,-0.06419786568340727,1317.0
1.0,0.0,0.7762032137439681,-0.06419786568340727,1316.0
1.0,0.0,0.7762032137439681,-0.06419786568340727,1315.0
1.0,0.0,0.225394166241858,-2.7200992467980893,1314.0
1.0,0.0,0.225394166241858,-2.7200992467980893,1313.0
1.0,0.0,0.225394166241858,-2.7200992467980893,1312.0
1.0,0.0,0.225394166241858,-2.7200992467980893,1311.0
1.0,0.0,-0.14181186542621546,0.17724771441792656,1310.0
1.0,0.0,-0.14181186542621546,0.17724771441792656,1309.0
1.0,0.0,-0.14181186542621546,0.4186932945192615,1308.0
1.0,0.0,-0.14181186542621546,0.4186932945192615,1307.0
1.0,0.0,-0.14181186542621546,0.4186932945192615,1306.0
1.0,0.0,-0.14181186542621546,0.4186932945192615,1305.0
1.0,0.0,-0.14181186542621546,0.4186932945192615,1304.0
1.0,0.0,-0.14181186542621546,0.4186932945192615,1303.0
1.0,0.0,-0.14181186542621546,0.4186932945192615,1302.0
1.0,1.0,1.1434092454120417,-0.3056434457847422,1301.0
1.0,1.0,1.1434092454120417,-0.3056434457847422,1300.0
1.0,1.0,1.1434092454120417,-0.3056434457847422,1299.0
1.0,1.0,1.1434092454120417,-0.3056434457847422,1298.0
1.0,1.0,1.1434092454120417,-0.3056434457847422,1297.0
1.0,0.0,-0.6926209129283255,0.6601388746205964,1296.0
1.0,0.0,-0.6926209129283255,0.6601388746205964,1295.0
1.0,0.0,-0.6926209129283255,0.6601388746205964,1294.0
1.0,0.0,-0.6926209129283255,0.6601388746205964,1293.0
1.0,0.0,-0.6926209129283255,0.6601388746205964,1292.0
1.0,0.0,-0.6926209129283255,0.6601388746205964,1291.0
1.0,0.0,0.5926001979099313,-1.5128713462914156,1290.0
1.0,0.0,0.5926001979099313,-1.5128713462914156,1289.0
1.0,0.0,0.5926001979099313,-1.5128713462914156,1288.0
1.0,0.0,0.5926001979099313,-1.5128713462914156,1287.0
1.0,0.0,0.5926001979099313,-1.5128713462914156,1286.0
1.0,0.0,0.5926001979099313,-1.5128713462914156,1285.0
1.0,0.0,0.5926001979099313,-1.5128713462914156,1284.0
1.0,0.0,0.5926001979099313,-1.5128713462914156,1283.0
1.0,0.0,0.5926001979099313,-1.5128713462914156,1282.0
1.0,0.0,0.5926001979099313,-1.5128713462914156,1281.0
1.0,0.0,-0.6926209129283255,-2.2372080865954205,1280.0
1.0,0.0,-0.6926209129283255,-2.2372080865954205,1279.0
1.0,0.0,-0.6926209129283255,-2.2372080865954205,1278.0
1.0,0.0,-0.3254148812602521,0.17724771441792656,1277.0
1.0,0.0,-0.3254148812602521,0.17724771441792656,1276.0
1.0,0.0,-0.3254148812602521,0.17724771441792656,1275.0
1.0,0.0,-0.3254148812602521,0.17724771441792656,1274.0
1.0,0.0,-0.3254148812602521,0.17724771441792656,1273.0
1.0,0.0,-0.3254148812602521,0.17724771441792656,1272.0
1.0,0.0,1.1434092454120417,-1.2714257661900807,1271.0
1.0,0.0,1.1434092454120417,-1.2714257661900807,1270.0
1.0,0.0,1.1434092454120417,-1.2714257661900807,1269.0
1.0,0.0,1.1434092454120417,-1.2714257661900807,1268.0
1.0,0.0,-2.712254087102729,-1.029980186088747,1267.0
1.0,0.0,-2.712254087102729,-1.029980186088747,1266.0
1.0,0.0,0.225394166241858,-1.7543169263927505,1265.0
1.0,0.0,-2.712254087102729,-1.029980186088747,1264.0
1.0,0.0,-2.712254087102729,-1.029980186088747,1263.0
1.0,0.0,0.225394166241858,-1.7543169263927505,1262.0
1.0,0.0,0.225394166241858,-1.7543169263927505,1261.0
1.0,0.0,0.9598062295780048,0.17724771441792656,1260.0
1.0,0.0,0.225394166241858,-1.7543169263927505,1259.0
1.0,0.0,0.225394166241858,-1.7543169263927505,1258.0
1.0,0.0,0.9598062295780048,0.17724771441792656,1257.0
1.0,0.0,0.225394166241858,-1.7543169263927505,1256.0
1.0,0.0,0.9598062295780048,0.17724771441792656,1255.0
1.0,0.0,0.225394166241858,-1.7543169263927505,1254.0
1.0,0.0,0.9598062295780048,0.17724771441792656,1253.0
1.0,0.0,0.9598062295780048,0.17724771441792656,1252.0
1.0,0.0,0.9598062295780048,0.17724771441792656,1251.0
1.0,0.0,0.9598062295780048,0.17724771441792656,1250.0
1.0,0.0,0.9598062295780048,0.17724771441792656,1249.0
1.0,1.0,-0.5090178970942889,-0.5470890258860771,1248.0
1.0,0.0,0.9598062295780048,0.17724771441792656,1247.0
1.0,1.0,-0.5090178970942889,-0.5470890258860771,1246.0
1.0,1.0,-0.5090178970942889,-0.5470890258860771,1245.0
1.0,1.0,-0.5090178970942889,-0.5470890258860771,1244.0
1.0,1.0,-0.5090178970942889,-0.5470890258860771,1243.0
1.0,1.0,-0.5090178970942889,-0.5470890258860771,1242.0
1.0,0.0,0.9598062295780048,0.9015844547219312,1241.0
1.0,0.0,0.9598062295780048,0.9015844547219312,1240.0
1.0,0.0,0.9598062295780048,0.9015844547219312,1239.0
1.0,0.0,0.9598062295780048,0.9015844547219312,1238.0
1.0,0.0,0.9598062295780048,0.9015844547219312,1237.0
1.0,1.0,-1.059826944596399,-0.788534605987412,1236.0
1.0,0.0,0.9598062295780048,0.9015844547219312,1235.0
1.0,1.0,-1.059826944596399,-0.788534605987412,1234.0
1.0,0.0,0.9598062295780048,0.9015844547219312,1233.0
1.0,0.0,0.9598062295780048,0.9015844547219312,1232.0
1.0,0.0,-0.5090178970942889,-0.5470890258860771,1231.0
1.0,0.0,-0.5090178970942889,-0.5470890258860771,1230.0
1.0,0.0,-0.5090178970942889,-0.5470890258860771,1229.0
1.0,0.0,-0.5090178970942889,-0.5470890258860771,1228.0
1.0,0.0,0.5926001979099313,0.9015844547219312,1227.0
1.0,0.0,-0.5090178970942889,-0.5470890258860771,1226.0
1.0,0.0,-0.5090178970942889,-0.5470890258860771,1225.0
1.0,0.0,0.5926001979099313,0.9015844547219312,1224.0
1.0,0.0,0.5926001979099313,0.9015844547219312,1223.0
1.0,0.0,-0.3254148812602521,-0.3056434457847422,1222.0
1.0,0.0,0.5926001979099313,0.9015844547219312,1221.0
1.0,0.0,-0.3254148812602521,-0.3056434457847422,1220.0
1.0,0.0,0.5926001979099313,0.9015844547219312,1219.0
1.0,0.0,0.5926001979099313,0.9015844547219312,1218.0
1.0,0.0,-0.3254148812602521,-0.3056434457847422,1217.0
1.0,0.0,0.5926001979099313,0.9015844547219312,1216.0
1.0,0.0,-0.3254148812602521,-0.3056434457847422,1215.0
1.0,0.0,-0.3254148812602521,-0.3056434457847422,1214.0
1.0,0.0,-0.3254148812602521,-0.3056434457847422,1213.0
1.0,0.0,-0.3254148812602521,-0.3056434457847422,1212.0
1.0,0.0,-0.3254148812602521,-0.3056434457847422,1211.0
1.0,0.0,-0.3254148812602521,-0.3056434457847422,1210.0
1.0,0.0,-0.3254148812602521,-0.3056434457847422,1209.0
1.0,0.0,-0.5090178970942889,0.4186932945192615,1208.0
1.0,0.0,-0.5090178970942889,0.4186932945192615,1207.0
1.0,0.0,-0.5090178970942889,0.4186932945192615,1206.0
1.0,0.0,-0.5090178970942889,0.4186932945192615,1205.0
1.0,0.0,-0.5090178970942889,0.4186932945192615,1204.0
1.0,0.0,-0.5090178970942889,0.4186932945192615,1203.0
1.0,0.0,-0.5090178970942889,0.4186932945192615,1202.0
1.0,1.0,-0.5090178970942889,-1.5128713462914156,1201.0
1.0,1.0,-0.5090178970942889,-1.5128713462914156,1200.0
1.0,1.0,-0.5090178970942889,-1.5128713462914156,1199.0
1.0,1.0,-0.5090178970942889,-1.5128713462914156,1198.0
1.0,1.0,-0.5090178970942889,-1.5128713462914156,1197.0
1.0,1.0,-0.5090178970942889,-1.5128713462914156,1196.0
1.0,1.0,-0.5090178970942889,-1.5128713462914156,1195.0
1.0,1.0,-0.5090178970942889,-1.5128713462914156,1194.0
1.0,0.0,0.041791150407821255,-0.5470890258860771,1193.0
1.0,0.0,0.041791150407821255,-0.5470890258860771,1192.0
1.0,0.0,0.041791150407821255,-0.5470890258860771,1191.0
1.0,0.0,0.9598062295780048,1.6259211950259351,1190.0
1.0,0.0,0.9598062295780048,1.6259211950259351,1189.0
1.0,0.0,0.9598062295780048,1.6259211950259351,1188.0
1.0,1.0,-0.6926209129283255,0.17724771441792656,1187.0
1.0,1.0,-0.6926209129283255,0.17724771441792656,1186.0
1.0,1.0,-0.6926209129283255,0.17724771441792656,1185.0
1.0,1.0,-0.6926209129283255,0.17724771441792656,1184.0
1.0,1.0,-0.6926209129283255,0.17724771441792656,1183.0
1.0,1.0,-0.6926209129283255,0.17724771441792656,1182.0
1.0,1.0,-0.6926209129283255,0.17724771441792656,1181.0
1.0,1.0,-0.6926209129283255,0.17724771441792656,1180.0
1.0,1.0,-0.6926209129283255,0.17724771441792656,1179.0
1.0,1.0,-0.6926209129283255,0.17724771441792656,1178.0
1.0,0.0,-0.6926209129283255,0.17724771441792656,1177.0
1.0,1.0,-1.4270329762644725,-1.9957625064940856,1176.0
1.0,1.0,-1.4270329762644725,-1.9957625064940856,1175.0
1.0,1.0,1.3270122612460782,0.17724771441792656,1174.0
1.0,1.0,1.3270122612460782,0.17724771441792656,1173.0
1.0,1.0,1.3270122612460782,0.17724771441792656,1172.0
1.0,1.0,1.3270122612460782,0.17724771441792656,1171.0
1.0,1.0,1.3270122612460782,0.17724771441792656,1170.0
1.0,1.0,1.3270122612460782,0.17724771441792656,1169.0
1.0,1.0,1.3270122612460782,0.17724771441792656,1168.0
1.0,1.0,1.3270122612460782,0.17724771441792656,1167.0
1.0,1.0,1.8778213087481883,0.6601388746205964,1166.0
1.0,1.0,1.8778213087481883,0.6601388746205964,1165.0
1.0,1.0,1.8778213087481883,0.6601388746205964,1164.0
1.0,1.0,0.7762032137439681,1.6259211950259351,1163.0
1.0,1.0,1.8778213087481883,0.6601388746205964,1162.0
1.0,0.0,0.225394166241858,-0.3056434457847422,1161.0
1.0,1.0,1.8778213087481883,0.6601388746205964,1160.0
1.0,1.0,0.7762032137439681,1.6259211950259351,1159.0
1.0,0.0,0.225394166241858,-0.3056434457847422,1158.0
1.0,0.0,0.225394166241858,-0.3056434457847422,1157.0
1.0,0.0,0.225394166241858,-0.3056434457847422,1156.0
1.0,0.0,0.225394166241858,-0.3056434457847422,1155.0
1.0,0.0,0.225394166241858,-0.3056434457847422,1154.0
1.0,0.0,0.225394166241858,-0.3056434457847422,1153.0
1.0,0.0,0.225394166241858,-0.3056434457847422,1152.0
1.0,1.0,1.8778213087481883,-1.7543169263927505,1151.0
1.0,1.0,1.8778213087481883,-1.7543169263927505,1150.0
1.0,1.0,-0.6926209129283255,0.6601388746205964,1149.0
1.0,1.0,1.8778213087481883,-1.7543169263927505,1148.0
1.0,1.0,-0.6926209129283255,0.6601388746205964,1147.0
1.0,1.0,-0.6926209129283255,0.6601388746205964,1146.0
1.0,1.0,-0.6926209129283255,0.6601388746205964,1145.0
1.0,1.0,-0.6926209129283255,0.6601388746205964,1144.0
1.0,1.0,-0.6926209129283255,0.6601388746205964,1143.0
1.0,0.0,1.6942182929141516,-0.06419786568340727,1142.0
1.0,0.0,1.6942182929141516,-0.06419786568340727,1141.0
1.0,0.0,1.6942182929141516,-0.06419786568340727,1140.0
1.0,0.0,0.5926001979099313,-1.029980186088747,1139.0
1.0,0.0,1.6942182929141516,-0.06419786568340727,1138.0
1.0,0.0,0.5926001979099313,-1.029980186088747,1137.0
1.0,0.0,0.5926001979099313,-1.029980186088747,1136.0
1.0,0.0,0.5926001979099313,-1.029980186088747,1135.0
1.0,0.0,0.5926001979099313,-1.029980186088747,1134.0
1.0,0.0,0.5926001979099313,-1.029980186088747,1133.0
1.0,1.0,-1.9778420237665824,-1.7543169263927505,1132.0
1.0,1.0,-1.9778420237665824,-1.7543169263927505,1131.0
1.0,1.0,-1.9778420237665824,-1.7543169263927505,1130.0
1.0,1.0,-1.9778420237665824,-1.7543169263927505,1129.0
1.0,1.0,-1.9778420237665824,-1.7543169263927505,1128.0
1.0,1.0,-1.9778420237665824,-1.7543169263927505,1127.0
1.0,1.0,-1.9778420237665824,-1.7543169263927505,1126.0
1.0,1.0,-1.9778420237665824,-1.7543169263927505,1125.0
1.0,1.0,-1.9778420237665824,-1.7543169263927505,1124.0
1.0,0.0,-0.7844224208453439,-1.7543169263927505,1123.0
1.0,0.0,-0.7844224208453439,-1.7543169263927505,1122.0
1.0,0.0,-0.7844224208453439,-1.7543169263927505,1121.0
1.0,0.0,-0.7844224208453439,-1.7543169263927505,1120.0
1.0,1.0,-0.8762239287623622,1.1430300348232665,1119.0
1.0,1.0,-0.8762239287623622,1.1430300348232665,1118.0
1.0,1.0,-0.8762239287623622,1.1430300348232665,1117.0
1.0,1.0,-0.8762239287623622,1.1430300348232665,1116.0
1.0,1.0,0.041791150407821255,0.4186932945192615,1115.0
1.0,1.0,0.041791150407821255,0.4186932945192615,1114.0
1.0,1.0,0.041791150407821255,0.4186932945192615,1113.0
1.0,1.0,0.041791150407821255,0.4186932945192615,1112.0
1.0,1.0,0.041791150407821255,0.4186932945192615,1111.0
1.0,1.0,0.041791150407821255,0.4186932945192615,1110.0
1.0,1.0,-0.3254148812602521,0.9015844547219312,1109.0
1.0,1.0,-0.3254148812602521,0.9015844547219312,1108.0
1.0,1.0,-0.3254148812602521,0.9015844547219312,1107.0
1.0,1.0,-0.3254148812602521,0.9015844547219312,1106.0
1.0,1.0,-0.3254148812602521,0.9015844547219312,1105.0
1.0,1.0,-0.3254148812602521,0.9015844547219312,1104.0
1.0,1.0,-0.3254148812602521,0.9015844547219312,1103.0
1.0,1.0,-0.3254148812602521,0.9015844547219312,1102.0
1.0,1.0,-0.3254148812602521,0.9015844547219312,1101.0
1.0,1.0,1.5106152770801151,-0.3056434457847422,1100.0
1.0,1.0,1.5106152770801151,-0.3056434457847422,1099.0
1.0,1.0,1.5106152770801151,-0.3056434457847422,1098.0
1.0,1.0,1.5106152770801151,-0.3056434457847422,1097.0
1.0,1.0,1.5106152770801151,-0.3056434457847422,1096.0
1.0,1.0,1.5106152770801151,-0.3056434457847422,1095.0
1.0,1.0,1.5106152770801151,-0.3056434457847422,1094.0
1.0,1.0,1.5106152770801151,-0.3056434457847422,1093.0
1.0,1.0,1.5106152770801151,-0.3056434457847422,1092.0
1.0,1.0,1.5106152770801151,-0.3056434457847422,1091.0
1.0,0.0,-0.0500103575091971,0.17724771441792656,1090.0
1.0,0.0,-0.0500103575091971,0.17724771441792656,1089.0
1.0,0.0,-0.0500103575091971,0.17724771441792656,1088.0
1.0,0.0,-0.0500103575091971,0.17724771441792656,1087.0
1.0,0.0,-0.0500103575091971,0.17724771441792656,1086.0
1.0,1.0,0.4089971820758945,-1.5128713462914156,1085.0
1.0,0.0,-0.0500103575091971,0.17724771441792656,1084.0
1.0,1.0,0.4089971820758945,-1.5128713462914156,1083.0
1.0,1.0,0.4089971820758945,-1.5128713462914156,1082.0
1.0,1.0,0.4089971820758945,-1.5128713462914156,1081.0
1.0,1.0,0.4089971820758945,-1.5128713462914156,1080.0
1.0,1.0,0.4089971820758945,-1.5128713462914156,1079.0
1.0,1.0,0.4089971820758945,-1.5128713462914156,1078.0
1.0,1.0,0.4089971820758945,-1.5128713462914156,1077.0
1.0,0.0,-0.6926209129283255,-1.029980186088747,1076.0
1.0,0.0,-0.6926209129283255,-1.029980186088747,1075.0
1.0,0.0,-0.6926209129283255,-1.029980186088747,1074.0
1.0,0.0,-0.6926209129283255,-1.029980186088747,1073.0
1.0,0.0,-0.6926209129283255,-1.029980186088747,1072.0
1.0,0.0,1.1434092454120417,1.3844756149246,1071.0
1.0,0.0,1.1434092454120417,1.3844756149246,1070.0
1.0,0.0,1.1434092454120417,1.3844756149246,1069.0
1.0,0.0,1.1434092454120417,1.3844756149246,1068.0
1.0,0.0,1.1434092454120417,1.3844756149246,1067.0
1.0,1.0,0.041791150407821255,0.9015844547219312,1066.0
1.0,1.0,0.041791150407821255,0.9015844547219312,1065.0
1.0,1.0,0.041791150407821255,0.9015844547219312,1064.0
1.0,1.0,0.041791150407821255,0.9015844547219312,1063.0
1.0,1.0,0.041791150407821255,0.9015844547219312,1062.0
1.0,0.0,0.4089971820758945,-0.788534605987412,1061.0
1.0,0.0,0.4089971820758945,-0.788534605987412,1060.0
1.0,0.0,0.4089971820758945,-0.788534605987412,1059.0
1.0,0.0,0.4089971820758945,-0.788534605987412,1058.0
1.0,0.0,0.4089971820758945,-0.788534605987412,1057.0
1.0,0.0,0.4089971820758945,-0.788534605987412,1056.0
1.0,0.0,0.4089971820758945,-0.788534605987412,1055.0
1.0,1.0,0.9598062295780048,1.1430300348232665,1054.0
1.0,1.0,0.9598062295780048,1.1430300348232665,1053.0
1.0,1.0,0.9598062295780048,1.1430300348232665,1052.0
1.0,1.0,-0.14181186542621546,-0.3056434457847422,1051.0
1.0,1.0,-0.14181186542621546,-0.3056434457847422,1050.0
1.0,1.0,-0.14181186542621546,-0.3056434457847422,1049.0
1.0,1.0,-0.14181186542621546,-0.3056434457847422,1048.0
1.0,1.0,-0.14181186542621546,-0.3056434457847422,1047.0
1.0,1.0,-0.14181186542621546,-0.3056434457847422,1046.0
1.0,1.0,-0.14181186542621546,-0.3056434457847422,1045.0
1.0,1.0,-0.14181186542621546,-0.3056434457847422,1044.0
1.0,0.0,-0.14181186542621546,-0.06419786568340727,1043.0
1.0,0.0,-0.14181186542621546,-0.06419786568340727,1042.0
1.0,0.0,-0.14181186542621546,-0.06419786568340727,1041.0
1.0,0.0,-0.14181186542621546,-0.06419786568340727,1040.0
1.0,0.0,-0.14181186542621546,-0.06419786568340727,1039.0
1.0,0.0,-0.14181186542621546,-0.06419786568340727,1038.0
1.0,0.0,-0.14181186542621546,-0.06419786568340727,1037.0
1.0,0.0,0.7762032137439681,-1.2714257661900807,1036.0
1.0,0.0,0.7762032137439681,-1.2714257661900807,1035.0
1.0,0.0,0.7762032137439681,-1.2714257661900807,1034.0
1.0,0.0,0.7762032137439681,-1.2714257661900807,1033.0
1.0,0.0,0.7762032137439681,-1.2714257661900807,1032.0
1.0,1.0,-0.8762239287623622,0.17724771441792656,1031.0
1.0,1.0,-0.8762239287623622,0.17724771441792656,1030.0
1.0,1.0,-0.8762239287623622,0.17724771441792656,1029.0
1.0,1.0,-0.8762239287623622,0.17724771441792656,1028.0
1.0,1.0,-0.8762239287623622,0.17724771441792656,1027.0
1.0,1.0,-0.8762239287623622,0.17724771441792656,1026.0
1.0,0.0,-1.9778420237665824,0.6601388746205964,1025.0
1.0,0.0,-1.9778420237665824,0.6601388746205964,1024.0
1.0,0.0,-1.9778420237665824,0.6601388746205964,1023.0
1.0,0.0,-1.9778420237665824,0.6601388746205964,1022.0
1.0,1.0,0.225394166241858,0.9015844547219312,1021.0
1.0,1.0,0.225394166241858,0.9015844547219312,1020.0
1.0,1.0,0.225394166241858,0.9015844547219312,1019.0
1.0,1.0,0.225394166241858,0.9015844547219312,1018.0
1.0,1.0,0.225394166241858,0.9015844547219312,1017.0
1.0,1.0,0.225394166241858,0.9015844547219312,1016.0
1.0,1.0,0.225394166241858,0.9015844547219312,1015.0
1.0,0.0,0.041791150407821255,1.8673667751272696,1014.0
1.0,0.0,0.041791150407821255,1.8673667751272696,1013.0
1.0,0.0,0.041791150407821255,1.8673667751272696,1012.0
1.0,0.0,0.041791150407821255,1.8673667751272696,1011.0
1.0,0.0,0.041791150407821255,1.8673667751272696,1010.0
1.0,0.0,0.041791150407821255,1.8673667751272696,1009.0
1.0,0.0,0.041791150407821255,1.8673667751272696,1008.0
1.0,0.0,0.041791150407821255,1.8673667751272696,1007.0
1.0,0.0,0.041791150407821255,1.8673667751272696,1006.0
1.0,0.0,0.041791150407821255,1.8673667751272696,1005.0
1.0,1.0,0.9598062295780048,-0.3056434457847422,1004.0
1.0,1.0,0.9598062295780048,-0.3056434457847422,1003.0
1.0,1.0,0.9598062295780048,-0.3056434457847422,1002.0
1.0,1.0,0.9598062295780048,-0.3056434457847422,1001.0
1.0,1.0,0.9598062295780048,-0.3056434457847422,1000.0
1.0,1.0,0.9598062295780048,-0.3056434457847422,999.0
1.0,1.0,0.9598062295780048,-0.3056434457847422,998.0
1.0,1.0,0.9598062295780048,-0.3056434457847422,997.0
1.0,1.0,0.9598062295780048,-0.3056434457847422,996.0
1.0,1.0,-1.1516284525134173,0.17724771441792656,995.0
1.0,1.0,-1.1516284525134173,0.17724771441792656,994.0
1.0,1.0,-1.1516284525134173,0.17724771441792656,993.0
1.0,1.0,-1.1516284525134173,0.17724771441792656,992.0
1.0,1.0,-1.1516284525134173,0.17724771441792656,991.0
1.0,1.0,-1.1516284525134173,0.17724771441792656,990.0
1.0,1.0,-1.1516284525134173,0.17724771441792656,989.0
1.0,1.0,-1.1516284525134173,0.17724771441792656,988.0
1.0,0.0,-0.14181186542621546,-2.2372080865954205,987.0
1.0,0.0,-0.14181186542621546,-2.2372080865954205,986.0
1.0,0.0,-0.14181186542621546,-2.2372080865954205,985.0
1.0,0.0,-0.3254148812602521,-1.5128713462914156,984.0
1.0,0.0,-0.14181186542621546,-2.2372080865954205,983.0
1.0,0.0,-0.3254148812602521,-1.5128713462914156,982.0
1.0,0.0,-0.3254148812602521,-1.5128713462914156,981.0
1.0,0.0,-0.3254148812602521,-1.5128713462914156,980.0
1.0,0.0,-0.3254148812602521,-1.5128713462914156,979.0
1.0,0.0,-0.3254148812602521,-1.5128713462914156,978.0
1.0,0.0,-1.886040515849564,-1.2714257661900807,977.0
1.0,0.0,-0.3254148812602521,-1.5128713462914156,976.0
1.0,0.0,-1.886040515849564,-1.2714257661900807,975.0
1.0,0.0,-0.3254148812602521,-1.5128713462914156,974.0
1.0,0.0,-1.886040515849564,-1.2714257661900807,973.0
1.0,0.0,-1.886040515849564,-1.2714257661900807,972.0
1.0,0.0,-1.886040515849564,-1.2714257661900807,971.0
1.0,1.0,0.4089971820758945,0.17724771441792656,970.0
1.0,0.0,-1.886040515849564,-1.2714257661900807,969.0
1.0,1.0,0.4089971820758945,0.17724771441792656,968.0
1.0,0.0,-1.886040515849564,-1.2714257661900807,967.0
1.0,0.0,-1.886040515849564,-1.2714257661900807,966.0
1.0,1.0,0.4089971820758945,0.17724771441792656,965.0
1.0,0.0,-1.886040515849564,-1.2714257661900807,964.0
1.0,1.0,0.4089971820758945,0.17724771441792656,963.0
1.0,0.0,0.225394166241858,-0.06419786568340727,962.0
1.0,0.0,0.225394166241858,-0.06419786568340727,961.0
1.0,0.0,0.225394166241858,-0.06419786568340727,960.0
1.0,0.0,0.225394166241858,-0.06419786568340727,959.0
1.0,0.0,0.225394166241858,-0.06419786568340727,958.0
1.0,0.0,0.225394166241858,-0.06419786568340727,957.0
1.0,0.0,0.225394166241858,-0.06419786568340727,956.0
1.0,0.0,0.225394166241858,-0.06419786568340727,955.0
1.0,0.0,0.225394166241858,-0.06419786568340727,954.0
1.0,0.0,0.225394166241858,-0.06419786568340727,953.0
1.0,0.0,-0.3254148812602521,-0.3056434457847422,952.0
1.0,0.0,-0.3254148812602521,-0.3056434457847422,951.0
1.0,0.0,-0.3254148812602521,-0.3056434457847422,950.0
1.0,0.0,-0.14181186542621546,0.9015844547219312,949.0
1.0,0.0,-0.3254148812602521,-0.3056434457847422,948.0
1.0,0.0,-0.14181186542621546,0.9015844547219312,947.0
1.0,0.0,-0.14181186542621546,0.9015844547219312,946.0
1.0,0.0,-0.14181186542621546,0.9015844547219312,945.0
1.0,0.0,-0.14181186542621546,0.9015844547219312,944.0
1.0,0.0,-0.14181186542621546,0.9015844547219312,943.0
1.0,0.0,-0.14181186542621546,0.9015844547219312,942.0
1.0,0.0,-0.14181186542621546,0.9015844547219312,941.0
1.0,0.0,-1.4270329762644725,0.4186932945192615,940.0
1.0,0.0,-1.4270329762644725,0.4186932945192615,939.0
1.0,0.0,-1.4270329762644725,0.4186932945192615,938.0
1.0,0.0,-1.4270329762644725,0.4186932945192615,937.0
1.0,0.0,-1.4270329762644725,0.4186932945192615,936.0
1.0,0.0,-0.14181186542621546,0.17724771441792656,935.0
1.0,0.0,-0.14181186542621546,0.17724771441792656,934.0
1.0,0.0,-0.14181186542621546,0.17724771441792656,933.0
1.0,0.0,-1.059826944596399,1.8673667751272696,932.0
1.0,0.0,-0.14181186542621546,0.17724771441792656,931.0
1.0,0.0,-1.059826944596399,1.8673667751272696,930.0
1.0,0.0,-0.14181186542621546,0.17724771441792656,929.0
1.0,1.0,-0.5090178970942889,0.4186932945192615,928.0
1.0,0.0,-0.14181186542621546,0.17724771441792656,927.0
1.0,0.0,-0.14181186542621546,0.17724771441792656,926.0
1.0,1.0,-0.5090178970942889,0.4186932945192615,925.0
1.0,0.0,-0.14181186542621546,0.17724771441792656,924.0
1.0,0.0,-0.9680254366793806,-1.2714257661900807,923.0
1.0,0.0,-0.14181186542621546,0.17724771441792656,922.0
1.0,0.0,1.1434092454120417,0.6601388746205964,921.0
1.0,0.0,-1.059826944596399,1.8673667751272696,920.0
1.0,0.0,-1.059826944596399,1.8673667751272696,919.0
1.0,0.0,1.1434092454120417,0.6601388746205964,918.0
1.0,0.0,-1.059826944596399,1.8673667751272696,917.0
1.0,0.0,1.3270122612460782,-0.3056434457847422,916.0
1.0,0.0,-1.059826944596399,1.8673667751272696,915.0
1.0,0.0,1.3270122612460782,-0.3056434457847422,914.0
1.0,0.0,-1.059826944596399,1.8673667751272696,913.0
1.0,1.0,-0.5090178970942889,0.4186932945192615,912.0
1.0,0.0,1.3270122612460782,-0.3056434457847422,911.0
1.0,1.0,-0.5090178970942889,0.4186932945192615,910.0
1.0,0.0,1.3270122612460782,-0.3056434457847422,909.0
1.0,1.0,-0.5090178970942889,0.4186932945192615,908.0
1.0,0.0,1.3270122612460782,-0.3056434457847422,907.0
1.0,0.0,-0.9680254366793806,-1.2714257661900807,906.0
1.0,0.0,-0.9680254366793806,-1.2714257661900807,905.0
1.0,0.0,1.3270122612460782,-0.3056434457847422,904.0
1.0,0.0,-0.9680254366793806,-1.2714257661900807,903.0
1.0,0.0,1.3270122612460782,-0.3056434457847422,902.0
1.0,0.0,-0.9680254366793806,-1.2714257661900807,901.0
1.0,0.0,0.225394166241858,1.6259211950259351,900.0
1.0,0.0,-0.9680254366793806,-1.2714257661900807,899.0
1.0,0.0,-0.9680254366793806,-1.2714257661900807,898.0
1.0,0.0,0.225394166241858,1.6259211950259351,897.0
1.0,0.0,-0.9680254366793806,-1.2714257661900807,896.0
1.0,0.0,1.1434092454120417,-0.5470890258860771,895.0
1.0,0.0,1.1434092454120417,0.6601388746205964,894.0
1.0,0.0,1.1434092454120417,-0.5470890258860771,893.0
1.0,0.0,1.1434092454120417,0.6601388746205964,892.0
1.0,0.0,1.3270122612460782,-0.3056434457847422,891.0
1.0,0.0,1.1434092454120417,-0.5470890258860771,890.0
1.0,0.0,1.3270122612460782,-0.3056434457847422,889.0
1.0,0.0,1.1434092454120417,-0.5470890258860771,888.0
1.0,0.0,1.3270122612460782,-0.3056434457847422,887.0
1.0,0.0,1.3270122612460782,-0.3056434457847422,886.0
1.0,0.0,1.1434092454120417,-0.5470890258860771,885.0
1.0,0.0,1.3270122612460782,-0.3056434457847422,884.0
1.0,0.0,1.1434092454120417,-0.5470890258860771,883.0
1.0,0.0,1.3270122612460782,-0.3056434457847422,882.0
1.0,0.0,0.9598062295780048,-0.06419786568340727,881.0
1.0,0.0,0.225394166241858,1.6259211950259351,880.0
1.0,0.0,0.225394166241858,1.6259211950259351,879.0
1.0,0.0,0.9598062295780048,-0.06419786568340727,878.0
1.0,0.0,0.225394166241858,1.6259211950259351,877.0
1.0,0.0,0.9598062295780048,-0.06419786568340727,876.0
1.0,0.0,0.225394166241858,1.6259211950259351,875.0
1.0,0.0,1.6942182929141516,0.17724771441792656,874.0
1.0,0.0,0.225394166241858,1.6259211950259351,873.0
1.0,0.0,1.1434092454120417,-0.5470890258860771,872.0
1.0,0.0,1.6942182929141516,0.17724771441792656,871.0
1.0,0.0,1.1434092454120417,-0.5470890258860771,870.0
1.0,0.0,1.6942182929141516,0.17724771441792656,869.0
1.0,0.0,1.1434092454120417,-0.5470890258860771,868.0
1.0,1.0,-1.4270329762644725,-0.5470890258860771,867.0
1.0,0.0,1.1434092454120417,-0.5470890258860771,866.0
1.0,0.0,0.9598062295780048,-0.06419786568340727,865.0
1.0,1.0,-1.4270329762644725,-0.5470890258860771,864.0
1.0,0.0,0.9598062295780048,-0.06419786568340727,863.0
1.0,1.0,-1.4270329762644725,-0.5470890258860771,862.0
1.0,0.0,0.9598062295780048,-0.06419786568340727,861.0
1.0,1.0,-1.4270329762644725,-0.5470890258860771,860.0
1.0,0.0,0.9598062295780048,-0.06419786568340727,859.0
1.0,0.0,0.9598062295780048,-0.06419786568340727,858.0
1.0,0.0,-1.335231468347454,1.1430300348232665,857.0
1.0,0.0,0.9598062295780048,-0.06419786568340727,856.0
1.0,0.0,-1.1149078493466102,-3.2029904070007587,855.0
1.0,0.0,1.6942182929141516,0.17724771441792656,854.0
1.0,0.0,-1.1149078493466102,-3.2029904070007587,853.0
1.0,0.0,1.6942182929141516,0.17724771441792656,852.0
1.0,0.0,1.6942182929141516,0.17724771441792656,851.0
1.0,0.0,-1.1149078493466102,-3.2029904070007587,850.0
1.0,0.0,1.6942182929141516,0.17724771441792656,849.0
1.0,0.0,-1.1149078493466102,-3.2029904070007587,848.0
1.0,0.0,1.6942182929141516,0.17724771441792656,847.0
1.0,0.0,-1.1149078493466102,-3.2029904070007587,846.0
1.0,0.0,1.6942182929141516,0.17724771441792656,845.0
1.0,1.0,-1.4270329762644725,-0.5470890258860771,844.0
1.0,0.0,0.4089971820758945,-0.06419786568340727,843.0
1.0,1.0,-1.4270329762644725,-0.5470890258860771,842.0
1.0,0.0,0.4089971820758945,-0.06419786568340727,841.0
1.0,0.0,-1.335231468347454,1.1430300348232665,840.0
1.0,1.0,-1.059826944596399,-0.06419786568340727,839.0
1.0,0.0,-1.335231468347454,1.1430300348232665,838.0
1.0,0.0,-1.335231468347454,1.1430300348232665,837.0
1.0,1.0,-1.059826944596399,-0.06419786568340727,836.0
1.0,0.0,-1.335231468347454,1.1430300348232665,835.0
1.0,1.0,-1.059826944596399,-0.06419786568340727,834.0
1.0,0.0,-1.1149078493466102,-3.2029904070007587,833.0
1.0,1.0,-1.059826944596399,-0.06419786568340727,832.0
1.0,0.0,-1.1149078493466102,-3.2029904070007587,831.0
1.0,0.0,-1.1149078493466102,-3.2029904070007587,830.0
1.0,1.0,-1.059826944596399,-0.06419786568340727,829.0
1.0,0.0,0.4089971820758945,-0.06419786568340727,828.0
1.0,1.0,0.4089971820758945,0.4186932945192615,827.0
1.0,0.0,0.4089971820758945,-0.06419786568340727,826.0
1.0,0.0,1.1434092454120417,0.4186932945192615,825.0
1.0,0.0,0.4089971820758945,-0.06419786568340727,824.0
1.0,0.0,0.4089971820758945,-0.06419786568340727,823.0
1.0,0.0,1.1434092454120417,0.4186932945192615,822.0
1.0,0.0,0.4089971820758945,-0.06419786568340727,821.0
1.0,0.0,1.1434092454120417,0.4186932945192615,820.0
1.0,0.0,0.4089971820758945,-0.06419786568340727,819.0
1.0,1.0,-1.059826944596399,-0.06419786568340727,818.0
1.0,0.0,1.1434092454120417,0.4186932945192615,817.0
1.0,1.0,-1.059826944596399,-0.06419786568340727,816.0
1.0,0.0,1.1434092454120417,0.4186932945192615,815.0
1.0,1.0,-1.059826944596399,-0.06419786568340727,814.0
1.0,1.0,0.225394166241858,1.1430300348232665,813.0
1.0,1.0,-1.059826944596399,-0.06419786568340727,812.0
1.0,1.0,0.4089971820758945,0.4186932945192615,811.0
1.0,1.0,0.225394166241858,1.1430300348232665,810.0
1.0,1.0,0.4089971820758945,0.4186932945192615,809.0
1.0,1.0,0.225394166241858,1.1430300348232665,808.0
1.0,0.0,1.1434092454120417,0.4186932945192615,807.0
1.0,1.0,0.225394166241858,1.1430300348232665,806.0
1.0,0.0,1.1434092454120417,0.4186932945192615,805.0
1.0,0.0,1.1434092454120417,0.4186932945192615,804.0
1.0,1.0,0.225394166241858,1.1430300348232665,803.0
1.0,1.0,0.225394166241858,1.1430300348232665,802.0
1.0,0.0,-0.2336133733432338,1.8673667751272696,801.0
1.0,1.0,0.225394166241858,1.1430300348232665,800.0
1.0,0.0,-0.2336133733432338,1.8673667751272696,799.0
1.0,1.0,0.225394166241858,1.1430300348232665,798.0
1.0,1.0,0.225394166241858,1.1430300348232665,797.0
1.0,0.0,-0.2336133733432338,1.8673667751272696,796.0
1.0,1.0,0.225394166241858,1.1430300348232665,795.0
1.0,0.0,0.5007986899929129,0.6601388746205964,794.0
1.0,1.0,0.225394166241858,1.1430300348232665,793.0
1.0,1.0,-0.8762239287623622,0.4186932945192615,792.0
1.0,0.0,-0.2336133733432338,1.8673667751272696,791.0
1.0,0.0,-0.2336133733432338,1.8673667751272696,790.0
1.0,1.0,-0.8762239287623622,0.4186932945192615,789.0
1.0,0.0,-0.2336133733432338,1.8673667751272696,788.0
1.0,1.0,-0.8762239287623622,0.4186932945192615,787.0
1.0,0.0,-0.2336133733432338,1.8673667751272696,786.0
1.0,1.0,-0.8762239287623622,0.4186932945192615,785.0
1.0,0.0,0.5007986899929129,0.6601388746205964,784.0
1.0,0.0,0.5007986899929129,0.6601388746205964,783.0
1.0,1.0,-0.8762239287623622,0.4186932945192615,782.0
1.0,0.0,0.5007986899929129,0.6601388746205964,781.0
1.0,0.0,0.5926001979099313,-0.06419786568340727,780.0
1.0,0.0,0.5007986899929129,0.6601388746205964,779.0
1.0,0.0,0.5926001979099313,-0.06419786568340727,778.0
1.0,0.0,0.5007986899929129,0.6601388746205964,777.0
1.0,1.0,-0.8762239287623622,0.4186932945192615,776.0
1.0,0.0,0.5926001979099313,-0.06419786568340727,775.0
1.0,1.0,-0.8762239287623622,0.4186932945192615,774.0
1.0,0.0,0.5926001979099313,-0.06419786568340727,773.0
1.0,1.0,-0.8762239287623622,0.4186932945192615,772.0
1.0,1.0,-1.886040515849564,-1.029980186088747,771.0
1.0,0.0,0.5926001979099313,-0.06419786568340727,770.0
1.0,0.0,0.5926001979099313,-0.06419786568340727,769.0
1.0,1.0,-1.886040515849564,-1.029980186088747,768.0
1.0,0.0,0.5926001979099313,-0.06419786568340727,767.0
1.0,1.0,-1.886040515849564,-1.029980186088747,766.0
1.0,0.0,0.5926001979099313,-0.06419786568340727,765.0
1.0,1.0,-1.886040515849564,-1.029980186088747,764.0
1.0,0.0,0.5926001979099313,-0.06419786568340727,763.0
1.0,1.0,-1.886040515849564,-1.029980186088747,762.0
1.0,1.0,-1.886040515849564,-1.029980186088747,761.0
1.0,1.0,-1.886040515849564,-1.029980186088747,760.0
1.0,1.0,-1.886040515849564,-1.029980186088747,759.0
1.0,1.0,-1.886040515849564,-1.029980186088747,758.0
1.0,0.0,0.4089971820758945,-1.029980186088747,757.0
1.0,1.0,-1.886040515849564,-1.029980186088747,756.0
1.0,1.0,-1.886040515849564,-1.029980186088747,755.0
1.0,0.0,0.4089971820758945,-1.029980186088747,754.0
1.0,1.0,-1.886040515849564,-1.029980186088747,753.0
1.0,0.0,0.4089971820758945,-1.029980186088747,752.0
1.0,1.0,-1.886040515849564,-1.029980186088747,751.0
1.0,0.0,0.4089971820758945,-1.029980186088747,750.0
1.0,1.0,-1.886040515849564,-1.029980186088747,749.0
1.0,0.0,0.4089971820758945,-1.029980186088747,748.0
1.0,0.0,0.4089971820758945,-1.029980186088747,747.0
1.0,0.0,0.4089971820758945,-1.029980186088747,746.0
1.0,1.0,0.041791150407821255,1.6259211950259351,745.0
1.0,0.0,0.4089971820758945,-1.029980186088747,744.0
1.0,1.0,0.041791150407821255,1.6259211950259351,743.0
1.0,0.0,0.4089971820758945,-1.029980186088747,742.0
1.0,0.0,0.4089971820758945,-1.029980186088747,741.0
1.0,1.0,0.041791150407821255,1.6259211950259351,740.0
1.0,0.0,0.4089971820758945,-1.029980186088747,739.0
1.0,1.0,0.041791150407821255,1.6259211950259351,738.0
1.0,1.0,0.041791150407821255,1.6259211950259351,737.0
1.0,1.0,0.041791150407821255,1.6259211950259351,736.0
1.0,1.0,0.041791150407821255,1.6259211950259351,735.0
1.0,1.0,0.041791150407821255,1.6259211950259351,734.0
1.0,1.0,-0.14181186542621546,-1.2714257661900807,733.0
1.0,1.0,0.041791150407821255,1.6259211950259351,732.0
1.0,1.0,-0.14181186542621546,-1.2714257661900807,731.0
1.0,1.0,0.041791150407821255,1.6259211950259351,730.0
1.0,1.0,-0.14181186542621546,-1.2714257661900807,729.0
1.0,1.0,-0.14181186542621546,-1.2714257661900807,728.0
1.0,1.0,-0.14181186542621546,-1.2714257661900807,727.0
1.0,1.0,-0.14181186542621546,-1.2714257661900807,726.0
1.0,1.0,-0.14181186542621546,-1.2714257661900807,725.0
1.0,1.0,-0.14181186542621546,-1.2714257661900807,724.0
1.0,1.0,-1.6106359920985092,-2.2372080865954205,723.0
1.0,1.0,-1.6106359920985092,-2.2372080865954205,722.0
1.0,1.0,-1.6106359920985092,-2.2372080865954205,721.0
1.0,1.0,-1.6106359920985092,-2.2372080865954205,720.0
1.0,1.0,-1.6106359920985092,-2.2372080865954205,719.0
1.0,1.0,-1.6106359920985092,-2.2372080865954205,718.0
1.0,0.0,0.225394166241858,-1.029980186088747,717.0
1.0,0.0,0.225394166241858,-1.029980186088747,716.0
1.0,0.0,0.225394166241858,-1.029980186088747,715.0
1.0,0.0,0.225394166241858,-1.029980186088747,714.0
1.0,0.0,0.225394166241858,-1.029980186088747,713.0
1.0,0.0,0.225394166241858,-1.029980186088747,712.0
1.0,1.0,-0.6926209129283255,-2.2372080865954205,711.0
1.0,1.0,-0.6926209129283255,-2.2372080865954205,710.0
1.0,1.0,-0.6926209129283255,-2.2372080865954205,709.0
1.0,1.0,-0.6926209129283255,-2.2372080865954205,708.0
1.0,1.0,-0.6926209129283255,-2.2372080865954205,707.0
1.0,1.0,-0.6926209129283255,-2.2372080865954205,706.0
1.0,1.0,-0.6926209129283255,-2.2372080865954205,705.0
1.0,1.0,-0.6926209129283255,-2.2372080865954205,704.0
1.0,1.0,-0.6926209129283255,-2.2372080865954205,703.0
1.0,1.0,-0.6926209129283255,-2.2372080865954205,702.0
1.0,1.0,-0.6926209129283255,-2.2372080865954205,701.0
1.0,1.0,-0.6926209129283255,-2.2372080865954205,700.0
1.0,0.0,1.5106152770801151,1.8673667751272696,699.0
1.0,0.0,1.5106152770801151,1.8673667751272696,698.0
1.0,0.0,1.5106152770801151,1.8673667751272696,697.0
1.0,0.0,0.4089971820758945,0.9015844547219312,696.0
1.0,0.0,1.5106152770801151,1.8673667751272696,695.0
1.0,0.0,1.5106152770801151,1.8673667751272696,694.0
1.0,1.0,-0.6926209129283255,0.4186932945192615,693.0
1.0,0.0,1.5106152770801151,1.8673667751272696,692.0
1.0,1.0,-0.6926209129283255,0.4186932945192615,691.0
1.0,0.0,1.5106152770801151,1.8673667751272696,690.0
1.0,1.0,-0.6926209129283255,0.4186932945192615,689.0
1.0,0.0,1.5106152770801151,1.8673667751272696,688.0
1.0,0.0,1.5106152770801151,1.8673667751272696,687.0
1.0,1.0,-0.6926209129283255,0.4186932945192615,686.0
1.0,0.0,0.4089971820758945,0.9015844547219312,685.0
1.0,0.0,0.5926001979099313,1.1430300348232665,684.0
1.0,0.0,0.4089971820758945,0.9015844547219312,683.0
1.0,0.0,0.5926001979099313,1.1430300348232665,682.0
1.0,0.0,0.4089971820758945,0.9015844547219312,681.0
1.0,0.0,0.4089971820758945,0.9015844547219312,680.0
1.0,0.0,0.4089971820758945,-1.2714257661900807,679.0
1.0,1.0,-0.6926209129283255,0.4186932945192615,678.0
1.0,0.0,0.4089971820758945,-1.2714257661900807,677.0
1.0,1.0,-0.6926209129283255,0.4186932945192615,676.0
1.0,0.0,0.4089971820758945,-1.2714257661900807,675.0
1.0,1.0,-0.6926209129283255,0.4186932945192615,674.0
1.0,1.0,-0.6926209129283255,0.4186932945192615,673.0
1.0,0.0,0.4089971820758945,-1.2714257661900807,672.0
1.0,1.0,-0.6926209129283255,0.4186932945192615,671.0
1.0,1.0,-1.4270329762644725,-0.5470890258860771,670.0
1.0,0.0,0.5926001979099313,1.1430300348232665,669.0
1.0,1.0,-1.4270329762644725,-0.5470890258860771,668.0
1.0,0.0,0.5926001979099313,1.1430300348232665,667.0
1.0,0.0,0.5926001979099313,1.1430300348232665,666.0
1.0,1.0,-1.4270329762644725,-0.5470890258860771,665.0
1.0,0.0,0.5926001979099313,1.1430300348232665,664.0
1.0,1.0,-1.4270329762644725,-0.5470890258860771,663.0
1.0,0.0,0.4089971820758945,-1.2714257661900807,662.0
1.0,1.0,-1.4270329762644725,-0.5470890258860771,661.0
1.0,1.0,-1.4270329762644725,-0.5470890258860771,660.0
1.0,1.0,-1.4270329762644725,-0.5470890258860771,659.0
1.0,1.0,-1.4270329762644725,-0.5470890258860771,658.0
1.0,1.0,-1.4270329762644725,-0.5470890258860771,657.0
1.0,1.0,-1.4270329762644725,-0.5470890258860771,656.0
1.0,1.0,-1.4270329762644725,-0.5470890258860771,655.0
1.0,1.0,-1.4270329762644725,-0.5470890258860771,654.0
1.0,1.0,-1.4270329762644725,-0.5470890258860771,653.0
1.0,1.0,-1.4270329762644725,-0.5470890258860771,652.0
1.0,1.0,-0.14181186542621546,0.17724771441792656,651.0
1.0,1.0,-0.14181186542621546,0.17724771441792656,650.0
1.0,1.0,-0.14181186542621546,0.17724771441792656,649.0
1.0,1.0,-0.14181186542621546,0.17724771441792656,648.0
1.0,1.0,-0.14181186542621546,0.17724771441792656,647.0
1.0,1.0,-0.14181186542621546,0.17724771441792656,646.0
1.0,1.0,-0.14181186542621546,0.17724771441792656,645.0
1.0,1.0,-0.14181186542621546,0.17724771441792656,644.0
1.0,1.0,-0.14181186542621546,0.17724771441792656,643.0
1.0,1.0,-1.2434299604304355,0.4186932945192615,642.0
1.0,1.0,-1.2434299604304355,0.4186932945192615,641.0
1.0,1.0,-1.2434299604304355,0.4186932945192615,640.0
1.0,1.0,-1.2434299604304355,0.4186932945192615,639.0
1.0,1.0,-1.2434299604304355,0.4186932945192615,638.0
1.0,1.0,-0.3254148812602521,-0.06419786568340727,637.0
1.0,1.0,-0.3254148812602521,-0.06419786568340727,636.0
1.0,1.0,-0.3254148812602521,-0.06419786568340727,635.0
1.0,0.0,0.5926001979099313,0.9015844547219312,634.0
1.0,0.0,0.5926001979099313,0.9015844547219312,633.0
1.0,0.0,0.5926001979099313,0.9015844547219312,632.0
1.0,0.0,0.5926001979099313,0.9015844547219312,631.0
1.0,0.0,0.5926001979099313,0.9015844547219312,630.0
1.0,1.0,-0.5090178970942889,-2.2372080865954205,629.0
1.0,1.0,-0.5090178970942889,-2.2372080865954205,628.0
1.0,1.0,-0.5090178970942889,-2.2372080865954205,627.0
1.0,1.0,-0.5090178970942889,-2.2372080865954205,626.0
1.0,1.0,-0.5090178970942889,-2.2372080865954205,625.0
1.0,1.0,-0.5090178970942889,-2.2372080865954205,624.0
1.0,1.0,0.225394166241858,0.6601388746205964,623.0
1.0,1.0,0.225394166241858,0.6601388746205964,622.0
1.0,1.0,0.225394166241858,0.6601388746205964,621.0
1.0,1.0,0.225394166241858,0.6601388746205964,620.0
1.0,1.0,0.225394166241858,0.6601388746205964,619.0
1.0,1.0,0.225394166241858,0.6601388746205964,618.0
1.0,1.0,0.225394166241858,0.6601388746205964,617.0
1.0,1.0,0.225394166241858,0.6601388746205964,616.0
1.0,1.0,0.225394166241858,0.6601388746205964,615.0
1.0,1.0,0.225394166241858,0.6601388746205964,614.0
1.0,1.0,-0.14181186542621546,0.6601388746205964,613.0
1.0,1.0,-0.14181186542621546,0.6601388746205964,612.0
1.0,1.0,1.8778213087481883,0.9015844547219312,611.0
1.0,1.0,1.8778213087481883,0.9015844547219312,610.0
1.0,1.0,1.8778213087481883,0.9015844547219312,609.0
1.0,1.0,1.8778213087481883,0.9015844547219312,608.0
1.0,1.0,1.8778213087481883,0.9015844547219312,607.0
1.0,1.0,1.8778213087481883,0.9015844547219312,606.0
1.0,1.0,1.8778213087481883,0.9015844547219312,605.0
1.0,1.0,1.8778213087481883,0.9015844547219312,604.0
1.0,1.0,0.4089971820758945,0.9015844547219312,603.0
1.0,1.0,0.4089971820758945,0.9015844547219312,602.0
1.0,1.0,0.4089971820758945,0.9015844547219312,601.0
1.0,1.0,0.4089971820758945,0.9015844547219312,600.0
1.0,1.0,0.4089971820758945,0.9015844547219312,599.0
1.0,1.0,0.4089971820758945,0.9015844547219312,598.0
1.0,0.0,-0.14181186542621546,1.1430300348232665,597.0
1.0,0.0,-0.14181186542621546,1.1430300348232665,596.0
1.0,0.0,-0.14181186542621546,1.1430300348232665,595.0
1.0,0.0,-0.14181186542621546,1.1430300348232665,594.0
1.0,0.0,-0.14181186542621546,1.1430300348232665,593.0
1.0,0.0,-0.14181186542621546,1.1430300348232665,592.0
1.0,0.0,-0.14181186542621546,1.1430300348232665,591.0
1.0,0.0,-0.14181186542621546,1.1430300348232665,590.0
1.0,0.0,-0.14181186542621546,1.1430300348232665,589.0
1.0,0.0,0.225394166241858,-0.06419786568340727,588.0
1.0,0.0,0.225394166241858,-0.06419786568340727,587.0
1.0,0.0,0.225394166241858,-0.06419786568340727,586.0
1.0,0.0,0.225394166241858,-0.06419786568340727,585.0
1.0,0.0,-0.5090178970942889,-0.788534605987412,584.0
1.0,0.0,-0.5090178970942889,-0.788534605987412,583.0
1.0,0.0,-0.5090178970942889,-0.788534605987412,582.0
1.0,0.0,-0.5090178970942889,-0.788534605987412,581.0
1.0,0.0,-0.5090178970942889,-0.788534605987412,580.0
1.0,0.0,-0.5090178970942889,-0.788534605987412,579.0
1.0,0.0,-0.5090178970942889,-0.788534605987412,578.0
1.0,0.0,-0.5090178970942889,-0.788534605987412,577.0
1.0,0.0,-0.5090178970942889,-0.788534605987412,576.0
1.0,0.0,0.4089971820758945,0.17724771441792656,575.0
1.0,0.0,0.4089971820758945,0.17724771441792656,574.0
1.0,0.0,0.4089971820758945,0.17724771441792656,573.0
1.0,0.0,0.4089971820758945,0.17724771441792656,572.0
1.0,0.0,0.4089971820758945,0.17724771441792656,571.0
1.0,0.0,0.4089971820758945,0.17724771441792656,570.0
1.0,0.0,0.4089971820758945,0.17724771441792656,569.0
1.0,1.0,1.1434092454120417,0.4186932945192615,568.0
1.0,1.0,1.1434092454120417,0.4186932945192615,567.0
1.0,1.0,1.1434092454120417,0.4186932945192615,566.0
1.0,1.0,1.1434092454120417,0.4186932945192615,565.0
1.0,1.0,1.1434092454120417,0.4186932945192615,564.0
1.0,1.0,1.1434092454120417,0.4186932945192615,563.0
1.0,1.0,1.1434092454120417,0.4186932945192615,562.0
1.0,0.0,-0.3254148812602521,-0.5470890258860771,561.0
1.0,0.0,-0.3254148812602521,-0.5470890258860771,560.0
1.0,0.0,-0.3254148812602521,-0.5470890258860771,559.0
1.0,0.0,-0.3254148812602521,-0.5470890258860771,558.0
1.0,0.0,-0.3254148812602521,-0.5470890258860771,557.0
1.0,0.0,-0.3254148812602521,-0.5470890258860771,556.0
1.0,0.0,-0.3254148812602521,-0.5470890258860771,555.0
1.0,0.0,-0.3254148812602521,-0.5470890258860771,554.0
1.0,0.0,-0.3254148812602521,-0.5470890258860771,553.0
1.0,0.0,-0.3254148812602521,-0.5470890258860771,552.0
1.0,0.0,0.225394166241858,-0.5470890258860771,551.0
1.0,0.0,0.225394166241858,-0.5470890258860771,550.0
1.0,0.0,0.225394166241858,-0.5470890258860771,549.0
1.0,0.0,0.225394166241858,-0.5470890258860771,548.0
1.0,0.0,0.225394166241858,-0.5470890258860771,547.0
1.0,0.0,0.225394166241858,-0.5470890258860771,546.0
1.0,0.0,0.225394166241858,-0.5470890258860771,545.0
1.0,0.0,-0.14181186542621546,-1.029980186088747,544.0
1.0,0.0,-0.14181186542621546,-1.029980186088747,543.0
1.0,0.0,-0.14181186542621546,-1.029980186088747,542.0
1.0,0.0,-0.14181186542621546,-1.029980186088747,541.0
1.0,0.0,-0.14181186542621546,-1.029980186088747,540.0
1.0,0.0,-0.14181186542621546,-1.029980186088747,539.0
1.0,0.0,-0.14181186542621546,-1.029980186088747,538.0
1.0,0.0,-0.14181186542621546,-1.029980186088747,537.0
1.0,0.0,-0.14181186542621546,-1.029980186088747,536.0
1.0,0.0,-0.14181186542621546,-1.029980186088747,535.0
1.0,0.0,-0.14181186542621546,-1.029980186088747,534.0
1.0,0.0,0.4089971820758945,-1.029980186088747,533.0
1.0,0.0,0.4089971820758945,-1.029980186088747,532.0
1.0,0.0,0.4089971820758945,-1.029980186088747,531.0
1.0,0.0,0.4089971820758945,-1.029980186088747,530.0
1.0,0.0,0.4089971820758945,-1.029980186088747,529.0
1.0,0.0,0.4089971820758945,-1.029980186088747,528.0
1.0,0.0,0.4089971820758945,-1.029980186088747,527.0
1.0,0.0,0.4089971820758945,-1.029980186088747,526.0
1.0,0.0,0.4089971820758945,-1.029980186088747,525.0
1.0,0.0,1.1434092454120417,-0.3056434457847422,524.0
1.0,0.0,1.1434092454120417,-0.3056434457847422,523.0
1.0,0.0,1.1434092454120417,-0.3056434457847422,522.0
1.0,0.0,1.1434092454120417,-0.3056434457847422,521.0
1.0,0.0,1.1434092454120417,-0.3056434457847422,520.0
1.0,0.0,1.1434092454120417,-0.3056434457847422,519.0
1.0,0.0,1.1434092454120417,-0.3056434457847422,518.0
1.0,0.0,1.1434092454120417,-0.3056434457847422,517.0
1.0,0.0,1.1434092454120417,-0.3056434457847422,516.0
1.0,0.0,-1.794239007932546,-0.3056434457847422,515.0
1.0,0.0,-1.794239007932546,-0.3056434457847422,514.0
1.0,0.0,-1.794239007932546,-0.3056434457847422,513.0
1.0,0.0,-1.794239007932546,-0.3056434457847422,512.0
1.0,0.0,-1.794239007932546,-0.3056434457847422,511.0
1.0,0.0,-1.794239007932546,-0.3056434457847422,510.0
1.0,0.0,0.225394166241858,-1.2714257661900807,509.0
1.0,0.0,0.225394166241858,-1.2714257661900807,508.0
1.0,0.0,0.225394166241858,-1.2714257661900807,507.0
1.0,0.0,0.225394166241858,-1.2714257661900807,506.0
1.0,0.0,0.225394166241858,-1.2714257661900807,505.0
1.0,0.0,1.3270122612460782,0.9015844547219312,504.0
1.0,0.0,1.3270122612460782,0.9015844547219312,503.0
1.0,0.0,1.3270122612460782,0.9015844547219312,502.0
1.0,0.0,1.3270122612460782,0.9015844547219312,501.0
1.0,1.0,0.4089971820758945,0.4186932945192615,500.0
1.0,1.0,0.4089971820758945,0.4186932945192615,499.0
1.0,1.0,0.4089971820758945,0.4186932945192615,498.0
1.0,1.0,0.4089971820758945,0.4186932945192615,497.0
1.0,1.0,0.4089971820758945,0.4186932945192615,496.0
1.0,1.0,0.4089971820758945,0.4186932945192615,495.0
1.0,1.0,0.4089971820758945,0.4186932945192615,494.0
1.0,1.0,0.4089971820758945,0.4186932945192615,493.0
1.0,1.0,0.9598062295780048,1.3844756149246,492.0
1.0,1.0,0.9598062295780048,1.3844756149246,491.0
1.0,1.0,0.9598062295780048,1.3844756149246,490.0
1.0,1.0,0.9598062295780048,1.3844756149246,489.0
1.0,0.0,1.3270122612460782,-0.5470890258860771,488.0
1.0,0.0,1.3270122612460782,-0.5470890258860771,487.0
1.0,0.0,1.3270122612460782,-0.5470890258860771,486.0
1.0,0.0,1.3270122612460782,-0.5470890258860771,485.0
1.0,0.0,1.3270122612460782,-0.5470890258860771,484.0
1.0,1.0,0.041791150407821255,-1.029980186088747,483.0
1.0,1.0,0.041791150407821255,-1.029980186088747,482.0
1.0,0.0,-0.3254148812602521,-1.029980186088747,481.0
1.0,0.0,-0.3254148812602521,-1.029980186088747,480.0
1.0,0.0,-0.3254148812602521,-1.029980186088747,479.0
1.0,0.0,-0.3254148812602521,-1.029980186088747,478.0
1.0,0.0,-0.3254148812602521,-1.029980186088747,477.0
1.0,1.0,-1.4270329762644725,0.4186932945192615,476.0
1.0,1.0,-1.4270329762644725,0.4186932945192615,475.0
1.0,1.0,-1.4270329762644725,0.4186932945192615,474.0
1.0,1.0,-1.4270329762644725,0.4186932945192615,473.0
1.0,1.0,-1.4270329762644725,0.4186932945192615,472.0
1.0,1.0,-1.4270329762644725,0.4186932945192615,471.0
1.0,1.0,-1.4270329762644725,0.4186932945192615,470.0
1.0,1.0,-1.4270329762644725,0.4186932945192615,469.0
1.0,1.0,-1.4270329762644725,0.4186932945192615,468.0
1.0,1.0,0.041791150407821255,0.9015844547219312,467.0
1.0,1.0,0.041791150407821255,0.9015844547219312,466.0
1.0,1.0,0.041791150407821255,0.9015844547219312,465.0
1.0,1.0,0.041791150407821255,0.9015844547219312,464.0
1.0,1.0,0.041791150407821255,0.9015844547219312,463.0
1.0,1.0,0.041791150407821255,0.9015844547219312,462.0
1.0,0.0,-0.5090178970942889,-2.4786536666967542,461.0
1.0,0.0,-0.5090178970942889,-2.4786536666967542,460.0
1.0,0.0,-0.5090178970942889,-2.4786536666967542,459.0
1.0,0.0,-0.5090178970942889,-2.4786536666967542,458.0
1.0,1.0,0.7762032137439681,0.4186932945192615,457.0
1.0,1.0,0.7762032137439681,0.4186932945192615,456.0
1.0,1.0,0.7762032137439681,0.4186932945192615,455.0
1.0,1.0,0.7762032137439681,0.4186932945192615,454.0
1.0,1.0,0.7762032137439681,0.4186932945192615,453.0
1.0,1.0,0.7762032137439681,0.4186932945192615,452.0
1.0,1.0,0.7762032137439681,0.4186932945192615,451.0
1.0,0.0,-0.7844224208453439,-0.5470890258860771,450.0
1.0,0.0,-0.7844224208453439,-0.5470890258860771,449.0
1.0,0.0,-0.7844224208453439,-0.5470890258860771,448.0
1.0,0.0,-0.7844224208453439,-0.5470890258860771,447.0
1.0,0.0,-0.7844224208453439,-0.5470890258860771,446.0
1.0,0.0,-0.7844224208453439,-0.5470890258860771,445.0
1.0,0.0,-0.7844224208453439,-0.5470890258860771,444.0
1.0,1.0,0.041791150407821255,-1.5128713462914156,443.0
1.0,1.0,0.041791150407821255,-1.5128713462914156,442.0
1.0,1.0,0.041791150407821255,-1.5128713462914156,441.0
1.0,0.0,0.225394166241858,-0.788534605987412,440.0
1.0,0.0,0.225394166241858,-0.788534605987412,439.0
1.0,0.0,0.225394166241858,-0.788534605987412,438.0
1.0,0.0,0.225394166241858,-0.788534605987412,437.0
1.0,0.0,0.225394166241858,-0.788534605987412,436.0
1.0,0.0,0.225394166241858,-0.788534605987412,435.0
1.0,0.0,0.225394166241858,-0.788534605987412,434.0
1.0,0.0,0.225394166241858,-0.788534605987412,433.0
1.0,0.0,0.225394166241858,-0.788534605987412,432.0
1.0,1.0,0.041791150407821255,-0.3056434457847422,431.0
1.0,1.0,0.041791150407821255,-0.3056434457847422,430.0
1.0,1.0,0.041791150407821255,-0.3056434457847422,429.0
1.0,1.0,0.041791150407821255,-0.3056434457847422,428.0
1.0,1.0,0.041791150407821255,-0.3056434457847422,427.0
1.0,1.0,0.041791150407821255,-0.3056434457847422,426.0
1.0,1.0,0.041791150407821255,-0.3056434457847422,425.0
1.0,1.0,0.041791150407821255,-0.3056434457847422,424.0
1.0,1.0,0.041791150407821255,-0.3056434457847422,423.0
1.0,1.0,0.041791150407821255,-0.3056434457847422,422.0
1.0,1.0,0.041791150407821255,-0.3056434457847422,421.0
1.0,1.0,1.3270122612460782,0.9015844547219312,420.0
1.0,1.0,1.3270122612460782,0.9015844547219312,419.0
1.0,1.0,1.3270122612460782,0.9015844547219312,418.0
1.0,1.0,1.3270122612460782,0.9015844547219312,417.0
1.0,1.0,1.3270122612460782,0.9015844547219312,416.0
1.0,1.0,1.3270122612460782,0.9015844547219312,415.0
1.0,1.0,1.3270122612460782,0.9015844547219312,414.0
1.0,1.0,0.225394166241858,-1.029980186088747,413.0
1.0,1.0,0.225394166241858,-1.029980186088747,412.0
1.0,1.0,0.225394166241858,-1.029980186088747,411.0
1.0,1.0,0.225394166241858,-1.029980186088747,410.0
1.0,1.0,0.225394166241858,-1.029980186088747,409.0
1.0,1.0,0.225394166241858,-1.029980186088747,408.0
1.0,1.0,0.225394166241858,-1.029980186088747,407.0
1.0,1.0,0.225394166241858,-1.029980186088747,406.0
1.0,0.0,0.9598062295780048,0.9015844547219312,405.0
1.0,0.0,0.9598062295780048,0.9015844547219312,404.0
1.0,0.0,0.9598062295780048,0.9015844547219312,403.0
1.0,0.0,0.4089971820758945,-0.3056434457847422,402.0
1.0,0.0,0.4089971820758945,-0.3056434457847422,401.0
1.0,0.0,0.4089971820758945,-0.3056434457847422,400.0
1.0,0.0,0.4089971820758945,-0.3056434457847422,399.0
1.0,0.0,0.4089971820758945,-0.3056434457847422,398.0
1.0,0.0,0.4089971820758945,-0.3056434457847422,397.0
1.0,0.0,0.4089971820758945,-0.3056434457847422,396.0
1.0,0.0,0.4089971820758945,-0.3056434457847422,395.0
1.0,0.0,0.4089971820758945,-0.3056434457847422,394.0
1.0,0.0,0.4089971820758945,-0.3056434457847422,393.0
1.0,0.0,0.4089971820758945,-0.3056434457847422,392.0
1.0,0.0,0.4089971820758945,-0.3056434457847422,391.0
1.0,0.0,-0.5090178970942889,0.4186932945192615,390.0
1.0,0.0,-0.5090178970942889,0.4186932945192615,389.0
1.0,0.0,-0.5090178970942889,0.4186932945192615,388.0
1.0,0.0,-0.5090178970942889,0.4186932945192615,387.0
1.0,0.0,-0.5090178970942889,0.4186932945192615,386.0
1.0,1.0,-2.1614450396006197,-1.5128713462914156,385.0
1.0,1.0,-2.1614450396006197,-1.5128713462914156,384.0
1.0,1.0,-2.1614450396006197,-1.5128713462914156,383.0
1.0,1.0,-2.1614450396006197,-1.5128713462914156,382.0
1.0,1.0,-2.1614450396006197,-1.5128713462914156,381.0
1.0,1.0,-2.1614450396006197,-1.5128713462914156,380.0
1.0,1.0,-2.1614450396006197,-1.5128713462914156,379.0
1.0,0.0,1.6942182929141516,-0.3056434457847422,378.0
1.0,0.0,1.6942182929141516,-0.3056434457847422,377.0
1.0,0.0,1.6942182929141516,-0.3056434457847422,376.0
1.0,0.0,1.6942182929141516,-0.3056434457847422,375.0
1.0,1.0,-0.6926209129283255,-1.9957625064940856,374.0
1.0,1.0,-0.6926209129283255,-1.9957625064940856,373.0
1.0,1.0,-0.6926209129283255,-1.9957625064940856,372.0
1.0,1.0,-0.6926209129283255,-1.9957625064940856,371.0
1.0,1.0,-0.6926209129283255,-1.9957625064940856,370.0
1.0,1.0,-0.8762239287623622,0.9015844547219312,369.0
1.0,1.0,-0.8762239287623622,0.9015844547219312,368.0
1.0,1.0,-0.8762239287623622,0.9015844547219312,367.0
1.0,1.0,-0.8762239287623622,0.9015844547219312,366.0
1.0,1.0,-0.8762239287623622,0.9015844547219312,365.0
1.0,1.0,1.3270122612460782,0.6601388746205964,364.0
1.0,1.0,1.3270122612460782,0.6601388746205964,363.0
1.0,1.0,1.3270122612460782,0.6601388746205964,362.0
1.0,1.0,1.3270122612460782,0.6601388746205964,361.0
1.0,1.0,1.3270122612460782,0.6601388746205964,360.0
1.0,1.0,1.3270122612460782,0.6601388746205964,359.0
1.0,1.0,1.3270122612460782,0.6601388746205964,358.0
1.0,1.0,1.3270122612460782,0.6601388746205964,357.0
1.0,0.0,-0.14181186542621546,-0.06419786568340727,356.0
1.0,0.0,-0.14181186542621546,-0.06419786568340727,355.0
1.0,0.0,-0.14181186542621546,-0.06419786568340727,354.0
1.0,0.0,-0.14181186542621546,-0.06419786568340727,353.0
1.0,0.0,0.7762032137439681,-0.3056434457847422,352.0
1.0,0.0,0.7762032137439681,-0.3056434457847422,351.0
1.0,0.0,0.7762032137439681,-0.3056434457847422,350.0
1.0,0.0,0.7762032137439681,-0.3056434457847422,349.0
1.0,0.0,-0.3254148812602521,-0.3056434457847422,348.0
1.0,0.0,-0.3254148812602521,-0.3056434457847422,347.0
1.0,0.0,-0.3254148812602521,-0.3056434457847422,346.0
1.0,0.0,-0.3254148812602521,-0.3056434457847422,345.0
1.0,0.0,-0.3254148812602521,-0.3056434457847422,344.0
1.0,0.0,-0.3254148812602521,-0.3056434457847422,343.0
1.0,0.0,-0.8762239287623622,0.4186932945192615,342.0
1.0,0.0,-0.8762239287623622,0.4186932945192615,341.0
1.0,0.0,-0.8762239287623622,0.4186932945192615,340.0
1.0,0.0,-0.8762239287623622,0.4186932945192615,339.0
1.0,0.0,-0.8762239287623622,0.4186932945192615,338.0
1.0,0.0,-0.8762239287623622,0.4186932945192615,337.0
1.0,0.0,-0.8762239287623622,0.4186932945192615,336.0
1.0,0.0,-0.8762239287623622,0.4186932945192615,335.0
1.0,0.0,-0.8762239287623622,0.4186932945192615,334.0
1.0,0.0,-0.8762239287623622,0.4186932945192615,333.0
1.0,0.0,-0.8762239287623622,0.4186932945192615,332.0
1.0,0.0,-0.14181186542621546,0.6601388746205964,331.0
1.0,0.0,-0.14181186542621546,0.6601388746205964,330.0
1.0,0.0,-0.14181186542621546,0.6601388746205964,329.0
1.0,0.0,-0.14181186542621546,0.6601388746205964,328.0
1.0,0.0,-0.14181186542621546,0.6601388746205964,327.0
1.0,0.0,0.9598062295780048,0.17724771441792656,326.0
1.0,0.0,0.9598062295780048,0.17724771441792656,325.0
1.0,1.0,-0.6008194050113072,1.8673667751272696,324.0
1.0,1.0,-0.6008194050113072,1.8673667751272696,323.0
1.0,1.0,-0.6008194050113072,1.8673667751272696,322.0
1.0,0.0,-2.1614450396006197,-2.9615448268994236,321.0
1.0,0.0,-2.1614450396006197,-2.9615448268994236,320.0
1.0,0.0,-2.1614450396006197,-2.9615448268994236,319.0
1.0,0.0,-2.1614450396006197,-2.9615448268994236,318.0
1.0,0.0,0.7762032137439681,1.6259211950259351,317.0
1.0,0.0,0.7762032137439681,1.6259211950259351,316.0
1.0,0.0,0.7762032137439681,1.6259211950259351,315.0
1.0,0.0,0.7762032137439681,1.6259211950259351,314.0
1.0,0.0,0.7762032137439681,1.6259211950259351,313.0
1.0,0.0,0.7762032137439681,1.6259211950259351,312.0
1.0,0.0,0.7762032137439681,1.6259211950259351,311.0
1.0,0.0,0.225394166241858,-1.9957625064940856,310.0
1.0,0.0,0.225394166241858,-1.9957625064940856,309.0
1.0,0.0,0.225394166241858,-1.9957625064940856,308.0
1.0,0.0,0.225394166241858,-1.9957625064940856,307.0
1.0,0.0,0.225394166241858,-1.9957625064940856,306.0
1.0,0.0,-0.14181186542621546,-0.788534605987412,305.0
1.0,0.0,-0.14181186542621546,-0.788534605987412,304.0
1.0,0.0,-0.14181186542621546,-0.788534605987412,303.0
1.0,0.0,-0.14181186542621546,-0.788534605987412,302.0
1.0,0.0,-0.14181186542621546,-0.788534605987412,301.0
1.0,0.0,-1.6106359920985092,0.4186932945192615,300.0
1.0,0.0,-1.6106359920985092,0.4186932945192615,299.0
1.0,0.0,-1.6106359920985092,0.4186932945192615,298.0
1.0,1.0,0.225394166241858,-0.06419786568340727,297.0
1.0,1.0,0.225394166241858,-0.06419786568340727,296.0
1.0,1.0,0.225394166241858,-0.06419786568340727,295.0
1.0,0.0,-0.9680254366793806,-0.5470890258860771,294.0
1.0,0.0,-0.9680254366793806,-0.5470890258860771,293.0
1.0,0.0,-0.3254148812602521,-0.3056434457847422,292.0
1.0,0.0,-0.3254148812602521,-0.3056434457847422,291.0
1.0,0.0,-0.3254148812602521,-0.3056434457847422,290.0
1.0,0.0,-0.3254148812602521,-0.3056434457847422,289.0
1.0,0.0,-0.3254148812602521,-0.3056434457847422,288.0
1.0,0.0,-0.3254148812602521,-0.3056434457847422,287.0
1.0,0.0,1.1434092454120417,1.1430300348232665,286.0
1.0,0.0,1.1434092454120417,1.1430300348232665,285.0
1.0,0.0,1.1434092454120417,1.1430300348232665,284.0
1.0,0.0,1.1434092454120417,1.1430300348232665,283.0
1.0,0.0,1.1434092454120417,1.1430300348232665,282.0
1.0,0.0,1.1434092454120417,1.1430300348232665,281.0
1.0,0.0,1.1434092454120417,1.1430300348232665,280.0
1.0,0.0,1.1434092454120417,1.1430300348232665,279.0
1.0,0.0,1.1434092454120417,1.1430300348232665,278.0
1.0,1.0,-0.6926209129283255,-1.5128713462914156,277.0
1.0,1.0,-0.6926209129283255,-1.5128713462914156,276.0
1.0,1.0,-0.6926209129283255,-1.5128713462914156,275.0
1.0,1.0,0.1335926583248396,-1.029980186088747,274.0
1.0,1.0,0.1335926583248396,-1.029980186088747,273.0
1.0,1.0,-2.1614450396006197,-0.06419786568340727,272.0
1.0,1.0,-2.1614450396006197,-0.06419786568340727,271.0
1.0,1.0,-2.1614450396006197,-0.06419786568340727,270.0
1.0,1.0,-2.1614450396006197,-0.06419786568340727,269.0
1.0,1.0,-2.1614450396006197,-0.06419786568340727,268.0
1.0,1.0,-2.1614450396006197,-0.06419786568340727,267.0
1.0,1.0,-2.1614450396006197,-0.06419786568340727,266.0
1.0,1.0,-2.1614450396006197,-0.06419786568340727,265.0
1.0,1.0,-2.1614450396006197,-0.06419786568340727,264.0
1.0,0.0,-0.6926209129283255,-1.7543169263927505,263.0
1.0,0.0,-0.6926209129283255,-1.7543169263927505,262.0
1.0,0.0,-0.6926209129283255,-1.7543169263927505,261.0
1.0,0.0,-0.6926209129283255,-1.7543169263927505,260.0
1.0,0.0,-0.6926209129283255,-1.7543169263927505,259.0
1.0,0.0,-0.6926209129283255,-1.7543169263927505,258.0
1.0,0.0,-0.6926209129283255,-1.7543169263927505,257.0
1.0,0.0,-0.6926209129283255,-1.7543169263927505,256.0
1.0,0.0,-0.6926209129283255,-1.7543169263927505,255.0
1.0,0.0,-0.6926209129283255,-1.7543169263927505,254.0
1.0,0.0,-0.7844224208453439,0.17724771441792656,253.0
1.0,0.0,-0.7844224208453439,0.17724771441792656,252.0
1.0,0.0,-0.7844224208453439,0.17724771441792656,251.0
1.0,0.0,-0.8762239287623622,0.17724771441792656,250.0
1.0,0.0,-0.8762239287623622,0.17724771441792656,249.0
1.0,0.0,-0.8762239287623622,0.17724771441792656,248.0
1.0,0.0,-0.8762239287623622,0.17724771441792656,247.0
1.0,0.0,-0.8762239287623622,0.17724771441792656,246.0
1.0,0.0,-0.8762239287623622,0.17724771441792656,245.0
1.0,1.0,-1.6106359920985092,-0.3056434457847422,244.0
1.0,1.0,-1.6106359920985092,-0.3056434457847422,243.0
1.0,1.0,-1.6106359920985092,-0.3056434457847422,242.0
1.0,1.0,-1.6106359920985092,-0.3056434457847422,241.0
1.0,1.0,-1.6106359920985092,-0.3056434457847422,240.0
1.0,1.0,-1.6106359920985092,-0.3056434457847422,239.0
1.0,1.0,-1.6106359920985092,-0.3056434457847422,238.0
1.0,1.0,-1.5188344841814907,-1.2714257661900807,237.0
1.0,1.0,-1.5188344841814907,-1.2714257661900807,236.0
1.0,1.0,-1.5188344841814907,-1.2714257661900807,235.0
1.0,1.0,-1.5188344841814907,-1.2714257661900807,234.0
1.0,0.0,-1.5188344841814907,-0.06419786568340727,233.0
1.0,0.0,-1.5188344841814907,-0.06419786568340727,232.0
1.0,0.0,-1.5188344841814907,-0.06419786568340727,231.0
1.0,1.0,-1.3719520715142612,-0.3056434457847422,230.0
1.0,1.0,-1.3719520715142612,-0.3056434457847422,229.0
1.0,1.0,-1.3719520715142612,-0.3056434457847422,228.0
1.0,1.0,-1.3719520715142612,-0.3056434457847422,227.0
1.0,1.0,-1.3719520715142612,-0.3056434457847422,226.0
1.0,1.0,-1.3719520715142612,-0.3056434457847422,225.0
1.0,1.0,-1.6106359920985092,-1.2714257661900807,224.0
1.0,1.0,-1.6106359920985092,-1.2714257661900807,223.0
1.0,1.0,-1.6106359920985092,-1.2714257661900807,222.0
1.0,0.0,0.041791150407821255,-0.5470890258860771,221.0
1.0,0.0,0.041791150407821255,-0.5470890258860771,220.0
1.0,0.0,0.041791150407821255,-0.5470890258860771,219.0
1.0,0.0,0.041791150407821255,-0.5470890258860771,218.0
1.0,0.0,0.041791150407821255,-0.5470890258860771,217.0
1.0,0.0,0.041791150407821255,-0.5470890258860771,216.0
1.0,0.0,1.1434092454120417,0.17724771441792656,215.0
1.0,0.0,1.1434092454120417,0.17724771441792656,214.0
1.0,0.0,1.1434092454120417,0.17724771441792656,213.0
1.0,0.0,1.1434092454120417,0.17724771441792656,212.0
1.0,0.0,1.1434092454120417,0.17724771441792656,211.0
1.0,0.0,1.1434092454120417,0.17724771441792656,210.0
1.0,0.0,1.1434092454120417,0.17724771441792656,209.0
1.0,0.0,1.1434092454120417,0.17724771441792656,208.0
1.0,0.0,-0.6926209129283255,-1.7543169263927505,207.0
1.0,0.0,-0.6926209129283255,-1.7543169263927505,206.0
1.0,1.0,1.1434092454120417,0.4186932945192615,205.0
1.0,1.0,1.1434092454120417,0.4186932945192615,204.0
1.0,0.0,-0.8762239287623622,0.17724771441792656,203.0
1.0,0.0,-0.8762239287623622,0.17724771441792656,202.0
1.0,0.0,-0.8762239287623622,0.17724771441792656,201.0
1.0,0.0,-1.4270329762644725,-0.3056434457847422,200.0
1.0,0.0,-1.4270329762644725,-0.3056434457847422,199.0
1.0,0.0,-1.4270329762644725,-0.3056434457847422,198.0
1.0,0.0,-1.4270329762644725,-0.3056434457847422,197.0
1.0,0.0,1.6942182929141516,-0.5470890258860771,196.0
1.0,0.0,1.6942182929141516,-0.5470890258860771,195.0
1.0,0.0,1.6942182929141516,-0.5470890258860771,194.0
1.0,0.0,1.5106152770801151,-1.5128713462914156,193.0
1.0,0.0,1.5106152770801151,-1.5128713462914156,192.0
1.0,0.0,1.5106152770801151,-1.5128713462914156,191.0
1.0,0.0,1.5106152770801151,-1.5128713462914156,190.0
1.0,0.0,1.5106152770801151,-1.5128713462914156,189.0
1.0,0.0,-1.2434299604304355,0.17724771441792656,188.0
1.0,0.0,-1.2434299604304355,0.17724771441792656,187.0
1.0,0.0,-1.2434299604304355,0.17724771441792656,186.0
1.0,0.0,-1.2434299604304355,0.17724771441792656,185.0
1.0,0.0,-1.2434299604304355,0.17724771441792656,184.0
1.0,0.0,-1.2434299604304355,0.17724771441792656,183.0
1.0,0.0,0.5926001979099313,-0.06419786568340727,182.0
1.0,0.0,0.5926001979099313,-0.06419786568340727,181.0
1.0,0.0,0.5926001979099313,-0.06419786568340727,180.0
1.0,0.0,0.5926001979099313,-0.06419786568340727,179.0
1.0,0.0,0.5926001979099313,-0.06419786568340727,178.0
1.0,0.0,0.5926001979099313,-0.06419786568340727,177.0
1.0,0.0,0.5926001979099313,-0.06419786568340727,176.0
1.0,0.0,0.5926001979099313,-0.06419786568340727,175.0
1.0,0.0,0.5926001979099313,-0.06419786568340727,174.0
1.0,0.0,-0.6926209129283255,-0.5470890258860771,173.0
1.0,0.0,-0.6926209129283255,-0.5470890258860771,172.0
1.0,0.0,-0.6926209129283255,-0.5470890258860771,171.0
1.0,1.0,-1.4270329762644725,-1.7543169263927505,170.0
1.0,1.0,-1.4270329762644725,-1.7543169263927505,169.0
1.0,0.0,-3.0794601187708026,-0.3056434457847422,168.0
1.0,0.0,-3.0794601187708026,-0.3056434457847422,167.0
1.0,0.0,-3.0794601187708026,-0.3056434457847422,166.0
1.0,1.0,-2.712254087102729,-1.2714257661900807,165.0
1.0,1.0,-2.712254087102729,-1.2714257661900807,164.0
1.0,1.0,-2.712254087102729,-1.2714257661900807,163.0
1.0,0.0,0.7762032137439681,-1.029980186088747,162.0
1.0,0.0,1.8778213087481883,-1.029980186088747,161.0
1.0,0.0,1.8778213087481883,-1.029980186088747,160.0
1.0,0.0,1.8778213087481883,-1.029980186088747,159.0
1.0,0.0,1.8778213087481883,-1.029980186088747,158.0
1.0,0.0,1.8778213087481883,-1.029980186088747,157.0
1.0,0.0,1.8778213087481883,-1.029980186088747,156.0
1.0,0.0,0.5926001979099313,-0.3056434457847422,155.0
1.0,0.0,0.5926001979099313,-0.3056434457847422,154.0
1.0,1.0,-1.2434299604304355,-1.9957625064940856,153.0
1.0,1.0,-0.8762239287623622,0.17724771441792656,152.0
1.0,1.0,-0.8762239287623622,0.17724771441792656,151.0
1.0,1.0,-0.3254148812602521,-0.5470890258860771,150.0
1.0,1.0,-0.3254148812602521,-0.5470890258860771,149.0
1.0,1.0,-0.3254148812602521,-0.5470890258860771,148.0
1.0,0.0,0.225394166241858,-0.3056434457847422,147.0
1.0,0.0,0.225394166241858,-0.3056434457847422,146.0
1.0,0.0,0.225394166241858,-0.3056434457847422,145.0
1.0,0.0,-1.059826944596399,-0.788534605987412,144.0
1.0,1.0,-0.8762239287623622,0.4186932945192615,143.0
1.0,1.0,0.5926001979099313,-0.3056434457847422,142.0
1.0,1.0,0.5926001979099313,-0.3056434457847422,141.0
1.0,1.0,0.5926001979099313,-0.3056434457847422,140.0
1.0,0.0,1.5106152770801151,0.9015844547219312,139.0
1.0,0.0,1.5106152770801151,0.9015844547219312,138.0
1.0,0.0,1.5106152770801151,0.9015844547219312,137.0
1.0,0.0,1.5106152770801151,0.9015844547219312,136.0
1.0,0.0,-0.8762239287623622,1.1430300348232665,135.0
1.0,0.0,-0.8762239287623622,1.1430300348232665,134.0
1.0,0.0,-0.8762239287623622,1.1430300348232665,133.0
1.0,1.0,-1.6106359920985092,-0.788534605987412,132.0
1.0,1.0,0.4089971820758945,1.8673667751272696,131.0
1.0,1.0,0.4089971820758945,1.8673667751272696,130.0
1.0,1.0,0.4089971820758945,1.8673667751272696,129.0
1.0,0.0,-0.14181186542621546,-0.5470890258860771,128.0
1.0,0.0,-0.14181186542621546,-0.5470890258860771,127.0
1.0,0.0,-2.583731976018904,0.9015844547219312,126.0
1.0,1.0,-0.3254148812602521,0.17724771441792656,125.0
1.0,1.0,-0.3254148812602521,0.17724771441792656,124.0
1.0,1.0,-0.3254148812602521,0.17724771441792656,123.0
1.0,1.0,-0.3254148812602521,0.17724771441792656,122.0
1.0,1.0,-0.3254148812602521,0.17724771441792656,121.0
1.0,1.0,-0.3254148812602521,0.17724771441792656,120.0
1.0,0.0,-1.794239007932546,-1.029980186088747,119.0
1.0,0.0,-1.794239007932546,-1.029980186088747,118.0
1.0,0.0,1.2352107533290595,1.3844756149246,117.0
1.0,0.0,1.2352107533290595,1.3844756149246,116.0
1.0,0.0,1.2352107533290595,1.3844756149246,115.0
1.0,0.0,-1.6106359920985092,0.17724771441792656,114.0
1.0,0.0,-1.6106359920985092,0.17724771441792656,113.0
1.0,0.0,-1.6106359920985092,0.17724771441792656,112.0
1.0,1.0,-1.1516284525134173,-0.5470890258860771,111.0
1.0,1.0,-1.1516284525134173,-0.5470890258860771,110.0
1.0,1.0,-1.1516284525134173,-0.5470890258860771,109.0
1.0,1.0,-1.1516284525134173,-0.5470890258860771,108.0
1.0,1.0,-1.1516284525134173,-0.5470890258860771,107.0
1.0,1.0,-1.1516284525134173,-0.5470890258860771,106.0
1.0,0.0,-1.5188344841814907,-0.5470890258860771,105.0
1.0,0.0,-1.5188344841814907,-0.5470890258860771,104.0
1.0,0.0,-1.5188344841814907,-0.5470890258860771,103.0
1.0,0.0,-2.345048055434656,-0.3056434457847422,102.0
1.0,0.0,-2.345048055434656,-0.3056434457847422,101.0
1.0,1.0,0.7762032137439681,0.9015844547219312,100.0
1.0,1.0,0.7762032137439681,0.9015844547219312,99.0
1.0,1.0,0.7762032137439681,0.9015844547219312,98.0
1.0,1.0,0.7762032137439681,0.9015844547219312,97.0
1.0,1.0,-2.345048055434656,-0.788534605987412,96.0
1.0,1.0,-2.345048055434656,-0.788534605987412,95.0
1.0,1.0,-2.345048055434656,-0.788534605987412,94.0
1.0,1.0,0.225394166241858,-0.06419786568340727,93.0
1.0,1.0,0.225394166241858,-0.06419786568340727,92.0
1.0,1.0,0.225394166241858,-0.06419786568340727,91.0
1.0,1.0,-0.14181186542621546,-0.06419786568340727,90.0
1.0,1.0,-0.14181186542621546,-0.06419786568340727,89.0
1.0,1.0,-0.14181186542621546,-0.06419786568340727,88.0
1.0,0.0,0.9598062295780048,1.3844756149246,87.0
1.0,0.0,0.9598062295780048,1.3844756149246,86.0
1.0,0.0,0.9598062295780048,1.3844756149246,85.0
1.0,0.0,0.9598062295780048,1.3844756149246,84.0
1.0,1.0,-1.7024375000155274,-0.5470890258860771,83.0
1.0,1.0,-1.7024375000155274,-0.5470890258860771,82.0
1.0,0.0,0.5007986899929129,-1.7543169263927505,81.0
1.0,0.0,0.5007986899929129,-1.7543169263927505,80.0
1.0,0.0,-1.4270329762644725,-1.7543169263927505,79.0
1.0,1.0,-0.14181186542621546,0.6601388746205964,78.0
1.0,1.0,-0.14181186542621546,0.6601388746205964,77.0
1.0,0.0,-0.14181186542621546,0.6601388746205964,76.0
1.0,0.0,-0.14181186542621546,0.6601388746205964,75.0
1.0,0.0,-2.1614450396006197,-0.5470890258860771,74.0
1.0,1.0,-0.3254148812602521,0.4186932945192615,73.0
1.0,0.0,0.5926001979099313,-1.5128713462914156,72.0
1.0,0.0,0.5926001979099313,-1.5128713462914156,71.0
1.0,0.0,0.5926001979099313,-1.5128713462914156,70.0
1.0,0.0,0.5926001979099313,-1.5128713462914156,69.0
1.0,1.0,0.041791150407821255,-0.788534605987412,68.0
1.0,1.0,-1.059826944596399,0.6601388746205964,67.0
1.0,1.0,-1.059826944596399,0.6601388746205964,66.0
1.0,1.0,-1.059826944596399,0.6601388746205964,65.0
1.0,1.0,-1.059826944596399,0.6601388746205964,64.0
1.0,0.0,0.4089971820758945,-0.5470890258860771,63.0
1.0,0.0,0.4089971820758945,-0.5470890258860771,62.0
1.0,0.0,0.4089971820758945,-0.5470890258860771,61.0
1.0,1.0,0.225394166241858,1.1430300348232665,60.0
1.0,1.0,0.225394166241858,1.1430300348232665,59.0
1.0,1.0,0.225394166241858,1.1430300348232665,58.0
1.0,1.0,0.225394166241858,1.1430300348232665,57.0
1.0,1.0,0.225394166241858,1.1430300348232665,56.0
1.0,1.0,0.225394166241858,1.1430300348232665,55.0
1.0,1.0,0.225394166241858,1.1430300348232665,54.0
1.0,0.0,0.5926001979099313,-1.029980186088747,53.0
1.0,0.0,0.5926001979099313,-0.3056434457847422,52.0
1.0,1.0,-0.8762239287623622,0.6601388746205964,51.0
1.0,1.0,-1.335231468347454,-1.5128713462914156,50.0
1.0,0.0,0.041791150407821255,-2.9615448268994236,49.0
1.0,0.0,0.041791150407821255,-2.9615448268994236,48.0
1.0,0.0,0.041791150407821255,-2.9615448268994236,47.0
1.0,0.0,0.041791150407821255,-2.9615448268994236,46.0
1.0,1.0,0.4089971820758945,-0.3056434457847422,45.0
1.0,0.0,-0.5090178970942889,-1.7543169263927505,44.0
1.0,0.0,-0.5090178970942889,-1.7543169263927505,43.0
1.0,1.0,-2.712254087102729,-0.06419786568340727,42.0
1.0,0.0,-0.8762239287623622,-0.788534605987412,41.0
1.0,0.0,0.041791150407821255,-0.06419786568340727,40.0
1.0,0.0,0.5926001979099313,0.4186932945192615,39.0
1.0,0.0,0.5926001979099313,0.4186932945192615,38.0
1.0,0.0,-0.6926209129283255,-0.5470890258860771,37.0
1.0,1.0,-1.059826944596399,-0.3056434457847422,36.0
1.0,1.0,-2.069643531683601,-1.7543169263927505,35.0
1.0,1.0,-2.069643531683601,-1.7543169263927505,34.0
1.0,0.0,-0.14181186542621546,-1.2714257661900807,33.0
1.0,0.0,-0.14181186542621546,-1.2714257661900807,32.0
1.0,0.0,-0.5090178970942889,-1.5128713462914156,31.0
1.0,0.0,-0.5090178970942889,-1.5128713462914156,30.0
1.0,0.0,-3.0794601187708026,-0.5470890258860771,29.0
1.0,0.0,-3.0794601187708026,-0.5470890258860771,28.0
1.0,1.0,0.225394166241858,0.4186932945192615,27.0
1.0,1.0,0.225394166241858,0.4186932945192615,26.0
1.0,1.0,0.225394166241858,0.4186932945192615,25.0
1.0,1.0,-1.6106359920985092,-1.7543169263927505,24.0
1.0,0.0,0.4089971820758945,1.8673667751272696,23.0
1.0,0.0,0.4089971820758945,-0.788534605987412,22.0
1.0,0.0,0.4089971820758945,-1.5128713462914156,21.0
1.0,0.0,-1.6106359920985092,-1.9957625064940856,20.0
1.0,1.0,0.5926001979099313,0.17724771441792656,19.0
1.0,0.0,2.0614243245822252,-0.3056434457847422,18.0
1.0,0.0,0.225394166241858,-1.029980186088747,17.0
1.0,0.0,-1.9778420237665824,-0.3056434457847422,16.0
1.0,1.0,-2.345048055434656,-1.5128713462914156,15.0
1.0,0.0,1.6942182929141516,0.17724771441792656,14.0
1.0,0.0,0.7762032137439681,1.3844756149246,13.0
1.0,0.0,-3.446666150438877,0.17724771441792656,12.0
1.0,0.0,-2.712254087102729,-0.06419786568340727,11.0
1.0,0.0,-1.4270329762644725,0.17724771441792656,10.0
1.0,0.0,-1.5555550873482982,-1.9957625064940856,9.0
1.0,1.0,-0.3254148812602521,0.4186932945192615,8.0
1.0,1.0,-1.059826944596399,0.6601388746205964,7.0
1.0,1.0,-2.345048055434656,0.9015844547219312,6.0
1.0,0.0,-0.3254148812602521,-0.5470890258860771,5.0
1.0,1.0,-0.7477018176785358,-1.029980186088747,4.0
1.0,1.0,-1.2434299604304355,0.4186932945192615,3.0
1.0,0.0,1.5106152770801151,0.4186932945192615,2.0
1.0,1.0,-2.895857102936766,-0.788534605987412,1.0
