1.0,0.0,0.3748069653443032,1.8512337899737783,1565.0
1.0,0.0,0.3748069653443032,0.6400184123817944,1564.0
1.0,0.0,2.0599053839655728,0.8822614879001913,1563.0
1.0,0.0,2.0599053839655728,0.6400184123817944,1562.0
1.0,0.0,0.000340650095132172,1.3667476389369844,1561.0
1.0,0.0,-0.3741256651540388,-0.5711969652101896,1560.0
1.0,0.0,0.7492732805934742,1.8512337899737783,1559.0
1.0,0.0,0.18757380771971768,1.1245045634185884,1558.0
1.0,0.0,0.18757380771971768,1.1245045634185884,1557.0
1.0,0.0,0.9365064382180596,1.3667476389369844,1556.0
1.0,0.0,1.6854390687164018,1.3667476389369844,1555.0
1.0,0.0,0.9365064382180596,1.6089907144553812,1554.0
1.0,0.0,0.000340650095132172,1.1245045634185884,1553.0
1.0,0.0,-1.497524610901552,1.1245045634185884,1552.0
1.0,0.0,-1.497524610901552,1.1245045634185884,1551.0
1.0,0.0,0.9365064382180596,-2.0246554183205707,1550.0
1.0,0.0,0.9365064382180596,-2.0246554183205707,1549.0
1.0,0.0,2.0599053839655728,0.3977753368633973,1548.0
1.0,0.0,1.1237395958426453,0.8822614879001913,1547.0
1.0,0.0,-0.3741256651540388,-1.0556831162469835,1546.0
1.0,0.0,0.3748069653443032,1.1245045634185884,1545.0
1.0,0.0,0.3748069653443032,1.1245045634185884,1544.0
1.0,0.0,0.3748069653443032,0.8822614879001913,1543.0
1.0,0.0,0.09395722890742493,1.1245045634185884,1542.0
1.0,0.0,0.09395722890742493,1.1245045634185884,1541.0
1.0,0.0,0.09395722890742493,1.1245045634185884,1540.0
1.0,0.0,0.7492732805934742,0.8822614879001913,1539.0
1.0,0.0,0.3748069653443032,-0.3289538896917926,1538.0
1.0,0.0,0.3748069653443032,-0.3289538896917926,1537.0
1.0,0.0,0.3748069653443032,-0.8134400407285867,1536.0
1.0,0.0,0.9365064382180596,0.8822614879001913,1535.0
1.0,0.0,-0.18689250752945333,-1.2979261917653797,1534.0
1.0,0.0,1.3109727534672306,0.8822614879001913,1533.0
1.0,0.0,-0.5613588227786244,1.6089907144553812,1532.0
1.0,0.0,-0.5613588227786244,0.6400184123817944,1531.0
1.0,0.0,-0.5613588227786244,1.6089907144553812,1530.0
1.0,0.0,1.6854390687164018,1.6089907144553812,1529.0
1.0,0.0,0.5620401229688887,-0.0867108141733956,1528.0
1.0,0.0,0.5620401229688887,-0.0867108141733956,1527.0
1.0,0.0,2.0599053839655728,-1.0556831162469835,1526.0
1.0,0.0,0.7492732805934742,0.3977753368633973,1525.0
1.0,0.0,1.8726722263409872,-0.0867108141733956,1524.0
1.0,0.0,-0.18689250752945333,1.3667476389369844,1523.0
1.0,0.0,-0.18689250752945333,1.3667476389369844,1522.0
1.0,0.0,0.000340650095132172,0.15553226134500034,1521.0
1.0,0.0,0.9365064382180596,0.3977753368633973,1520.0
1.0,0.0,0.9365064382180596,0.3977753368633973,1519.0
1.0,0.0,0.9365064382180596,0.3977753368633973,1518.0
1.0,0.0,0.9365064382180596,0.3977753368633973,1517.0
1.0,0.0,0.9365064382180596,0.3977753368633973,1516.0
1.0,0.0,0.5620401229688887,0.3977753368633973,1515.0
1.0,0.0,0.3748069653443032,1.3667476389369844,1514.0
1.0,0.0,0.3748069653443032,1.3667476389369844,1513.0
1.0,0.0,0.3748069653443032,1.3667476389369844,1512.0
1.0,0.0,0.3748069653443032,0.6400184123817944,1511.0
1.0,0.0,0.3748069653443032,0.6400184123817944,1510.0
1.0,0.0,-0.7485919804032098,1.1245045634185884,1509.0
1.0,0.0,-1.497524610901552,-0.0867108141733956,1508.0
1.0,0.0,0.7492732805934742,0.8822614879001913,1507.0
1.0,0.0,0.3748069653443032,0.3977753368633973,1506.0
1.0,0.0,0.7492732805934742,0.8822614879001913,1505.0
1.0,0.0,0.7492732805934742,0.8822614879001913,1504.0
1.0,0.0,1.3109727534672306,0.3977753368633973,1503.0
1.0,0.0,1.3109727534672306,0.3977753368633973,1502.0
1.0,0.0,-0.18689250752945333,-0.0867108141733956,1501.0
1.0,0.0,0.9365064382180596,-1.2979261917653797,1500.0
1.0,0.0,0.9365064382180596,-1.2979261917653797,1499.0
1.0,0.0,0.9365064382180596,-1.2979261917653797,1498.0
1.0,0.0,-1.497524610901552,0.15553226134500034,1497.0
1.0,0.0,-1.497524610901552,0.15553226134500034,1496.0
1.0,0.0,-1.497524610901552,0.15553226134500034,1495.0
1.0,0.0,-1.497524610901552,0.15553226134500034,1494.0
1.0,0.0,0.18757380771971768,0.3977753368633973,1493.0
1.0,0.0,0.18757380771971768,0.3977753368633973,1492.0
1.0,0.0,0.18757380771971768,0.3977753368633973,1491.0
1.0,0.0,0.9365064382180596,-1.5401692672837766,1490.0
1.0,0.0,0.9365064382180596,-1.5401692672837766,1489.0
1.0,0.0,1.8726722263409872,1.8512337899737783,1488.0
1.0,0.0,1.8726722263409872,1.8512337899737783,1487.0
1.0,0.0,1.8726722263409872,1.8512337899737783,1486.0
1.0,0.0,1.8726722263409872,1.8512337899737783,1485.0
1.0,0.0,0.5620401229688887,-1.2979261917653797,1484.0
1.0,0.0,-0.3741256651540388,-0.0867108141733956,1483.0
1.0,0.0,-0.3741256651540388,-0.0867108141733956,1482.0
1.0,0.0,1.3109727534672306,-0.8134400407285867,1481.0
1.0,0.0,1.3109727534672306,-0.8134400407285867,1480.0
1.0,0.0,1.3109727534672306,-0.8134400407285867,1479.0
1.0,0.0,-0.9358251380277952,-0.3289538896917926,1478.0
1.0,0.0,-0.9358251380277952,-0.3289538896917926,1477.0
1.0,0.0,-0.9358251380277952,-0.3289538896917926,1476.0
1.0,0.0,-0.9358251380277952,-0.3289538896917926,1475.0
1.0,0.0,0.5620401229688887,0.6400184123817944,1474.0
1.0,0.0,0.5620401229688887,-1.0556831162469835,1473.0
1.0,0.0,0.5620401229688887,-1.0556831162469835,1472.0
1.0,0.0,0.5620401229688887,-1.0556831162469835,1471.0
1.0,0.0,0.5620401229688887,-1.0556831162469835,1470.0
1.0,0.0,0.18757380771971768,1.6089907144553812,1469.0
1.0,0.0,0.18757380771971768,1.6089907144553812,1468.0
1.0,0.0,0.18757380771971768,1.6089907144553812,1467.0
1.0,0.0,0.18757380771971768,1.6089907144553812,1466.0
1.0,0.0,-1.497524610901552,1.1245045634185884,1465.0
1.0,0.0,0.9365064382180596,-2.0246554183205707,1464.0
1.0,0.0,-1.497524610901552,-1.2979261917653797,1463.0
1.0,0.0,0.9365064382180596,-2.0246554183205707,1462.0
1.0,0.0,0.9365064382180596,-2.0246554183205707,1461.0
1.0,0.0,0.7492732805934742,1.6089907144553812,1460.0
1.0,0.0,0.7492732805934742,1.6089907144553812,1459.0
1.0,0.0,-0.18689250752945333,-0.5711969652101896,1458.0
1.0,0.0,1.4982059110918162,-0.3289538896917926,1457.0
1.0,0.0,-0.7485919804032098,1.6089907144553812,1456.0
1.0,0.0,-0.7485919804032098,1.6089907144553812,1455.0
1.0,0.0,-0.5613588227786244,0.8822614879001913,1454.0
1.0,0.0,1.1237395958426453,1.3667476389369844,1453.0
1.0,0.0,0.7492732805934742,-0.3289538896917926,1452.0
1.0,0.0,0.7492732805934742,-1.2979261917653797,1451.0
1.0,0.0,0.7492732805934742,-1.2979261917653797,1450.0
1.0,0.0,0.7492732805934742,-1.2979261917653797,1449.0
1.0,0.0,0.7492732805934742,-1.2979261917653797,1448.0
1.0,0.0,0.7492732805934742,-1.2979261917653797,1447.0
1.0,0.0,0.3748069653443032,0.6400184123817944,1446.0
1.0,0.0,0.3748069653443032,0.6400184123817944,1445.0
1.0,0.0,0.3748069653443032,0.6400184123817944,1444.0
1.0,0.0,0.3748069653443032,0.6400184123817944,1443.0
1.0,0.0,0.5620401229688887,1.6089907144553812,1442.0
1.0,0.0,0.9365064382180596,1.8512337899737783,1441.0
1.0,0.0,0.9365064382180596,1.8512337899737783,1440.0
1.0,0.0,-0.3741256651540388,-1.5401692672837766,1439.0
1.0,0.0,-0.3741256651540388,-1.5401692672837766,1438.0
1.0,0.0,-0.3741256651540388,-1.5401692672837766,1437.0
1.0,0.0,0.18757380771971768,-0.3289538896917926,1436.0
1.0,0.0,0.18757380771971768,-0.3289538896917926,1435.0
1.0,0.0,0.18757380771971768,-0.3289538896917926,1434.0
1.0,0.0,-0.18689250752945333,0.3977753368633973,1433.0
1.0,0.0,-0.18689250752945333,0.3977753368633973,1432.0
1.0,0.0,-0.18689250752945333,0.3977753368633973,1431.0
1.0,0.0,2.0599053839655728,0.3977753368633973,1430.0
1.0,0.0,2.0599053839655728,0.3977753368633973,1429.0
1.0,0.0,2.0599053839655728,0.3977753368633973,1428.0
1.0,0.0,2.0599053839655728,1.3667476389369844,1427.0
1.0,0.0,-0.18689250752945333,-0.8134400407285867,1426.0
1.0,0.0,-0.18689250752945333,-0.8134400407285867,1425.0
1.0,0.0,-0.18689250752945333,-0.8134400407285867,1424.0
1.0,0.0,-0.18689250752945333,0.6400184123817944,1423.0
1.0,0.0,0.18757380771971768,0.8822614879001913,1422.0
1.0,0.0,0.18757380771971768,0.8822614879001913,1421.0
1.0,0.0,1.4982059110918162,1.8512337899737783,1420.0
1.0,0.0,1.4982059110918162,1.8512337899737783,1419.0
1.0,0.0,0.3748069653443032,-0.3289538896917926,1418.0
1.0,0.0,0.3748069653443032,-0.3289538896917926,1417.0
1.0,0.0,0.3748069653443032,-0.3289538896917926,1416.0
1.0,0.0,0.3748069653443032,-0.3289538896917926,1415.0
1.0,0.0,1.3109727534672306,0.8822614879001913,1414.0
1.0,0.0,1.3109727534672306,0.8822614879001913,1413.0
1.0,0.0,1.3109727534672306,0.8822614879001913,1412.0
1.0,0.0,1.6854390687164018,0.15553226134500034,1411.0
1.0,0.0,0.000340650095132172,0.6400184123817944,1410.0
1.0,0.0,0.000340650095132172,0.6400184123817944,1409.0
1.0,0.0,0.000340650095132172,0.6400184123817944,1408.0
1.0,0.0,0.000340650095132172,0.6400184123817944,1407.0
1.0,0.0,0.000340650095132172,0.6400184123817944,1406.0
1.0,0.0,0.000340650095132172,0.6400184123817944,1405.0
1.0,0.0,0.000340650095132172,0.6400184123817944,1404.0
1.0,0.0,-0.18689250752945333,-0.8134400407285867,1403.0
1.0,0.0,0.000340650095132172,-0.8134400407285867,1402.0
1.0,0.0,0.000340650095132172,-0.8134400407285867,1401.0
1.0,0.0,0.000340650095132172,-0.8134400407285867,1400.0
1.0,0.0,0.18757380771971768,1.1245045634185884,1399.0
1.0,0.0,0.18757380771971768,1.1245045634185884,1398.0
1.0,0.0,0.18757380771971768,1.1245045634185884,1397.0
1.0,0.0,0.3748069653443032,0.15553226134500034,1396.0
1.0,0.0,0.3748069653443032,0.15553226134500034,1395.0
1.0,0.0,0.3748069653443032,0.15553226134500034,1394.0
1.0,0.0,0.3748069653443032,0.15553226134500034,1393.0
1.0,0.0,0.3748069653443032,0.15553226134500034,1392.0
1.0,0.0,0.3748069653443032,0.15553226134500034,1391.0
1.0,0.0,0.5620401229688887,0.8822614879001913,1390.0
1.0,0.0,1.3109727534672306,-0.8134400407285867,1389.0
1.0,0.0,1.3109727534672306,-0.8134400407285867,1388.0
1.0,0.0,1.3109727534672306,-0.8134400407285867,1387.0
1.0,0.0,1.3109727534672306,-0.8134400407285867,1386.0
1.0,0.0,-0.7485919804032098,0.6400184123817944,1385.0
1.0,0.0,-0.804761927690585,0.6400184123817944,1384.0
1.0,0.0,-0.7485919804032098,0.6400184123817944,1383.0
1.0,0.0,-0.7485919804032098,0.6400184123817944,1382.0
1.0,0.0,0.7492732805934742,0.3977753368633973,1381.0
1.0,0.0,0.7492732805934742,0.3977753368633973,1380.0
1.0,0.0,0.7492732805934742,0.3977753368633973,1379.0
1.0,0.0,0.7492732805934742,0.3977753368633973,1378.0
1.0,0.0,0.5620401229688887,-2.0246554183205707,1377.0
1.0,0.0,0.5620401229688887,-2.0246554183205707,1376.0
1.0,0.0,0.5620401229688887,-2.0246554183205707,1375.0
1.0,0.0,0.18757380771971768,1.3667476389369844,1374.0
1.0,0.0,0.18757380771971768,1.3667476389369844,1373.0
1.0,0.0,0.18757380771971768,1.3667476389369844,1372.0
1.0,0.0,0.18757380771971768,1.3667476389369844,1371.0
1.0,0.0,0.18757380771971768,1.3667476389369844,1370.0
1.0,0.0,0.18757380771971768,1.3667476389369844,1369.0
1.0,0.0,2.0599053839655728,0.6400184123817944,1368.0
1.0,0.0,2.0599053839655728,0.6400184123817944,1367.0
1.0,0.0,2.0599053839655728,0.6400184123817944,1366.0
1.0,0.0,-1.4039080320892592,-1.0556831162469835,1365.0
1.0,0.0,2.0599053839655728,0.6400184123817944,1364.0
1.0,0.0,-1.9281608734380984,-2.5091415693573635,1363.0
1.0,0.0,1.6854390687164018,1.1245045634185884,1362.0
1.0,0.0,1.6854390687164018,1.1245045634185884,1361.0
1.0,0.0,0.7492732805934742,0.8822614879001913,1360.0
1.0,0.0,0.7492732805934742,0.8822614879001913,1359.0
1.0,0.0,0.7492732805934742,0.8822614879001913,1358.0
1.0,0.0,0.7492732805934742,0.8822614879001913,1357.0
1.0,0.0,0.7492732805934742,0.8822614879001913,1356.0
1.0,0.0,0.7492732805934742,0.8822614879001913,1355.0
1.0,0.0,0.7492732805934742,0.8822614879001913,1354.0
1.0,0.0,0.5620401229688887,0.6400184123817944,1353.0
1.0,0.0,0.5620401229688887,0.6400184123817944,1352.0
1.0,0.0,0.5620401229688887,0.6400184123817944,1351.0
1.0,0.0,0.5620401229688887,0.6400184123817944,1350.0
1.0,0.0,0.5620401229688887,0.6400184123817944,1349.0
1.0,0.0,0.5620401229688887,0.6400184123817944,1348.0
1.0,0.0,0.5620401229688887,0.6400184123817944,1347.0
1.0,0.0,0.7492732805934742,-1.0556831162469835,1346.0
1.0,0.0,-1.3102914532769665,0.15553226134500034,1345.0
1.0,0.0,-1.3102914532769665,0.15553226134500034,1344.0
1.0,0.0,0.000340650095132172,-1.0556831162469835,1343.0
1.0,0.0,0.000340650095132172,-1.0556831162469835,1342.0
1.0,0.0,-1.123058295652381,-0.5711969652101896,1341.0
1.0,0.0,-1.123058295652381,-0.5711969652101896,1340.0
1.0,0.0,-1.123058295652381,-0.5711969652101896,1339.0
1.0,0.0,-1.123058295652381,-0.5711969652101896,1338.0
1.0,0.0,-0.2805090863417461,-1.2979261917653797,1337.0
1.0,0.0,0.000340650095132172,0.8822614879001913,1336.0
1.0,0.0,0.000340650095132172,0.8822614879001913,1335.0
1.0,0.0,0.000340650095132172,0.8822614879001913,1334.0
1.0,0.0,-2.2464572413998942,0.6400184123817944,1333.0
1.0,0.0,-2.2464572413998942,0.6400184123817944,1332.0
1.0,0.0,-2.2464572413998942,0.6400184123817944,1331.0
1.0,0.0,-2.2464572413998942,0.6400184123817944,1330.0
1.0,0.0,-0.5613588227786244,0.6400184123817944,1329.0
1.0,0.0,-0.5613588227786244,0.6400184123817944,1328.0
1.0,1.0,-2.8081567142736503,-2.0246554183205707,1327.0
1.0,0.0,-0.5613588227786244,0.6400184123817944,1326.0
1.0,0.0,-0.5613588227786244,0.6400184123817944,1325.0
1.0,0.0,-0.5613588227786244,0.6400184123817944,1324.0
1.0,0.0,0.9365064382180596,0.6400184123817944,1323.0
1.0,0.0,0.9365064382180596,0.6400184123817944,1322.0
1.0,0.0,0.9365064382180596,0.6400184123817944,1321.0
1.0,0.0,0.9365064382180596,0.6400184123817944,1320.0
1.0,0.0,0.9365064382180596,0.6400184123817944,1319.0
1.0,0.0,-0.3741256651540388,0.3977753368633973,1318.0
1.0,0.0,-0.3741256651540388,0.3977753368633973,1317.0
1.0,0.0,-0.3741256651540388,0.3977753368633973,1316.0
1.0,0.0,1.3109727534672306,0.3977753368633973,1315.0
1.0,0.0,1.3109727534672306,0.3977753368633973,1314.0
1.0,0.0,1.3109727534672306,0.3977753368633973,1313.0
1.0,0.0,1.3109727534672306,0.3977753368633973,1312.0
1.0,0.0,1.3109727534672306,0.3977753368633973,1311.0
1.0,0.0,-1.123058295652381,-1.0556831162469835,1310.0
1.0,0.0,0.000340650095132172,-0.5711969652101896,1309.0
1.0,0.0,-1.123058295652381,-1.0556831162469835,1308.0
1.0,0.0,-1.123058295652381,-1.0556831162469835,1307.0
1.0,0.0,-1.123058295652381,-1.0556831162469835,1306.0
1.0,0.0,-0.5613588227786244,-0.0867108141733956,1305.0
1.0,0.0,-0.5613588227786244,-0.0867108141733956,1304.0
1.0,0.0,1.6854390687164018,0.6400184123817944,1303.0
1.0,0.0,1.6854390687164018,0.6400184123817944,1302.0
1.0,0.0,1.3109727534672306,0.6400184123817944,1301.0
1.0,0.0,1.3109727534672306,0.6400184123817944,1300.0
1.0,0.0,1.3109727534672306,0.6400184123817944,1299.0
1.0,0.0,1.3109727534672306,0.6400184123817944,1298.0
1.0,0.0,1.3109727534672306,0.6400184123817944,1297.0
1.0,0.0,1.3109727534672306,0.3977753368633973,1296.0
1.0,0.0,1.3109727534672306,0.3977753368633973,1295.0
1.0,0.0,1.3109727534672306,0.3977753368633973,1294.0
1.0,0.0,1.3109727534672306,0.3977753368633973,1293.0
1.0,0.0,1.3109727534672306,0.3977753368633973,1292.0
1.0,0.0,1.3109727534672306,0.3977753368633973,1291.0
1.0,0.0,0.000340650095132172,-0.5711969652101896,1290.0
1.0,0.0,1.3109727534672306,0.3977753368633973,1289.0
1.0,0.0,1.1237395958426453,0.6400184123817944,1288.0
1.0,0.0,1.1237395958426453,0.6400184123817944,1287.0
1.0,0.0,0.7492732805934742,-0.0867108141733956,1286.0
1.0,0.0,0.7492732805934742,-0.0867108141733956,1285.0
1.0,0.0,0.7492732805934742,-0.0867108141733956,1284.0
1.0,0.0,1.3109727534672306,-0.0867108141733956,1283.0
1.0,0.0,-0.3741256651540388,0.3977753368633973,1282.0
1.0,0.0,-0.3741256651540388,0.3977753368633973,1281.0
1.0,0.0,-0.3741256651540388,0.3977753368633973,1280.0
1.0,0.0,-0.3741256651540388,0.3977753368633973,1279.0
1.0,0.0,-0.5613588227786244,-0.8134400407285867,1278.0
1.0,0.0,-0.5613588227786244,-0.8134400407285867,1277.0
1.0,0.0,0.3748069653443032,0.3977753368633973,1276.0
1.0,0.0,0.3748069653443032,0.3977753368633973,1275.0
1.0,0.0,0.3748069653443032,0.3977753368633973,1274.0
1.0,0.0,0.3748069653443032,0.3977753368633973,1273.0
1.0,0.0,1.3109727534672306,0.3977753368633973,1272.0
1.0,0.0,-1.497524610901552,0.6400184123817944,1271.0
1.0,0.0,-1.497524610901552,0.6400184123817944,1270.0
1.0,0.0,-1.497524610901552,0.6400184123817944,1269.0
1.0,0.0,-1.497524610901552,0.6400184123817944,1268.0
1.0,0.0,-1.497524610901552,0.6400184123817944,1267.0
1.0,0.0,-1.497524610901552,0.6400184123817944,1266.0
1.0,0.0,-1.497524610901552,0.6400184123817944,1265.0
1.0,0.0,0.7492732805934742,0.15553226134500034,1264.0
1.0,0.0,1.1237395958426453,0.3977753368633973,1263.0
1.0,0.0,1.1237395958426453,0.3977753368633973,1262.0
1.0,0.0,1.1237395958426453,0.3977753368633973,1261.0
1.0,0.0,1.1237395958426453,0.3977753368633973,1260.0
1.0,0.0,1.1237395958426453,0.3977753368633973,1259.0
1.0,0.0,-0.9358251380277952,0.6400184123817944,1258.0
1.0,0.0,-0.9358251380277952,0.6400184123817944,1257.0
1.0,0.0,-0.9358251380277952,0.6400184123817944,1256.0
1.0,0.0,-0.9358251380277952,0.6400184123817944,1255.0
1.0,1.0,-3.182623029522821,-1.2979261917653797,1254.0
1.0,0.0,-0.9358251380277952,0.6400184123817944,1253.0
1.0,0.0,-0.9358251380277952,0.6400184123817944,1252.0
1.0,0.0,0.9365064382180596,-0.0867108141733956,1251.0
1.0,0.0,0.9365064382180596,-0.0867108141733956,1250.0
1.0,0.0,-0.6549754015909172,-0.8134400407285867,1249.0
1.0,0.0,-0.6549754015909172,-0.8134400407285867,1248.0
1.0,0.0,-0.6549754015909172,-0.8134400407285867,1247.0
1.0,0.0,-0.6549754015909172,-0.8134400407285867,1246.0
1.0,0.0,-0.6549754015909172,-0.8134400407285867,1245.0
1.0,0.0,-0.6549754015909172,-0.8134400407285867,1244.0
1.0,0.0,-0.6549754015909172,-0.8134400407285867,1243.0
1.0,0.0,-0.6549754015909172,-0.8134400407285867,1242.0
1.0,0.0,-0.6549754015909172,-0.8134400407285867,1241.0
1.0,0.0,1.4982059110918162,1.8512337899737783,1240.0
1.0,0.0,1.4982059110918162,1.8512337899737783,1239.0
1.0,0.0,0.5620401229688887,-1.2979261917653797,1238.0
1.0,0.0,0.5620401229688887,-1.2979261917653797,1237.0
1.0,0.0,0.5620401229688887,-1.2979261917653797,1236.0
1.0,0.0,-0.18689250752945333,-0.8134400407285867,1235.0
1.0,0.0,0.5620401229688887,-1.2979261917653797,1234.0
1.0,0.0,0.000340650095132172,0.8822614879001913,1233.0
1.0,0.0,0.000340650095132172,0.8822614879001913,1232.0
1.0,0.0,1.6854390687164018,0.6400184123817944,1231.0
1.0,0.0,1.6854390687164018,0.6400184123817944,1230.0
1.0,0.0,1.6854390687164018,0.6400184123817944,1229.0
1.0,0.0,1.6854390687164018,0.6400184123817944,1228.0
1.0,0.0,0.000340650095132172,-2.0246554183205707,1227.0
1.0,0.0,0.000340650095132172,-2.0246554183205707,1226.0
1.0,0.0,0.000340650095132172,-2.0246554183205707,1225.0
1.0,0.0,0.000340650095132172,-2.0246554183205707,1224.0
1.0,0.0,-1.497524610901552,-1.2979261917653797,1223.0
1.0,0.0,-1.497524610901552,-1.2979261917653797,1222.0
1.0,0.0,-1.497524610901552,-1.2979261917653797,1221.0
1.0,0.0,-1.497524610901552,-1.2979261917653797,1220.0
1.0,0.0,-1.497524610901552,-1.2979261917653797,1219.0
1.0,0.0,-1.497524610901552,-1.2979261917653797,1218.0
1.0,0.0,0.18757380771971768,-0.8134400407285867,1217.0
1.0,0.0,-1.497524610901552,-1.2979261917653797,1216.0
1.0,0.0,-1.497524610901552,-1.2979261917653797,1215.0
1.0,0.0,-1.497524610901552,-1.2979261917653797,1214.0
1.0,0.0,-1.497524610901552,-1.2979261917653797,1213.0
1.0,0.0,0.000340650095132172,0.8822614879001913,1212.0
1.0,0.0,0.000340650095132172,0.8822614879001913,1211.0
1.0,0.0,0.000340650095132172,0.8822614879001913,1210.0
1.0,0.0,0.000340650095132172,0.8822614879001913,1209.0
1.0,0.0,0.000340650095132172,0.8822614879001913,1208.0
1.0,0.0,0.000340650095132172,0.8822614879001913,1207.0
1.0,0.0,0.000340650095132172,0.8822614879001913,1206.0
1.0,0.0,0.000340650095132172,0.8822614879001913,1205.0
1.0,0.0,0.000340650095132172,0.8822614879001913,1204.0
1.0,0.0,0.000340650095132172,0.8822614879001913,1203.0
1.0,0.0,0.000340650095132172,0.8822614879001913,1202.0
1.0,0.0,1.3109727534672306,-0.5711969652101896,1201.0
1.0,0.0,1.3109727534672306,-0.5711969652101896,1200.0
1.0,0.0,0.18757380771971768,-0.8134400407285867,1199.0
1.0,0.0,1.3109727534672306,-0.5711969652101896,1198.0
1.0,0.0,1.3109727534672306,-0.5711969652101896,1197.0
1.0,0.0,0.000340650095132172,0.3977753368633973,1196.0
1.0,0.0,0.000340650095132172,0.3977753368633973,1195.0
1.0,0.0,0.000340650095132172,0.3977753368633973,1194.0
1.0,0.0,-0.5613588227786244,0.6400184123817944,1193.0
1.0,0.0,-0.5613588227786244,0.6400184123817944,1192.0
1.0,0.0,-0.5613588227786244,0.6400184123817944,1191.0
1.0,0.0,-0.5613588227786244,0.6400184123817944,1190.0
1.0,0.0,-0.5613588227786244,0.6400184123817944,1189.0
1.0,0.0,-0.5613588227786244,0.6400184123817944,1188.0
1.0,0.0,-0.5613588227786244,0.6400184123817944,1187.0
1.0,0.0,0.5620401229688887,1.6089907144553812,1186.0
1.0,0.0,0.5620401229688887,1.6089907144553812,1185.0
1.0,0.0,0.5620401229688887,1.6089907144553812,1184.0
1.0,0.0,-1.77837434733843,0.3977753368633973,1183.0
1.0,0.0,-1.77837434733843,0.3977753368633973,1182.0
1.0,0.0,-0.5613588227786244,-2.5091415693573635,1181.0
1.0,0.0,-1.77837434733843,0.3977753368633973,1180.0
1.0,0.0,-1.77837434733843,0.3977753368633973,1179.0
1.0,0.0,-1.77837434733843,0.3977753368633973,1178.0
1.0,0.0,-1.77837434733843,0.3977753368633973,1177.0
1.0,0.0,-1.77837434733843,0.3977753368633973,1176.0
1.0,0.0,-1.77837434733843,0.3977753368633973,1175.0
1.0,0.0,0.18757380771971768,0.3977753368633973,1174.0
1.0,0.0,0.18757380771971768,0.3977753368633973,1173.0
1.0,0.0,0.18757380771971768,0.3977753368633973,1172.0
1.0,0.0,0.18757380771971768,0.3977753368633973,1171.0
1.0,0.0,0.18757380771971768,0.3977753368633973,1170.0
1.0,0.0,0.18757380771971768,0.3977753368633973,1169.0
1.0,0.0,1.8726722263409872,1.1245045634185884,1168.0
1.0,0.0,1.8726722263409872,1.1245045634185884,1167.0
1.0,0.0,1.8726722263409872,1.1245045634185884,1166.0
1.0,0.0,1.8726722263409872,1.1245045634185884,1165.0
1.0,0.0,0.9365064382180596,0.8822614879001913,1164.0
1.0,0.0,1.8726722263409872,1.1245045634185884,1163.0
1.0,0.0,1.8726722263409872,1.1245045634185884,1162.0
1.0,0.0,1.8726722263409872,1.1245045634185884,1161.0
1.0,0.0,1.8726722263409872,1.1245045634185884,1160.0
1.0,0.0,1.8726722263409872,1.1245045634185884,1159.0
1.0,0.0,1.8726722263409872,1.1245045634185884,1158.0
1.0,0.0,-0.18689250752945333,-0.3289538896917926,1157.0
1.0,0.0,-0.18689250752945333,-0.3289538896917926,1156.0
1.0,0.0,-0.18689250752945333,-0.3289538896917926,1155.0
1.0,0.0,-0.18689250752945333,-0.3289538896917926,1154.0
1.0,0.0,0.9365064382180596,0.8822614879001913,1153.0
1.0,0.0,0.9365064382180596,0.8822614879001913,1152.0
1.0,0.0,0.9365064382180596,0.8822614879001913,1151.0
1.0,0.0,0.9365064382180596,0.8822614879001913,1150.0
1.0,0.0,0.9365064382180596,0.8822614879001913,1149.0
1.0,0.0,0.9365064382180596,0.8822614879001913,1148.0
1.0,0.0,0.9365064382180596,0.8822614879001913,1147.0
1.0,0.0,-0.9358251380277952,0.6400184123817944,1146.0
1.0,0.0,0.9365064382180596,0.8822614879001913,1145.0
1.0,0.0,0.9365064382180596,0.8822614879001913,1144.0
1.0,0.0,-1.77837434733843,1.3667476389369844,1143.0
1.0,0.0,-1.77837434733843,1.3667476389369844,1142.0
1.0,0.0,-1.77837434733843,1.3667476389369844,1141.0
1.0,0.0,-1.77837434733843,1.3667476389369844,1140.0
1.0,0.0,-1.77837434733843,1.3667476389369844,1139.0
1.0,0.0,-1.77837434733843,1.3667476389369844,1138.0
1.0,0.0,-0.18689250752945333,-0.5711969652101896,1137.0
1.0,0.0,-0.18689250752945333,-0.5711969652101896,1136.0
1.0,0.0,-0.18689250752945333,-0.5711969652101896,1135.0
1.0,0.0,-0.18689250752945333,-0.5711969652101896,1134.0
1.0,0.0,1.1237395958426453,0.6400184123817944,1133.0
1.0,0.0,1.1237395958426453,0.6400184123817944,1132.0
1.0,0.0,1.1237395958426453,0.6400184123817944,1131.0
1.0,0.0,1.1237395958426453,0.6400184123817944,1130.0
1.0,0.0,1.1237395958426453,0.6400184123817944,1129.0
1.0,0.0,-0.9358251380277952,0.6400184123817944,1128.0
1.0,0.0,0.3748069653443032,1.1245045634185884,1127.0
1.0,0.0,0.3748069653443032,1.1245045634185884,1126.0
1.0,0.0,0.3748069653443032,1.1245045634185884,1125.0
1.0,0.0,0.3748069653443032,1.1245045634185884,1124.0
1.0,0.0,0.3748069653443032,1.1245045634185884,1123.0
1.0,0.0,0.3748069653443032,1.1245045634185884,1122.0
1.0,0.0,0.3748069653443032,1.1245045634185884,1121.0
1.0,0.0,0.3748069653443032,1.1245045634185884,1120.0
1.0,0.0,0.3748069653443032,-0.5711969652101896,1119.0
1.0,0.0,0.3748069653443032,-0.5711969652101896,1118.0
1.0,0.0,0.3748069653443032,-0.5711969652101896,1117.0
1.0,0.0,0.3748069653443032,-0.5711969652101896,1116.0
1.0,0.0,-2.0592240837753084,0.6400184123817944,1115.0
1.0,0.0,-2.0592240837753084,0.6400184123817944,1114.0
1.0,0.0,-2.0592240837753084,0.6400184123817944,1113.0
1.0,0.0,-2.0592240837753084,0.6400184123817944,1112.0
1.0,0.0,-2.0592240837753084,0.6400184123817944,1111.0
1.0,0.0,-0.3741256651540388,-1.5401692672837766,1110.0
1.0,0.0,-2.0592240837753084,0.6400184123817944,1109.0
1.0,0.0,-2.0592240837753084,0.6400184123817944,1108.0
1.0,0.0,-1.3102914532769665,-0.0867108141733956,1107.0
1.0,0.0,-1.3102914532769665,-0.0867108141733956,1106.0
1.0,0.0,-1.3102914532769665,-0.0867108141733956,1105.0
1.0,0.0,-1.3102914532769665,-0.0867108141733956,1104.0
1.0,0.0,-1.3102914532769665,-0.0867108141733956,1103.0
1.0,0.0,-1.3102914532769665,-0.0867108141733956,1102.0
1.0,0.0,0.5620401229688887,-0.3289538896917926,1101.0
1.0,0.0,0.5620401229688887,-0.3289538896917926,1100.0
1.0,0.0,0.5620401229688887,-0.3289538896917926,1099.0
1.0,0.0,0.5620401229688887,-0.3289538896917926,1098.0
1.0,0.0,0.5620401229688887,-0.3289538896917926,1097.0
1.0,0.0,0.5620401229688887,-0.3289538896917926,1096.0
1.0,0.0,-0.18689250752945333,0.6400184123817944,1095.0
1.0,0.0,-0.18689250752945333,0.6400184123817944,1094.0
1.0,0.0,-1.0294417168400882,0.3977753368633973,1093.0
1.0,0.0,-0.18689250752945333,0.6400184123817944,1092.0
1.0,0.0,-0.18689250752945333,0.6400184123817944,1091.0
1.0,0.0,-0.18689250752945333,0.6400184123817944,1090.0
1.0,0.0,-0.18689250752945333,0.6400184123817944,1089.0
1.0,0.0,-0.9358251380277952,-0.8134400407285867,1088.0
1.0,0.0,-0.9358251380277952,-0.8134400407285867,1087.0
1.0,0.0,-0.9358251380277952,-0.8134400407285867,1086.0
1.0,0.0,-0.9358251380277952,-0.8134400407285867,1085.0
1.0,0.0,0.000340650095132172,-0.0867108141733956,1084.0
1.0,0.0,0.000340650095132172,-0.0867108141733956,1083.0
1.0,0.0,0.000340650095132172,-0.0867108141733956,1082.0
1.0,0.0,0.000340650095132172,-0.0867108141733956,1081.0
1.0,0.0,0.000340650095132172,-0.0867108141733956,1080.0
1.0,0.0,0.000340650095132172,-0.0867108141733956,1079.0
1.0,0.0,0.000340650095132172,-0.0867108141733956,1078.0
1.0,0.0,0.000340650095132172,-0.0867108141733956,1077.0
1.0,0.0,0.000340650095132172,-0.0867108141733956,1076.0
1.0,0.0,-1.8158209788633468,-0.3289538896917926,1075.0
1.0,0.0,0.7492732805934742,-0.0867108141733956,1074.0
1.0,0.0,0.7492732805934742,-0.0867108141733956,1073.0
1.0,0.0,0.7492732805934742,-0.0867108141733956,1072.0
1.0,0.0,0.7492732805934742,-0.0867108141733956,1071.0
1.0,0.0,0.7492732805934742,-0.0867108141733956,1070.0
1.0,0.0,1.1237395958426453,-0.5711969652101896,1069.0
1.0,0.0,1.1237395958426453,-0.5711969652101896,1068.0
1.0,0.0,1.1237395958426453,-0.5711969652101896,1067.0
1.0,0.0,1.1237395958426453,-0.5711969652101896,1066.0
1.0,0.0,1.1237395958426453,-0.5711969652101896,1065.0
1.0,0.0,1.1237395958426453,-0.5711969652101896,1064.0
1.0,0.0,1.1237395958426453,-0.5711969652101896,1063.0
1.0,0.0,0.9365064382180596,0.3977753368633973,1062.0
1.0,0.0,0.9365064382180596,0.3977753368633973,1061.0
1.0,0.0,0.9365064382180596,0.3977753368633973,1060.0
1.0,0.0,0.9365064382180596,0.3977753368633973,1059.0
1.0,0.0,0.9365064382180596,0.3977753368633973,1058.0
1.0,0.0,-0.18689250752945333,0.3977753368633973,1057.0
1.0,0.0,0.9365064382180596,0.3977753368633973,1056.0
1.0,0.0,0.9365064382180596,0.3977753368633973,1055.0
1.0,0.0,0.18757380771971768,0.6400184123817944,1054.0
1.0,0.0,0.18757380771971768,0.6400184123817944,1053.0
1.0,0.0,0.18757380771971768,0.6400184123817944,1052.0
1.0,0.0,0.18757380771971768,0.6400184123817944,1051.0
1.0,0.0,0.18757380771971768,0.6400184123817944,1050.0
1.0,0.0,0.18757380771971768,0.6400184123817944,1049.0
1.0,0.0,0.18757380771971768,0.6400184123817944,1048.0
1.0,0.0,0.18757380771971768,0.6400184123817944,1047.0
1.0,0.0,1.8726722263409872,1.6089907144553812,1046.0
1.0,0.0,1.8726722263409872,1.6089907144553812,1045.0
1.0,0.0,1.8726722263409872,1.6089907144553812,1044.0
1.0,0.0,1.8726722263409872,1.6089907144553812,1043.0
1.0,0.0,1.8726722263409872,1.6089907144553812,1042.0
1.0,0.0,1.8726722263409872,1.6089907144553812,1041.0
1.0,0.0,0.18757380771971768,0.3977753368633973,1040.0
1.0,0.0,1.8726722263409872,1.6089907144553812,1039.0
1.0,0.0,1.8726722263409872,1.6089907144553812,1038.0
1.0,0.0,1.8726722263409872,0.8822614879001913,1037.0
1.0,0.0,1.8726722263409872,0.8822614879001913,1036.0
1.0,0.0,1.8726722263409872,0.8822614879001913,1035.0
1.0,0.0,1.8726722263409872,0.8822614879001913,1034.0
1.0,0.0,1.8726722263409872,0.8822614879001913,1033.0
1.0,0.0,1.8726722263409872,0.8822614879001913,1032.0
1.0,0.0,1.8726722263409872,0.8822614879001913,1031.0
1.0,0.0,1.8726722263409872,0.8822614879001913,1030.0
1.0,0.0,1.8726722263409872,0.8822614879001913,1029.0
1.0,0.0,1.8726722263409872,0.8822614879001913,1028.0
1.0,0.0,1.8726722263409872,0.8822614879001913,1027.0
1.0,0.0,1.8726722263409872,0.8822614879001913,1026.0
1.0,0.0,1.3109727534672306,1.3667476389369844,1025.0
1.0,0.0,1.3109727534672306,1.3667476389369844,1024.0
1.0,0.0,1.3109727534672306,1.3667476389369844,1023.0
1.0,0.0,0.18757380771971768,-1.0556831162469835,1022.0
1.0,0.0,1.3109727534672306,1.3667476389369844,1021.0
1.0,0.0,-1.123058295652381,-0.8134400407285867,1020.0
1.0,0.0,-1.123058295652381,-0.8134400407285867,1019.0
1.0,0.0,-1.123058295652381,-0.8134400407285867,1018.0
1.0,0.0,-1.123058295652381,-0.8134400407285867,1017.0
1.0,0.0,-1.123058295652381,-0.8134400407285867,1016.0
1.0,0.0,-1.123058295652381,-0.8134400407285867,1015.0
1.0,0.0,-1.497524610901552,0.6400184123817944,1014.0
1.0,0.0,-1.497524610901552,0.6400184123817944,1013.0
1.0,0.0,-1.497524610901552,0.6400184123817944,1012.0
1.0,0.0,-0.5613588227786244,0.8822614879001913,1011.0
1.0,0.0,-0.5613588227786244,0.8822614879001913,1010.0
1.0,0.0,-0.5613588227786244,0.8822614879001913,1009.0
1.0,0.0,-0.5613588227786244,0.8822614879001913,1008.0
1.0,0.0,-0.5613588227786244,0.8822614879001913,1007.0
1.0,0.0,-0.5613588227786244,0.8822614879001913,1006.0
1.0,0.0,0.5620401229688887,-1.2979261917653797,1005.0
1.0,0.0,0.000340650095132172,-1.0556831162469835,1004.0
1.0,0.0,0.000340650095132172,-1.0556831162469835,1003.0
1.0,0.0,0.000340650095132172,-1.0556831162469835,1002.0
1.0,0.0,0.000340650095132172,-1.0556831162469835,1001.0
1.0,0.0,0.000340650095132172,-1.0556831162469835,1000.0
1.0,0.0,0.000340650095132172,-1.0556831162469835,999.0
1.0,0.0,-0.3741256651540388,-0.3289538896917926,998.0
1.0,0.0,-0.3741256651540388,-0.3289538896917926,997.0
1.0,0.0,-0.3741256651540388,-0.3289538896917926,996.0
1.0,0.0,-0.3741256651540388,-0.3289538896917926,995.0
1.0,0.0,-0.3741256651540388,-0.3289538896917926,994.0
1.0,0.0,-0.3741256651540388,-0.3289538896917926,993.0
1.0,0.0,-0.3741256651540388,-0.3289538896917926,992.0
1.0,0.0,0.9365064382180596,0.6400184123817944,991.0
1.0,0.0,0.9365064382180596,0.6400184123817944,990.0
1.0,0.0,0.9365064382180596,0.6400184123817944,989.0
1.0,0.0,-0.6549754015909172,-1.0556831162469835,988.0
1.0,0.0,0.9365064382180596,0.6400184123817944,987.0
1.0,0.0,0.9365064382180596,0.6400184123817944,986.0
1.0,0.0,0.9365064382180596,0.6400184123817944,985.0
1.0,0.0,0.9365064382180596,0.6400184123817944,984.0
1.0,0.0,0.9365064382180596,0.6400184123817944,983.0
1.0,0.0,0.9365064382180596,0.6400184123817944,982.0
1.0,0.0,-1.4039080320892592,0.3977753368633973,981.0
1.0,0.0,-1.4039080320892592,0.3977753368633973,980.0
1.0,0.0,-1.4039080320892592,0.3977753368633973,979.0
1.0,0.0,-0.9358251380277952,-0.0867108141733956,978.0
1.0,0.0,-0.9358251380277952,-0.0867108141733956,977.0
1.0,0.0,-0.9358251380277952,-0.0867108141733956,976.0
1.0,0.0,-0.9358251380277952,-0.0867108141733956,975.0
1.0,0.0,-0.9358251380277952,-0.0867108141733956,974.0
1.0,0.0,-0.9358251380277952,-0.0867108141733956,973.0
1.0,0.0,0.5620401229688887,-0.0867108141733956,972.0
1.0,0.0,0.5620401229688887,-0.0867108141733956,971.0
1.0,0.0,-0.3741256651540388,0.8822614879001913,970.0
1.0,0.0,0.5620401229688887,-0.0867108141733956,969.0
1.0,0.0,0.5620401229688887,-0.0867108141733956,968.0
1.0,0.0,0.5620401229688887,-0.0867108141733956,967.0
1.0,0.0,0.5620401229688887,-0.0867108141733956,966.0
1.0,0.0,-1.0294417168400882,0.8822614879001913,965.0
1.0,0.0,-1.0294417168400882,0.8822614879001913,964.0
1.0,0.0,-1.0294417168400882,0.8822614879001913,963.0
1.0,0.0,-1.0294417168400882,0.8822614879001913,962.0
1.0,0.0,-0.7485919804032098,-1.0556831162469835,961.0
1.0,0.0,-0.7485919804032098,-1.0556831162469835,960.0
1.0,0.0,0.9365064382180596,0.15553226134500034,959.0
1.0,0.0,0.9365064382180596,0.15553226134500034,958.0
1.0,0.0,0.9365064382180596,0.15553226134500034,957.0
1.0,0.0,0.9365064382180596,0.15553226134500034,956.0
1.0,0.0,0.9365064382180596,0.15553226134500034,955.0
1.0,0.0,0.9365064382180596,0.15553226134500034,954.0
1.0,1.0,-1.3102914532769665,0.3977753368633973,953.0
1.0,0.0,0.9365064382180596,0.15553226134500034,952.0
1.0,0.0,0.9365064382180596,0.15553226134500034,951.0
1.0,0.0,0.9365064382180596,0.15553226134500034,950.0
1.0,0.0,0.9365064382180596,0.15553226134500034,949.0
1.0,0.0,0.9365064382180596,0.15553226134500034,948.0
1.0,0.0,0.9365064382180596,0.15553226134500034,947.0
1.0,0.0,0.9365064382180596,0.15553226134500034,946.0
1.0,0.0,-1.123058295652381,0.15553226134500034,945.0
1.0,0.0,-1.123058295652381,0.15553226134500034,944.0
1.0,0.0,-1.123058295652381,0.15553226134500034,943.0
1.0,0.0,-1.123058295652381,0.15553226134500034,942.0
1.0,0.0,-1.123058295652381,0.15553226134500034,941.0
1.0,0.0,-1.123058295652381,0.15553226134500034,940.0
1.0,0.0,-1.123058295652381,0.15553226134500034,939.0
1.0,0.0,0.5620401229688887,1.3667476389369844,938.0
1.0,0.0,0.5620401229688887,1.3667476389369844,937.0
1.0,0.0,0.18757380771971768,-0.0867108141733956,936.0
1.0,0.0,0.9365064382180596,-0.5711969652101896,935.0
1.0,0.0,0.18757380771971768,-0.0867108141733956,934.0
1.0,0.0,0.18757380771971768,-0.0867108141733956,933.0
1.0,0.0,0.18757380771971768,-0.0867108141733956,932.0
1.0,0.0,0.18757380771971768,-0.0867108141733956,931.0
1.0,0.0,2.0599053839655728,0.8822614879001913,930.0
1.0,0.0,2.0599053839655728,0.8822614879001913,929.0
1.0,0.0,2.0599053839655728,0.8822614879001913,928.0
1.0,0.0,2.0599053839655728,0.8822614879001913,927.0
1.0,0.0,-0.18689250752945333,-0.8134400407285867,926.0
1.0,0.0,-0.18689250752945333,-0.8134400407285867,925.0
1.0,0.0,-0.18689250752945333,-0.8134400407285867,924.0
1.0,0.0,-0.18689250752945333,-0.8134400407285867,923.0
1.0,0.0,-0.18689250752945333,-0.8134400407285867,922.0
1.0,0.0,-0.18689250752945333,-0.8134400407285867,921.0
1.0,0.0,0.5620401229688887,0.3977753368633973,920.0
1.0,0.0,0.5620401229688887,0.3977753368633973,919.0
1.0,1.0,-0.5613588227786244,-1.7824123428021736,918.0
1.0,0.0,0.5620401229688887,0.3977753368633973,917.0
1.0,0.0,0.5620401229688887,0.3977753368633973,916.0
1.0,0.0,0.5620401229688887,0.3977753368633973,915.0
1.0,0.0,-0.18689250752945333,-0.0867108141733956,914.0
1.0,0.0,-0.18689250752945333,-0.0867108141733956,913.0
1.0,0.0,-0.18689250752945333,-0.0867108141733956,912.0
1.0,0.0,-0.18689250752945333,-0.0867108141733956,911.0
1.0,0.0,-0.18689250752945333,-0.0867108141733956,910.0
1.0,0.0,1.3109727534672306,0.8822614879001913,909.0
1.0,0.0,1.3109727534672306,0.8822614879001913,908.0
1.0,0.0,1.3109727534672306,0.8822614879001913,907.0
1.0,0.0,1.3109727534672306,0.8822614879001913,906.0
1.0,0.0,1.3109727534672306,0.8822614879001913,905.0
1.0,0.0,1.3109727534672306,0.8822614879001913,904.0
1.0,0.0,-0.9358251380277952,-1.0556831162469835,903.0
1.0,0.0,-0.9358251380277952,-1.0556831162469835,902.0
1.0,1.0,-1.123058295652381,-1.5401692672837766,901.0
1.0,0.0,-0.9358251380277952,-1.0556831162469835,900.0
1.0,0.0,-0.9358251380277952,-1.0556831162469835,899.0
1.0,0.0,-0.9358251380277952,-1.0556831162469835,898.0
1.0,0.0,-0.9358251380277952,-1.0556831162469835,897.0
1.0,0.0,-0.9358251380277952,-1.0556831162469835,896.0
1.0,0.0,-0.9358251380277952,-1.0556831162469835,895.0
1.0,0.0,-0.9358251380277952,-1.0556831162469835,894.0
1.0,0.0,-0.3741256651540388,-0.0867108141733956,893.0
1.0,0.0,-0.3741256651540388,-0.0867108141733956,892.0
1.0,0.0,-0.3741256651540388,-0.0867108141733956,891.0
1.0,0.0,0.000340650095132172,-1.7824123428021736,890.0
1.0,0.0,0.000340650095132172,-1.7824123428021736,889.0
1.0,0.0,0.000340650095132172,-1.7824123428021736,888.0
1.0,0.0,0.000340650095132172,-1.7824123428021736,887.0
1.0,0.0,0.000340650095132172,-1.7824123428021736,886.0
1.0,0.0,0.9365064382180596,0.15553226134500034,885.0
1.0,0.0,0.9365064382180596,0.15553226134500034,884.0
1.0,1.0,-1.123058295652381,-1.5401692672837766,883.0
1.0,0.0,0.9365064382180596,0.15553226134500034,882.0
1.0,0.0,0.9365064382180596,0.15553226134500034,881.0
1.0,0.0,0.9365064382180596,0.15553226134500034,880.0
1.0,0.0,0.9365064382180596,0.15553226134500034,879.0
1.0,0.0,0.9365064382180596,0.15553226134500034,878.0
1.0,0.0,0.9365064382180596,0.15553226134500034,877.0
1.0,0.0,0.9365064382180596,0.15553226134500034,876.0
1.0,0.0,1.1237395958426453,1.1245045634185884,875.0
1.0,0.0,1.1237395958426453,1.1245045634185884,874.0
1.0,0.0,1.1237395958426453,1.1245045634185884,873.0
1.0,0.0,1.1237395958426453,1.1245045634185884,872.0
1.0,0.0,1.1237395958426453,1.1245045634185884,871.0
1.0,0.0,1.1237395958426453,1.1245045634185884,870.0
1.0,0.0,-0.8422085592155026,0.3977753368633973,869.0
1.0,0.0,-0.8422085592155026,0.3977753368633973,868.0
1.0,0.0,-0.8422085592155026,0.3977753368633973,867.0
1.0,0.0,-0.18689250752945333,0.3977753368633973,866.0
1.0,0.0,-0.18689250752945333,0.6400184123817944,865.0
1.0,0.0,-0.18689250752945333,0.6400184123817944,864.0
1.0,0.0,-0.18689250752945333,0.6400184123817944,863.0
1.0,0.0,0.5620401229688887,-1.5401692672837766,862.0
1.0,0.0,0.5620401229688887,-1.5401692672837766,861.0
1.0,0.0,0.5620401229688887,-1.5401692672837766,860.0
1.0,0.0,0.5620401229688887,-1.5401692672837766,859.0
1.0,0.0,0.5620401229688887,-1.5401692672837766,858.0
1.0,0.0,0.5620401229688887,-1.5401692672837766,857.0
1.0,0.0,0.5620401229688887,-1.5401692672837766,856.0
1.0,0.0,0.5620401229688887,-1.5401692672837766,855.0
1.0,0.0,0.18757380771971768,1.1245045634185884,854.0
1.0,0.0,0.18757380771971768,1.1245045634185884,853.0
1.0,0.0,0.3748069653443032,-0.3289538896917926,852.0
1.0,0.0,0.3748069653443032,-0.3289538896917926,851.0
1.0,0.0,0.3748069653443032,-0.3289538896917926,850.0
1.0,0.0,0.3748069653443032,-0.0867108141733956,849.0
1.0,0.0,0.3748069653443032,-0.3289538896917926,848.0
1.0,0.0,0.3748069653443032,-0.3289538896917926,847.0
1.0,0.0,0.3748069653443032,-0.3289538896917926,846.0
1.0,0.0,0.3748069653443032,-0.3289538896917926,845.0
1.0,0.0,0.3748069653443032,-0.3289538896917926,844.0
1.0,0.0,0.3748069653443032,-0.3289538896917926,843.0
1.0,0.0,0.18757380771971768,0.3977753368633973,842.0
1.0,0.0,0.18757380771971768,0.3977753368633973,841.0
1.0,0.0,0.18757380771971768,0.3977753368633973,840.0
1.0,0.0,0.18757380771971768,0.3977753368633973,839.0
1.0,0.0,0.18757380771971768,0.3977753368633973,838.0
1.0,0.0,0.18757380771971768,0.3977753368633973,837.0
1.0,0.0,-0.804761927690585,0.6400184123817944,836.0
1.0,0.0,-0.804761927690585,0.6400184123817944,835.0
1.0,0.0,-0.804761927690585,0.6400184123817944,834.0
1.0,0.0,0.7492732805934742,0.15553226134500034,833.0
1.0,0.0,0.3748069653443032,-0.0867108141733956,832.0
1.0,0.0,0.7492732805934742,0.15553226134500034,831.0
1.0,0.0,0.7492732805934742,0.15553226134500034,830.0
1.0,0.0,0.7492732805934742,0.15553226134500034,829.0
1.0,0.0,0.7492732805934742,0.15553226134500034,828.0
1.0,0.0,0.7492732805934742,0.15553226134500034,827.0
1.0,0.0,0.7492732805934742,0.15553226134500034,826.0
1.0,0.0,0.7492732805934742,0.15553226134500034,825.0
1.0,0.0,0.000340650095132172,1.3667476389369844,824.0
1.0,0.0,0.000340650095132172,1.3667476389369844,823.0
1.0,0.0,0.000340650095132172,1.3667476389369844,822.0
1.0,0.0,0.000340650095132172,1.3667476389369844,821.0
1.0,0.0,0.000340650095132172,1.3667476389369844,820.0
1.0,0.0,0.000340650095132172,1.3667476389369844,819.0
1.0,0.0,-0.18689250752945333,0.3977753368633973,818.0
1.0,0.0,-0.18689250752945333,0.3977753368633973,817.0
1.0,0.0,-0.18689250752945333,0.3977753368633973,816.0
1.0,0.0,-1.4039080320892592,-1.0556831162469835,815.0
1.0,0.0,0.5620401229688887,-0.3289538896917926,814.0
1.0,0.0,-1.4039080320892592,-1.0556831162469835,813.0
1.0,0.0,-1.4039080320892592,-1.0556831162469835,812.0
1.0,0.0,-1.4039080320892592,-1.0556831162469835,811.0
1.0,0.0,-1.4039080320892592,-1.0556831162469835,810.0
1.0,0.0,-0.5613588227786244,-0.5711969652101896,809.0
1.0,0.0,-0.5613588227786244,-0.5711969652101896,808.0
1.0,0.0,-0.5613588227786244,-0.5711969652101896,807.0
1.0,0.0,-0.5613588227786244,-0.5711969652101896,806.0
1.0,0.0,-0.5613588227786244,-0.5711969652101896,805.0
1.0,0.0,-0.5613588227786244,-0.5711969652101896,804.0
1.0,0.0,1.3109727534672306,-1.2979261917653797,803.0
1.0,0.0,1.3109727534672306,-1.2979261917653797,802.0
1.0,0.0,1.3109727534672306,-1.2979261917653797,801.0
1.0,0.0,1.3109727534672306,-1.2979261917653797,800.0
1.0,0.0,1.3109727534672306,-1.2979261917653797,799.0
1.0,0.0,1.1237395958426453,0.8822614879001913,798.0
1.0,0.0,0.5620401229688887,-0.3289538896917926,797.0
1.0,0.0,1.1237395958426453,0.8822614879001913,796.0
1.0,0.0,1.1237395958426453,0.8822614879001913,795.0
1.0,0.0,1.1237395958426453,0.8822614879001913,794.0
1.0,0.0,1.1237395958426453,0.8822614879001913,793.0
1.0,0.0,1.1237395958426453,0.8822614879001913,792.0
1.0,0.0,1.1237395958426453,0.8822614879001913,791.0
1.0,0.0,0.000340650095132172,1.1245045634185884,790.0
1.0,0.0,0.000340650095132172,1.1245045634185884,789.0
1.0,0.0,0.000340650095132172,1.1245045634185884,788.0
1.0,0.0,0.000340650095132172,1.1245045634185884,787.0
1.0,0.0,0.000340650095132172,1.1245045634185884,786.0
1.0,0.0,0.000340650095132172,1.1245045634185884,785.0
1.0,0.0,0.000340650095132172,1.1245045634185884,784.0
1.0,0.0,0.000340650095132172,1.1245045634185884,783.0
1.0,0.0,0.000340650095132172,1.1245045634185884,782.0
1.0,0.0,0.000340650095132172,1.1245045634185884,781.0
1.0,0.0,0.000340650095132172,1.1245045634185884,780.0
1.0,0.0,0.7492732805934742,-1.0556831162469835,779.0
1.0,0.0,0.7492732805934742,-1.0556831162469835,778.0
1.0,0.0,0.7492732805934742,-1.0556831162469835,777.0
1.0,0.0,0.7492732805934742,-1.0556831162469835,776.0
1.0,0.0,0.7492732805934742,-1.0556831162469835,775.0
1.0,0.0,0.7492732805934742,-1.0556831162469835,774.0
1.0,0.0,0.7492732805934742,-1.0556831162469835,773.0
1.0,0.0,0.7492732805934742,-1.0556831162469835,772.0
1.0,0.0,0.7492732805934742,-1.0556831162469835,771.0
1.0,0.0,0.3748069653443032,-1.2979261917653797,770.0
1.0,0.0,0.3748069653443032,-1.2979261917653797,769.0
1.0,0.0,0.3748069653443032,-1.2979261917653797,768.0
1.0,0.0,0.3748069653443032,-1.2979261917653797,767.0
1.0,0.0,-0.5613588227786244,0.3977753368633973,766.0
1.0,0.0,-0.5613588227786244,0.3977753368633973,765.0
1.0,0.0,-0.5613588227786244,0.3977753368633973,764.0
1.0,0.0,-0.4677422439663316,-0.3289538896917926,763.0
1.0,0.0,-0.5613588227786244,0.3977753368633973,762.0
1.0,0.0,-0.5613588227786244,0.3977753368633973,761.0
1.0,0.0,-0.5613588227786244,0.3977753368633973,760.0
1.0,0.0,-0.5613588227786244,0.3977753368633973,759.0
1.0,0.0,-0.5613588227786244,0.3977753368633973,758.0
1.0,0.0,0.9365064382180596,0.8822614879001913,757.0
1.0,0.0,0.9365064382180596,0.8822614879001913,756.0
1.0,0.0,0.9365064382180596,0.8822614879001913,755.0
1.0,0.0,0.9365064382180596,0.8822614879001913,754.0
1.0,0.0,0.9365064382180596,0.8822614879001913,753.0
1.0,0.0,0.9365064382180596,0.8822614879001913,752.0
1.0,0.0,0.9365064382180596,0.8822614879001913,751.0
1.0,0.0,-0.3741256651540388,0.6400184123817944,750.0
1.0,0.0,-0.3741256651540388,0.6400184123817944,749.0
1.0,0.0,-0.3741256651540388,0.6400184123817944,748.0
1.0,0.0,0.000340650095132172,-0.3289538896917926,747.0
1.0,1.0,0.000340650095132172,0.6400184123817944,746.0
1.0,0.0,0.000340650095132172,-0.3289538896917926,745.0
1.0,0.0,0.000340650095132172,-0.3289538896917926,744.0
1.0,0.0,0.000340650095132172,-0.3289538896917926,743.0
1.0,0.0,0.000340650095132172,-0.3289538896917926,742.0
1.0,0.0,0.000340650095132172,-0.3289538896917926,741.0
1.0,0.0,0.000340650095132172,-0.3289538896917926,740.0
1.0,0.0,-1.123058295652381,0.15553226134500034,739.0
1.0,0.0,-1.123058295652381,0.15553226134500034,738.0
1.0,0.0,-1.123058295652381,0.15553226134500034,737.0
1.0,0.0,-1.123058295652381,0.15553226134500034,736.0
1.0,0.0,-1.123058295652381,0.15553226134500034,735.0
1.0,0.0,-1.123058295652381,0.15553226134500034,734.0
1.0,0.0,-1.123058295652381,0.15553226134500034,733.0
1.0,0.0,-1.123058295652381,0.15553226134500034,732.0
1.0,0.0,-0.18689250752945333,0.8822614879001913,731.0
1.0,0.0,-0.18689250752945333,0.8822614879001913,730.0
1.0,1.0,0.000340650095132172,0.6400184123817944,729.0
1.0,0.0,-0.18689250752945333,0.8822614879001913,728.0
1.0,0.0,-0.18689250752945333,0.8822614879001913,727.0
1.0,0.0,-0.18689250752945333,0.8822614879001913,726.0
1.0,0.0,-0.18689250752945333,0.8822614879001913,725.0
1.0,0.0,-0.18689250752945333,0.8822614879001913,724.0
1.0,0.0,-0.18689250752945333,0.8822614879001913,723.0
1.0,0.0,-0.18689250752945333,0.8822614879001913,722.0
1.0,0.0,-0.5613588227786244,-0.0867108141733956,721.0
1.0,0.0,-0.5613588227786244,-0.0867108141733956,720.0
1.0,0.0,-0.5613588227786244,-0.0867108141733956,719.0
1.0,0.0,-0.5613588227786244,-0.0867108141733956,718.0
1.0,0.0,-0.7485919804032098,-1.5401692672837766,717.0
1.0,0.0,-0.7485919804032098,-1.5401692672837766,716.0
1.0,0.0,-0.7485919804032098,-1.5401692672837766,715.0
1.0,0.0,-0.7485919804032098,-1.5401692672837766,714.0
1.0,0.0,-0.7485919804032098,-1.5401692672837766,713.0
1.0,0.0,0.18757380771971768,-1.5401692672837766,712.0
1.0,0.0,-0.7485919804032098,-1.5401692672837766,711.0
1.0,0.0,0.5620401229688887,1.3667476389369844,710.0
1.0,0.0,0.5620401229688887,1.3667476389369844,709.0
1.0,0.0,0.5620401229688887,1.3667476389369844,708.0
1.0,0.0,0.5620401229688887,1.3667476389369844,707.0
1.0,0.0,0.5620401229688887,1.3667476389369844,706.0
1.0,0.0,0.5620401229688887,1.3667476389369844,705.0
1.0,0.0,2.0599053839655728,0.8822614879001913,704.0
1.0,0.0,2.0599053839655728,0.8822614879001913,703.0
1.0,0.0,2.0599053839655728,0.8822614879001913,702.0
1.0,0.0,2.0599053839655728,0.8822614879001913,701.0
1.0,0.0,2.0599053839655728,0.8822614879001913,700.0
1.0,0.0,2.0599053839655728,0.8822614879001913,699.0
1.0,0.0,2.0599053839655728,0.8822614879001913,698.0
1.0,0.0,2.0599053839655728,0.8822614879001913,697.0
1.0,0.0,2.0599053839655728,0.8822614879001913,696.0
1.0,0.0,0.18757380771971768,-1.5401692672837766,695.0
1.0,0.0,2.0599053839655728,0.8822614879001913,694.0
1.0,0.0,2.0599053839655728,0.8822614879001913,693.0
1.0,1.0,-2.8081567142736503,-2.0246554183205707,692.0
1.0,1.0,-2.8081567142736503,-2.0246554183205707,691.0
1.0,1.0,-2.8081567142736503,-2.0246554183205707,690.0
1.0,1.0,-2.8081567142736503,-2.0246554183205707,689.0
1.0,1.0,-2.8081567142736503,-2.0246554183205707,688.0
1.0,1.0,-2.8081567142736503,-2.0246554183205707,687.0
1.0,0.0,-0.8422085592155026,-0.3289538896917926,686.0
1.0,0.0,-0.8422085592155026,-0.3289538896917926,685.0
1.0,0.0,-0.8422085592155026,-0.3289538896917926,684.0
1.0,0.0,-0.8422085592155026,-0.3289538896917926,683.0
1.0,0.0,-0.8422085592155026,-0.3289538896917926,682.0
1.0,0.0,-0.8422085592155026,-0.3289538896917926,681.0
1.0,0.0,-0.3741256651540388,0.6400184123817944,680.0
1.0,0.0,-0.3741256651540388,0.6400184123817944,679.0
1.0,0.0,-0.18689250752945333,-0.0867108141733956,678.0
1.0,0.0,-0.3741256651540388,0.6400184123817944,677.0
1.0,0.0,-0.3741256651540388,0.6400184123817944,676.0
1.0,0.0,-0.3741256651540388,0.6400184123817944,675.0
1.0,0.0,-0.3741256651540388,0.6400184123817944,674.0
1.0,0.0,-0.3741256651540388,0.6400184123817944,673.0
1.0,0.0,-0.3741256651540388,0.6400184123817944,672.0
1.0,0.0,-1.123058295652381,0.15553226134500034,671.0
1.0,0.0,-1.123058295652381,0.15553226134500034,670.0
1.0,0.0,-1.123058295652381,0.15553226134500034,669.0
1.0,0.0,-1.123058295652381,0.15553226134500034,668.0
1.0,0.0,-1.123058295652381,0.15553226134500034,667.0
1.0,0.0,0.18757380771971768,1.3667476389369844,666.0
1.0,0.0,0.18757380771971768,1.3667476389369844,665.0
1.0,0.0,0.18757380771971768,1.3667476389369844,664.0
1.0,0.0,0.18757380771971768,1.3667476389369844,663.0
1.0,0.0,0.18757380771971768,1.3667476389369844,662.0
1.0,0.0,0.18757380771971768,1.3667476389369844,661.0
1.0,0.0,-1.5911411897138448,-2.0246554183205707,660.0
1.0,0.0,0.18757380771971768,0.8822614879001913,659.0
1.0,0.0,0.18757380771971768,0.8822614879001913,658.0
1.0,0.0,0.18757380771971768,0.8822614879001913,657.0
1.0,0.0,0.18757380771971768,0.8822614879001913,656.0
1.0,0.0,0.18757380771971768,0.8822614879001913,655.0
1.0,0.0,0.000340650095132172,-0.5711969652101896,654.0
1.0,0.0,0.000340650095132172,-0.5711969652101896,653.0
1.0,0.0,0.000340650095132172,-0.5711969652101896,652.0
1.0,0.0,0.000340650095132172,-0.5711969652101896,651.0
1.0,0.0,0.000340650095132172,-0.5711969652101896,650.0
1.0,0.0,0.000340650095132172,-0.5711969652101896,649.0
1.0,0.0,-0.8422085592155026,-0.3289538896917926,648.0
1.0,0.0,-0.8422085592155026,-0.3289538896917926,647.0
1.0,0.0,-0.8422085592155026,-0.3289538896917926,646.0
1.0,0.0,-0.8422085592155026,-0.3289538896917926,645.0
1.0,0.0,0.3748069653443032,1.8512337899737783,644.0
1.0,1.0,-0.3741256651540388,-1.0556831162469835,643.0
1.0,0.0,0.3748069653443032,1.8512337899737783,642.0
1.0,0.0,0.3748069653443032,1.8512337899737783,641.0
1.0,0.0,0.3748069653443032,1.8512337899737783,640.0
1.0,0.0,1.3109727534672306,0.3977753368633973,639.0
1.0,0.0,1.3109727534672306,0.3977753368633973,638.0
1.0,0.0,1.3109727534672306,0.3977753368633973,637.0
1.0,0.0,1.3109727534672306,0.3977753368633973,636.0
1.0,0.0,1.3109727534672306,0.3977753368633973,635.0
1.0,0.0,1.3109727534672306,0.3977753368633973,634.0
1.0,0.0,-0.4677422439663316,0.15553226134500034,633.0
1.0,0.0,-0.4677422439663316,0.15553226134500034,632.0
1.0,0.0,-0.4677422439663316,0.15553226134500034,631.0
1.0,0.0,-0.4677422439663316,0.15553226134500034,630.0
1.0,0.0,-0.4677422439663316,0.15553226134500034,629.0
1.0,0.0,-0.4677422439663316,0.15553226134500034,628.0
1.0,1.0,-3.182623029522821,-1.2979261917653797,627.0
1.0,1.0,-0.7485919804032098,-0.3289538896917926,626.0
1.0,1.0,-3.182623029522821,-1.2979261917653797,625.0
1.0,0.0,-0.7485919804032098,0.6400184123817944,624.0
1.0,0.0,-0.7485919804032098,0.6400184123817944,623.0
1.0,0.0,-0.7485919804032098,0.6400184123817944,622.0
1.0,0.0,-0.7485919804032098,0.6400184123817944,621.0
1.0,0.0,-0.7485919804032098,0.6400184123817944,620.0
1.0,0.0,-0.7485919804032098,0.6400184123817944,619.0
1.0,0.0,-0.7485919804032098,0.6400184123817944,618.0
1.0,0.0,-0.7485919804032098,0.6400184123817944,617.0
1.0,0.0,-0.7485919804032098,0.6400184123817944,616.0
1.0,0.0,-1.0294417168400882,-2.0246554183205707,615.0
1.0,0.0,-1.0294417168400882,-2.0246554183205707,614.0
1.0,0.0,-1.0294417168400882,-2.0246554183205707,613.0
1.0,0.0,-1.0294417168400882,-2.0246554183205707,612.0
1.0,0.0,-1.0294417168400882,-2.0246554183205707,611.0
1.0,0.0,0.18757380771971768,-0.3289538896917926,610.0
1.0,1.0,-0.7485919804032098,-0.3289538896917926,609.0
1.0,0.0,0.18757380771971768,-0.3289538896917926,608.0
1.0,0.0,0.18757380771971768,-0.3289538896917926,607.0
1.0,0.0,0.18757380771971768,-0.3289538896917926,606.0
1.0,0.0,-1.77837434733843,0.8822614879001913,605.0
1.0,0.0,-1.77837434733843,0.8822614879001913,604.0
1.0,0.0,-1.77837434733843,0.8822614879001913,603.0
1.0,0.0,-1.77837434733843,0.8822614879001913,602.0
1.0,0.0,-1.77837434733843,0.8822614879001913,601.0
1.0,0.0,-0.18689250752945333,-0.8134400407285867,600.0
1.0,0.0,0.18757380771971768,-0.8134400407285867,599.0
1.0,0.0,0.18757380771971768,-0.8134400407285867,598.0
1.0,0.0,0.18757380771971768,-0.8134400407285867,597.0
1.0,0.0,0.18757380771971768,-0.8134400407285867,596.0
1.0,0.0,0.18757380771971768,-0.8134400407285867,595.0
1.0,0.0,0.18757380771971768,-0.8134400407285867,594.0
1.0,0.0,0.7492732805934742,0.6400184123817944,593.0
1.0,1.0,-0.7485919804032098,-0.3289538896917926,592.0
1.0,0.0,0.7492732805934742,0.6400184123817944,591.0
1.0,0.0,0.7492732805934742,0.6400184123817944,590.0
1.0,0.0,0.7492732805934742,0.6400184123817944,589.0
1.0,0.0,0.7492732805934742,0.6400184123817944,588.0
1.0,0.0,0.7492732805934742,0.6400184123817944,587.0
1.0,0.0,0.7492732805934742,0.6400184123817944,586.0
1.0,0.0,0.7492732805934742,0.6400184123817944,585.0
1.0,0.0,0.7492732805934742,0.6400184123817944,584.0
1.0,0.0,0.7492732805934742,0.6400184123817944,583.0
1.0,0.0,-0.5613588227786244,-0.3289538896917926,582.0
1.0,0.0,-0.5613588227786244,-0.3289538896917926,581.0
1.0,0.0,-0.5613588227786244,-0.3289538896917926,580.0
1.0,0.0,-0.5613588227786244,-0.3289538896917926,579.0
1.0,0.0,-0.5613588227786244,-0.3289538896917926,578.0
1.0,0.0,-0.5613588227786244,-0.3289538896917926,577.0
1.0,0.0,-0.5613588227786244,-0.3289538896917926,576.0
1.0,1.0,-1.965607504963016,-0.0867108141733956,575.0
1.0,0.0,-0.5613588227786244,-0.3289538896917926,574.0
1.0,0.0,-0.5613588227786244,-0.3289538896917926,573.0
1.0,0.0,-0.3741256651540388,-0.8134400407285867,572.0
1.0,0.0,-0.5613588227786244,-2.5091415693573635,571.0
1.0,0.0,-0.5613588227786244,-2.5091415693573635,570.0
1.0,0.0,-0.5613588227786244,-2.5091415693573635,569.0
1.0,0.0,-0.5613588227786244,-2.5091415693573635,568.0
1.0,0.0,-0.5613588227786244,-2.5091415693573635,567.0
1.0,0.0,-0.5613588227786244,-2.5091415693573635,566.0
1.0,0.0,-0.5613588227786244,-2.5091415693573635,565.0
1.0,0.0,0.18757380771971768,1.6089907144553812,564.0
1.0,0.0,0.18757380771971768,1.6089907144553812,563.0
1.0,0.0,0.18757380771971768,1.6089907144553812,562.0
1.0,0.0,0.18757380771971768,1.6089907144553812,561.0
1.0,0.0,0.5620401229688887,1.6089907144553812,560.0
1.0,0.0,0.5620401229688887,1.6089907144553812,559.0
1.0,0.0,0.000340650095132172,-1.7824123428021736,558.0
1.0,0.0,0.5620401229688887,1.6089907144553812,557.0
1.0,0.0,0.5620401229688887,1.6089907144553812,556.0
1.0,0.0,0.5620401229688887,1.6089907144553812,555.0
1.0,0.0,0.5620401229688887,1.6089907144553812,554.0
1.0,0.0,0.5620401229688887,1.6089907144553812,553.0
1.0,0.0,0.3748069653443032,1.8512337899737783,552.0
1.0,0.0,0.3748069653443032,1.8512337899737783,551.0
1.0,0.0,0.3748069653443032,1.8512337899737783,550.0
1.0,0.0,0.3748069653443032,1.8512337899737783,549.0
1.0,0.0,0.3748069653443032,1.8512337899737783,548.0
1.0,0.0,0.3748069653443032,1.8512337899737783,547.0
1.0,0.0,0.3748069653443032,1.8512337899737783,546.0
1.0,0.0,0.3748069653443032,1.8512337899737783,545.0
1.0,0.0,0.3748069653443032,1.8512337899737783,544.0
1.0,0.0,0.3748069653443032,1.8512337899737783,543.0
1.0,1.0,-2.8081567142736503,-1.5401692672837766,542.0
1.0,0.0,1.1237395958426453,-1.2979261917653797,541.0
1.0,0.0,1.1237395958426453,-1.2979261917653797,540.0
1.0,0.0,1.1237395958426453,-1.2979261917653797,539.0
1.0,0.0,1.1237395958426453,-1.2979261917653797,538.0
1.0,0.0,1.1237395958426453,-1.2979261917653797,537.0
1.0,0.0,-0.18689250752945333,1.3667476389369844,536.0
1.0,0.0,-0.18689250752945333,1.3667476389369844,535.0
1.0,0.0,-0.18689250752945333,1.3667476389369844,534.0
1.0,0.0,-0.9358251380277952,-0.0867108141733956,533.0
1.0,0.0,-0.9358251380277952,-0.0867108141733956,532.0
1.0,0.0,-0.9358251380277952,-0.0867108141733956,531.0
1.0,0.0,-0.9358251380277952,-0.0867108141733956,530.0
1.0,0.0,-0.9358251380277952,-0.0867108141733956,529.0
1.0,0.0,-0.9358251380277952,-0.0867108141733956,528.0
1.0,0.0,-0.7485919804032098,0.3977753368633973,527.0
1.0,0.0,-0.7485919804032098,0.3977753368633973,526.0
1.0,1.0,-0.18689250752945333,-2.0246554183205707,525.0
1.0,0.0,-0.7485919804032098,0.3977753368633973,524.0
1.0,0.0,-0.7485919804032098,0.3977753368633973,523.0
1.0,0.0,0.9365064382180596,0.8822614879001913,522.0
1.0,0.0,0.9365064382180596,0.8822614879001913,521.0
1.0,0.0,0.9365064382180596,0.8822614879001913,520.0
1.0,0.0,-0.18689250752945333,-0.3289538896917926,519.0
1.0,0.0,-0.18689250752945333,-0.3289538896917926,518.0
1.0,0.0,-0.18689250752945333,-0.3289538896917926,517.0
1.0,0.0,-0.18689250752945333,-0.3289538896917926,516.0
1.0,0.0,-0.18689250752945333,-0.3289538896917926,515.0
1.0,0.0,-0.9358251380277952,0.6400184123817944,514.0
1.0,0.0,-0.9358251380277952,0.6400184123817944,513.0
1.0,0.0,-0.9358251380277952,0.6400184123817944,512.0
1.0,0.0,-0.9358251380277952,0.6400184123817944,511.0
1.0,0.0,-0.9358251380277952,0.6400184123817944,510.0
1.0,0.0,-0.9358251380277952,0.6400184123817944,509.0
1.0,1.0,-1.497524610901552,-2.5091415693573635,508.0
1.0,0.0,-0.9358251380277952,0.6400184123817944,507.0
1.0,0.0,-0.9358251380277952,0.6400184123817944,506.0
1.0,0.0,-0.9358251380277952,0.6400184123817944,505.0
1.0,0.0,-0.9358251380277952,0.6400184123817944,504.0
1.0,0.0,-0.9358251380277952,0.6400184123817944,503.0
1.0,0.0,-0.3741256651540388,-1.5401692672837766,502.0
1.0,0.0,-0.3741256651540388,-1.5401692672837766,501.0
1.0,0.0,-0.3741256651540388,-1.5401692672837766,500.0
1.0,0.0,-0.3741256651540388,-1.5401692672837766,499.0
1.0,0.0,1.1237395958426453,1.6089907144553812,498.0
1.0,0.0,1.1237395958426453,1.6089907144553812,497.0
1.0,0.0,1.1237395958426453,1.6089907144553812,496.0
1.0,0.0,1.1237395958426453,1.6089907144553812,495.0
1.0,0.0,1.1237395958426453,1.6089907144553812,494.0
1.0,0.0,-1.0294417168400882,0.3977753368633973,493.0
1.0,0.0,-1.0294417168400882,0.3977753368633973,492.0
1.0,1.0,-1.497524610901552,-1.2979261917653797,491.0
1.0,0.0,-1.0294417168400882,0.3977753368633973,490.0
1.0,0.0,-1.0294417168400882,0.3977753368633973,489.0
1.0,0.0,-1.8158209788633468,-0.3289538896917926,488.0
1.0,0.0,-1.8158209788633468,-0.3289538896917926,487.0
1.0,0.0,-1.8158209788633468,-0.3289538896917926,486.0
1.0,0.0,-1.8158209788633468,-0.3289538896917926,485.0
1.0,0.0,-1.8158209788633468,-0.3289538896917926,484.0
1.0,0.0,-1.8158209788633468,-0.3289538896917926,483.0
1.0,0.0,-1.8158209788633468,-0.3289538896917926,482.0
1.0,0.0,-1.8158209788633468,-0.3289538896917926,481.0
1.0,0.0,-0.18689250752945333,0.3977753368633973,480.0
1.0,0.0,-0.18689250752945333,0.3977753368633973,479.0
1.0,0.0,-0.18689250752945333,0.3977753368633973,478.0
1.0,0.0,-0.18689250752945333,0.3977753368633973,477.0
1.0,0.0,-0.18689250752945333,0.3977753368633973,476.0
1.0,0.0,-0.18689250752945333,0.3977753368633973,475.0
1.0,1.0,-0.9358251380277952,-1.7824123428021736,474.0
1.0,0.0,0.18757380771971768,0.3977753368633973,473.0
1.0,0.0,0.18757380771971768,0.3977753368633973,472.0
1.0,0.0,0.18757380771971768,0.3977753368633973,471.0
1.0,0.0,0.18757380771971768,0.3977753368633973,470.0
1.0,0.0,0.18757380771971768,0.3977753368633973,469.0
1.0,0.0,0.9365064382180596,0.6400184123817944,468.0
1.0,0.0,0.9365064382180596,0.6400184123817944,467.0
1.0,0.0,0.9365064382180596,0.6400184123817944,466.0
1.0,0.0,0.9365064382180596,0.6400184123817944,465.0
1.0,0.0,-0.18689250752945333,-2.2668984938389682,464.0
1.0,0.0,-0.18689250752945333,-2.2668984938389682,463.0
1.0,0.0,-0.18689250752945333,-2.2668984938389682,462.0
1.0,0.0,-0.18689250752945333,-2.2668984938389682,461.0
1.0,0.0,-0.18689250752945333,-2.2668984938389682,460.0
1.0,0.0,-0.18689250752945333,-2.2668984938389682,459.0
1.0,0.0,-0.18689250752945333,-2.2668984938389682,458.0
1.0,1.0,-1.6847577685261377,-0.3289538896917926,457.0
1.0,0.0,-0.18689250752945333,-2.2668984938389682,456.0
1.0,0.0,-0.18689250752945333,-2.2668984938389682,455.0
1.0,0.0,-0.18689250752945333,-2.2668984938389682,454.0
1.0,0.0,-0.18689250752945333,-2.2668984938389682,453.0
1.0,0.0,-1.3102914532769665,-0.5711969652101896,452.0
1.0,0.0,-1.3102914532769665,-0.5711969652101896,451.0
1.0,0.0,-1.3102914532769665,-0.5711969652101896,450.0
1.0,0.0,-1.3102914532769665,-0.5711969652101896,449.0
1.0,0.0,-1.3102914532769665,-0.5711969652101896,448.0
1.0,0.0,-1.3102914532769665,-0.5711969652101896,447.0
1.0,0.0,-1.3102914532769665,-0.5711969652101896,446.0
1.0,0.0,-1.3102914532769665,-0.5711969652101896,445.0
1.0,0.0,1.3109727534672306,0.6400184123817944,444.0
1.0,0.0,1.3109727534672306,0.6400184123817944,443.0
1.0,0.0,0.18757380771971768,-1.0556831162469835,442.0
1.0,0.0,0.18757380771971768,-1.0556831162469835,441.0
1.0,1.0,-2.995389871898236,1.6089907144553812,440.0
1.0,0.0,0.18757380771971768,-1.0556831162469835,439.0
1.0,0.0,0.18757380771971768,-1.0556831162469835,438.0
1.0,0.0,0.18757380771971768,-1.0556831162469835,437.0
1.0,0.0,0.18757380771971768,-1.0556831162469835,436.0
1.0,0.0,-0.5613588227786244,-1.0556831162469835,435.0
1.0,0.0,-0.5613588227786244,-1.0556831162469835,434.0
1.0,0.0,-0.5613588227786244,-1.0556831162469835,433.0
1.0,0.0,0.18757380771971768,0.15553226134500034,432.0
1.0,0.0,0.18757380771971768,0.15553226134500034,431.0
1.0,0.0,0.18757380771971768,0.15553226134500034,430.0
1.0,0.0,0.18757380771971768,0.15553226134500034,429.0
1.0,0.0,0.7492732805934742,0.3977753368633973,428.0
1.0,0.0,0.7492732805934742,0.3977753368633973,427.0
1.0,0.0,0.7492732805934742,0.3977753368633973,426.0
1.0,0.0,0.7492732805934742,0.3977753368633973,425.0
1.0,0.0,0.7492732805934742,0.3977753368633973,424.0
1.0,1.0,-2.995389871898236,1.6089907144553812,423.0
1.0,0.0,0.7492732805934742,0.3977753368633973,422.0
1.0,0.0,0.5620401229688887,-1.2979261917653797,421.0
1.0,0.0,0.5620401229688887,-1.2979261917653797,420.0
1.0,0.0,0.5620401229688887,-1.2979261917653797,419.0
1.0,0.0,0.5620401229688887,-1.2979261917653797,418.0
1.0,0.0,0.5620401229688887,-1.2979261917653797,417.0
1.0,0.0,0.5620401229688887,-1.2979261917653797,416.0
1.0,0.0,0.5620401229688887,-1.2979261917653797,415.0
1.0,0.0,0.5620401229688887,-1.2979261917653797,414.0
1.0,0.0,0.5620401229688887,-1.2979261917653797,413.0
1.0,0.0,-0.18689250752945333,0.3977753368633973,412.0
1.0,0.0,-0.18689250752945333,0.3977753368633973,411.0
1.0,0.0,-0.18689250752945333,0.3977753368633973,410.0
1.0,0.0,-0.18689250752945333,0.3977753368633973,409.0
1.0,0.0,-1.2166748744646736,0.3977753368633973,408.0
1.0,0.0,-1.2166748744646736,0.3977753368633973,407.0
1.0,0.0,-0.6549754015909172,0.15553226134500034,406.0
1.0,0.0,-1.2166748744646736,0.3977753368633973,405.0
1.0,0.0,-1.2166748744646736,0.3977753368633973,404.0
1.0,0.0,-1.2166748744646736,0.3977753368633973,403.0
1.0,0.0,-1.2166748744646736,0.3977753368633973,402.0
1.0,0.0,-1.2166748744646736,0.3977753368633973,401.0
1.0,0.0,0.18757380771971768,-2.0246554183205707,400.0
1.0,0.0,0.18757380771971768,-2.0246554183205707,399.0
1.0,0.0,0.18757380771971768,-2.0246554183205707,398.0
1.0,0.0,0.18757380771971768,-2.0246554183205707,397.0
1.0,0.0,1.8726722263409872,1.1245045634185884,396.0
1.0,0.0,1.8726722263409872,1.1245045634185884,395.0
1.0,0.0,1.8726722263409872,1.1245045634185884,394.0
1.0,0.0,1.8726722263409872,1.1245045634185884,393.0
1.0,0.0,1.8726722263409872,1.1245045634185884,392.0
1.0,0.0,1.8726722263409872,1.1245045634185884,391.0
1.0,0.0,1.8726722263409872,1.1245045634185884,390.0
1.0,0.0,-0.5613588227786244,-0.5711969652101896,389.0
1.0,0.0,1.8726722263409872,1.1245045634185884,388.0
1.0,0.0,1.8726722263409872,1.1245045634185884,387.0
1.0,0.0,-1.8719909261507228,-0.5711969652101896,386.0
1.0,0.0,-1.8719909261507228,-0.5711969652101896,385.0
1.0,0.0,-1.8719909261507228,-0.5711969652101896,384.0
1.0,0.0,-1.8719909261507228,-0.5711969652101896,383.0
1.0,0.0,-0.18689250752945333,-2.2668984938389682,382.0
1.0,0.0,-1.123058295652381,-2.5091415693573635,381.0
1.0,0.0,-1.123058295652381,-2.5091415693573635,380.0
1.0,0.0,-1.123058295652381,-2.5091415693573635,379.0
1.0,0.0,-1.123058295652381,-2.5091415693573635,378.0
1.0,0.0,-1.123058295652381,-2.5091415693573635,377.0
1.0,0.0,-1.123058295652381,-2.5091415693573635,376.0
1.0,0.0,-1.123058295652381,-2.5091415693573635,375.0
1.0,0.0,-0.6549754015909172,-1.0556831162469835,374.0
1.0,1.0,-1.0294417168400882,-1.5401692672837766,373.0
1.0,0.0,-0.6549754015909172,-1.0556831162469835,372.0
1.0,0.0,-0.6549754015909172,-1.0556831162469835,371.0
1.0,0.0,-0.6549754015909172,-1.0556831162469835,370.0
1.0,0.0,-0.6549754015909172,-1.0556831162469835,369.0
1.0,0.0,-0.6549754015909172,-1.0556831162469835,368.0
1.0,0.0,-0.6549754015909172,-1.0556831162469835,367.0
1.0,0.0,-0.6549754015909172,-1.0556831162469835,366.0
1.0,0.0,-0.6549754015909172,-1.0556831162469835,365.0
1.0,0.0,0.7492732805934742,1.6089907144553812,364.0
1.0,0.0,0.7492732805934742,1.6089907144553812,363.0
1.0,0.0,0.7492732805934742,1.6089907144553812,362.0
1.0,0.0,0.7492732805934742,1.6089907144553812,361.0
1.0,0.0,0.7492732805934742,1.6089907144553812,360.0
1.0,0.0,0.7492732805934742,1.6089907144553812,359.0
1.0,0.0,0.7492732805934742,1.6089907144553812,358.0
1.0,0.0,0.7492732805934742,1.6089907144553812,357.0
1.0,1.0,0.000340650095132172,-0.8134400407285867,356.0
1.0,0.0,0.7492732805934742,1.6089907144553812,355.0
1.0,0.0,0.7492732805934742,1.6089907144553812,354.0
1.0,0.0,0.7492732805934742,1.6089907144553812,353.0
1.0,0.0,0.7492732805934742,1.6089907144553812,352.0
1.0,0.0,-0.3741256651540388,0.8822614879001913,351.0
1.0,0.0,-0.18689250752945333,-1.2979261917653797,350.0
1.0,0.0,-0.18689250752945333,-1.2979261917653797,349.0
1.0,0.0,-0.18689250752945333,-1.2979261917653797,348.0
1.0,0.0,-0.18689250752945333,-1.2979261917653797,347.0
1.0,0.0,-0.18689250752945333,-1.2979261917653797,346.0
1.0,0.0,-0.18689250752945333,-1.2979261917653797,345.0
1.0,0.0,-0.18689250752945333,-1.2979261917653797,344.0
1.0,0.0,-0.18689250752945333,-1.2979261917653797,343.0
1.0,0.0,-0.18689250752945333,0.15553226134500034,342.0
1.0,0.0,-0.18689250752945333,0.15553226134500034,341.0
1.0,0.0,-0.18689250752945333,0.15553226134500034,340.0
1.0,0.0,-0.2805090863417461,0.8822614879001913,339.0
1.0,1.0,-1.3102914532769665,0.3977753368633973,338.0
1.0,1.0,-1.3102914532769665,0.3977753368633973,337.0
1.0,1.0,-1.3102914532769665,0.3977753368633973,336.0
1.0,1.0,-1.3102914532769665,0.3977753368633973,335.0
1.0,1.0,-1.3102914532769665,0.3977753368633973,334.0
1.0,1.0,-1.3102914532769665,0.3977753368633973,333.0
1.0,1.0,-1.3102914532769665,0.3977753368633973,332.0
1.0,0.0,-0.5613588227786244,0.15553226134500034,331.0
1.0,0.0,-0.5613588227786244,0.15553226134500034,330.0
1.0,0.0,-0.5613588227786244,0.15553226134500034,329.0
1.0,0.0,-0.5613588227786244,0.15553226134500034,328.0
1.0,0.0,-0.5613588227786244,0.15553226134500034,327.0
1.0,0.0,-0.7485919804032098,-1.0556831162469835,326.0
1.0,0.0,-0.7485919804032098,-1.0556831162469835,325.0
1.0,0.0,-0.7485919804032098,-1.0556831162469835,324.0
1.0,0.0,1.4982059110918162,-0.5711969652101896,323.0
1.0,0.0,0.000340650095132172,0.15553226134500034,322.0
1.0,0.0,1.4982059110918162,-0.5711969652101896,321.0
1.0,0.0,1.4982059110918162,-0.5711969652101896,320.0
1.0,0.0,1.4982059110918162,-0.5711969652101896,319.0
1.0,0.0,1.4982059110918162,-0.5711969652101896,318.0
1.0,0.0,0.000340650095132172,0.3977753368633973,317.0
1.0,0.0,0.000340650095132172,0.3977753368633973,316.0
1.0,0.0,-0.5613588227786244,0.8822614879001913,315.0
1.0,0.0,-0.5613588227786244,0.8822614879001913,314.0
1.0,0.0,-0.5613588227786244,0.8822614879001913,313.0
1.0,0.0,0.3748069653443032,0.15553226134500034,312.0
1.0,0.0,0.3748069653443032,0.15553226134500034,311.0
1.0,0.0,0.3748069653443032,0.15553226134500034,310.0
1.0,0.0,0.3748069653443032,0.15553226134500034,309.0
1.0,0.0,0.3748069653443032,0.15553226134500034,308.0
1.0,0.0,0.9365064382180596,-0.5711969652101896,307.0
1.0,0.0,0.9365064382180596,-0.5711969652101896,306.0
1.0,1.0,-1.965607504963016,-0.5711969652101896,305.0
1.0,0.0,0.9365064382180596,-0.5711969652101896,304.0
1.0,0.0,0.9365064382180596,-0.5711969652101896,303.0
1.0,0.0,0.9365064382180596,-0.5711969652101896,302.0
1.0,0.0,-1.3102914532769665,0.6400184123817944,301.0
1.0,0.0,-1.3102914532769665,0.6400184123817944,300.0
1.0,0.0,-1.3102914532769665,0.6400184123817944,299.0
1.0,1.0,-0.5613588227786244,-1.7824123428021736,298.0
1.0,1.0,-0.5613588227786244,-1.7824123428021736,297.0
1.0,1.0,-0.5613588227786244,-1.7824123428021736,296.0
1.0,1.0,-1.123058295652381,-1.5401692672837766,295.0
1.0,1.0,-1.123058295652381,-1.5401692672837766,294.0
1.0,1.0,-1.123058295652381,-1.5401692672837766,293.0
1.0,0.0,0.18757380771971768,-0.3289538896917926,292.0
1.0,0.0,0.18757380771971768,-0.3289538896917926,291.0
1.0,0.0,0.18757380771971768,-0.3289538896917926,290.0
1.0,0.0,-0.18689250752945333,0.3977753368633973,289.0
1.0,1.0,-0.7485919804032098,-1.2979261917653797,288.0
1.0,0.0,-0.18689250752945333,0.3977753368633973,287.0
1.0,0.0,-0.18689250752945333,0.3977753368633973,286.0
1.0,0.0,-0.18689250752945333,0.3977753368633973,285.0
1.0,0.0,-0.18689250752945333,0.3977753368633973,284.0
1.0,0.0,-0.18689250752945333,0.3977753368633973,283.0
1.0,0.0,0.3748069653443032,-0.0867108141733956,282.0
1.0,0.0,0.3748069653443032,-0.0867108141733956,281.0
1.0,0.0,0.3748069653443032,-0.0867108141733956,280.0
1.0,0.0,0.3748069653443032,-0.0867108141733956,279.0
1.0,0.0,0.3748069653443032,-0.0867108141733956,278.0
1.0,0.0,0.3748069653443032,-0.0867108141733956,277.0
1.0,0.0,-1.6847577685261377,-0.8134400407285867,276.0
1.0,0.0,-1.6847577685261377,-0.8134400407285867,275.0
1.0,0.0,0.000340650095132172,0.8822614879001913,274.0
1.0,0.0,-1.123058295652381,-1.0556831162469835,273.0
1.0,1.0,-0.7485919804032098,-1.2979261917653797,272.0
1.0,0.0,-1.123058295652381,-1.0556831162469835,271.0
1.0,0.0,-1.123058295652381,-1.0556831162469835,270.0
1.0,0.0,0.3748069653443032,-0.8134400407285867,269.0
1.0,0.0,0.3748069653443032,-0.8134400407285867,268.0
1.0,0.0,0.3748069653443032,-0.8134400407285867,267.0
1.0,0.0,0.3748069653443032,-0.8134400407285867,266.0
1.0,0.0,-0.3741256651540388,-0.3289538896917926,265.0
1.0,0.0,-0.3741256651540388,-0.3289538896917926,264.0
1.0,0.0,-0.3741256651540388,-0.3289538896917926,263.0
1.0,0.0,-0.3741256651540388,-0.3289538896917926,262.0
1.0,0.0,-0.3741256651540388,-0.3289538896917926,261.0
1.0,0.0,-0.3741256651540388,-0.3289538896917926,260.0
1.0,0.0,0.5620401229688887,-0.3289538896917926,259.0
1.0,0.0,0.5620401229688887,-0.3289538896917926,258.0
1.0,0.0,0.5620401229688887,-0.3289538896917926,257.0
1.0,0.0,0.5620401229688887,-0.3289538896917926,256.0
1.0,1.0,-2.43369039902448,-0.3289538896917926,255.0
1.0,0.0,0.5620401229688887,-0.3289538896917926,254.0
1.0,0.0,0.5620401229688887,-0.3289538896917926,253.0
1.0,0.0,0.5620401229688887,-0.3289538896917926,252.0
1.0,0.0,0.5620401229688887,-0.3289538896917926,251.0
1.0,0.0,0.5620401229688887,-0.3289538896917926,250.0
1.0,0.0,0.5620401229688887,-0.3289538896917926,249.0
1.0,0.0,0.7492732805934742,0.8822614879001913,248.0
1.0,0.0,0.7492732805934742,0.8822614879001913,247.0
1.0,0.0,0.7492732805934742,0.8822614879001913,246.0
1.0,0.0,0.7492732805934742,0.8822614879001913,245.0
1.0,0.0,0.000340650095132172,1.1245045634185884,244.0
1.0,0.0,0.000340650095132172,1.1245045634185884,243.0
1.0,0.0,0.000340650095132172,1.1245045634185884,242.0
1.0,0.0,0.000340650095132172,1.1245045634185884,241.0
1.0,0.0,0.000340650095132172,1.1245045634185884,240.0
1.0,0.0,0.000340650095132172,1.1245045634185884,239.0
1.0,1.0,-0.5613588227786244,-1.5401692672837766,238.0
1.0,0.0,0.000340650095132172,1.1245045634185884,237.0
1.0,0.0,0.000340650095132172,1.1245045634185884,236.0
1.0,0.0,0.000340650095132172,1.1245045634185884,235.0
1.0,0.0,0.000340650095132172,1.1245045634185884,234.0
1.0,0.0,0.000340650095132172,1.1245045634185884,233.0
1.0,0.0,1.3109727534672306,0.8822614879001913,232.0
1.0,0.0,1.3109727534672306,0.8822614879001913,231.0
1.0,0.0,1.3109727534672306,0.8822614879001913,230.0
1.0,0.0,1.3109727534672306,0.8822614879001913,229.0
1.0,0.0,0.000340650095132172,-0.0867108141733956,228.0
1.0,0.0,0.000340650095132172,-0.0867108141733956,227.0
1.0,0.0,0.000340650095132172,-0.0867108141733956,226.0
1.0,0.0,0.000340650095132172,-0.0867108141733956,225.0
1.0,0.0,0.000340650095132172,-0.0867108141733956,224.0
1.0,0.0,-0.18689250752945333,0.8822614879001913,223.0
1.0,0.0,-0.18689250752945333,0.8822614879001913,222.0
1.0,1.0,-1.6847577685261377,-1.2979261917653797,221.0
1.0,0.0,-0.18689250752945333,0.8822614879001913,220.0
1.0,0.0,-0.18689250752945333,0.8822614879001913,219.0
1.0,0.0,-0.18689250752945333,0.8822614879001913,218.0
1.0,0.0,-0.18689250752945333,0.8822614879001913,217.0
1.0,0.0,-0.18689250752945333,0.8822614879001913,216.0
1.0,0.0,-0.6549754015909172,0.8822614879001913,215.0
1.0,0.0,-0.6549754015909172,0.8822614879001913,214.0
1.0,0.0,-0.6549754015909172,0.8822614879001913,213.0
1.0,0.0,-0.6549754015909172,0.8822614879001913,212.0
1.0,0.0,-0.6549754015909172,0.8822614879001913,211.0
1.0,0.0,-0.9358251380277952,-1.7824123428021736,210.0
1.0,0.0,-0.9358251380277952,-1.7824123428021736,209.0
1.0,0.0,-0.9358251380277952,-1.7824123428021736,208.0
1.0,0.0,-0.9358251380277952,-1.7824123428021736,207.0
1.0,0.0,-1.3102914532769665,0.8822614879001913,206.0
1.0,1.0,-2.2464572413998942,-0.8134400407285867,205.0
1.0,0.0,-1.3102914532769665,0.8822614879001913,204.0
1.0,0.0,-1.3102914532769665,0.8822614879001913,203.0
1.0,0.0,-1.3102914532769665,0.8822614879001913,202.0
1.0,0.0,-1.3102914532769665,0.8822614879001913,201.0
1.0,0.0,-0.4677422439663316,-0.3289538896917926,200.0
1.0,0.0,-0.4677422439663316,-0.3289538896917926,199.0
1.0,0.0,-0.4677422439663316,-0.3289538896917926,198.0
1.0,0.0,-0.4677422439663316,-0.3289538896917926,197.0
1.0,0.0,-0.4677422439663316,-0.3289538896917926,196.0
1.0,0.0,0.3748069653443032,0.6400184123817944,195.0
1.0,0.0,0.3748069653443032,0.6400184123817944,194.0
1.0,0.0,0.5620401229688887,-1.7824123428021736,193.0
1.0,0.0,0.5620401229688887,-1.7824123428021736,192.0
1.0,0.0,0.5620401229688887,-1.7824123428021736,191.0
1.0,0.0,0.5620401229688887,-1.7824123428021736,190.0
1.0,1.0,0.000340650095132172,0.6400184123817944,189.0
1.0,1.0,-0.9358251380277952,-1.2979261917653797,188.0
1.0,1.0,0.000340650095132172,0.6400184123817944,187.0
1.0,0.0,0.18757380771971768,-1.5401692672837766,186.0
1.0,0.0,0.18757380771971768,-1.5401692672837766,185.0
1.0,0.0,0.18757380771971768,-1.5401692672837766,184.0
1.0,0.0,0.18757380771971768,-1.5401692672837766,183.0
1.0,0.0,0.18757380771971768,-1.5401692672837766,182.0
1.0,0.0,0.18757380771971768,-1.5401692672837766,181.0
1.0,0.0,-0.18689250752945333,-0.0867108141733956,180.0
1.0,0.0,-0.18689250752945333,-0.0867108141733956,179.0
1.0,0.0,-1.5911411897138448,-2.0246554183205707,178.0
1.0,0.0,-1.5911411897138448,-2.0246554183205707,177.0
1.0,0.0,-1.5911411897138448,-2.0246554183205707,176.0
1.0,0.0,-1.5911411897138448,-2.0246554183205707,175.0
1.0,0.0,-1.5911411897138448,-2.0246554183205707,174.0
1.0,0.0,-1.5911411897138448,-2.0246554183205707,173.0
1.0,0.0,-1.5911411897138448,-2.0246554183205707,172.0
1.0,1.0,-1.123058295652381,-0.8134400407285867,171.0
1.0,0.0,-1.5911411897138448,-2.0246554183205707,170.0
1.0,1.0,-0.3741256651540388,-1.0556831162469835,169.0
1.0,0.0,1.3109727534672306,1.6089907144553812,168.0
1.0,0.0,1.3109727534672306,1.6089907144553812,167.0
1.0,0.0,1.3109727534672306,1.6089907144553812,166.0
1.0,0.0,1.3109727534672306,1.6089907144553812,165.0
1.0,1.0,-0.7485919804032098,-0.3289538896917926,164.0
1.0,1.0,-0.7485919804032098,-0.3289538896917926,163.0
1.0,1.0,-0.7485919804032098,-0.3289538896917926,162.0
1.0,1.0,-0.7485919804032098,-0.3289538896917926,161.0
1.0,0.0,0.3748069653443032,-0.5711969652101896,160.0
1.0,0.0,0.3748069653443032,-0.5711969652101896,159.0
1.0,0.0,0.3748069653443032,-0.5711969652101896,158.0
1.0,0.0,0.7492732805934742,-0.3289538896917926,157.0
1.0,0.0,0.7492732805934742,-0.3289538896917926,156.0
1.0,0.0,-0.5613588227786244,-0.5711969652101896,155.0
1.0,1.0,-2.2464572413998942,-1.2979261917653797,154.0
1.0,0.0,-0.5613588227786244,-0.5711969652101896,153.0
1.0,0.0,-0.5613588227786244,-0.5711969652101896,152.0
1.0,0.0,-0.5613588227786244,-0.5711969652101896,151.0
1.0,0.0,-0.8422085592155026,-1.0556831162469835,150.0
1.0,0.0,-0.8422085592155026,-1.0556831162469835,149.0
1.0,0.0,-0.8422085592155026,-1.0556831162469835,148.0
1.0,0.0,-0.8422085592155026,-1.0556831162469835,147.0
1.0,1.0,-1.965607504963016,-0.0867108141733956,146.0
1.0,1.0,-1.965607504963016,-0.0867108141733956,145.0
1.0,0.0,-0.9358251380277952,-0.3289538896917926,144.0
1.0,0.0,-0.9358251380277952,-0.3289538896917926,143.0
1.0,0.0,0.000340650095132172,-1.7824123428021736,142.0
1.0,0.0,0.000340650095132172,-1.7824123428021736,141.0
1.0,0.0,0.000340650095132172,-1.7824123428021736,140.0
1.0,0.0,0.000340650095132172,-1.7824123428021736,139.0
1.0,1.0,-2.564753609361689,-1.2979261917653797,138.0
1.0,0.0,0.18757380771971768,-0.3289538896917926,137.0
1.0,0.0,0.18757380771971768,-0.3289538896917926,136.0
1.0,0.0,0.18757380771971768,-0.3289538896917926,135.0
1.0,0.0,0.18757380771971768,-0.3289538896917926,134.0
1.0,0.0,0.18757380771971768,-0.3289538896917926,133.0
1.0,1.0,-2.8081567142736503,-1.5401692672837766,132.0
1.0,0.0,1.3109727534672306,0.3977753368633973,131.0
1.0,1.0,-1.497524610901552,-2.5091415693573635,130.0
1.0,1.0,-1.497524610901552,-1.2979261917653797,129.0
1.0,0.0,0.000340650095132172,-0.3289538896917926,128.0
1.0,1.0,-0.9358251380277952,-1.7824123428021736,127.0
1.0,1.0,-0.9358251380277952,-1.7824123428021736,126.0
1.0,1.0,-0.9358251380277952,-1.7824123428021736,125.0
1.0,1.0,-1.6847577685261377,-0.3289538896917926,124.0
1.0,0.0,0.5620401229688887,1.6089907144553812,123.0
1.0,1.0,-2.995389871898236,1.6089907144553812,122.0
1.0,1.0,-2.564753609361689,-1.2979261917653797,121.0
1.0,1.0,-2.995389871898236,1.6089907144553812,120.0
1.0,1.0,-2.995389871898236,1.6089907144553812,119.0
1.0,0.0,0.18757380771971768,-0.0867108141733956,118.0
1.0,0.0,0.18757380771971768,-0.0867108141733956,117.0
1.0,0.0,0.18757380771971768,-0.0867108141733956,116.0
1.0,0.0,-0.6549754015909172,0.15553226134500034,115.0
1.0,0.0,-0.5613588227786244,-0.5711969652101896,114.0
1.0,0.0,-0.5613588227786244,-0.5711969652101896,113.0
1.0,0.0,-0.5613588227786244,-0.5711969652101896,112.0
1.0,0.0,0.000340650095132172,-0.8134400407285867,111.0
1.0,0.0,0.000340650095132172,-0.8134400407285867,110.0
1.0,0.0,-0.2805090863417461,0.6400184123817944,109.0
1.0,0.0,-0.3741256651540388,-1.0556831162469835,108.0
1.0,0.0,-0.3741256651540388,-1.0556831162469835,107.0
1.0,0.0,0.5620401229688887,-0.0867108141733956,106.0
1.0,0.0,0.5620401229688887,-0.0867108141733956,105.0
1.0,1.0,-2.564753609361689,-1.2979261917653797,104.0
1.0,0.0,-0.3741256651540388,0.3977753368633973,103.0
1.0,0.0,-0.3741256651540388,0.3977753368633973,102.0
1.0,0.0,-0.3741256651540388,0.3977753368633973,101.0
1.0,1.0,-1.0294417168400882,-1.5401692672837766,100.0
1.0,1.0,-1.0294417168400882,-1.5401692672837766,99.0
1.0,0.0,0.3748069653443032,0.6400184123817944,98.0
1.0,0.0,0.5620401229688887,-0.3289538896917926,97.0
1.0,0.0,-0.2805090863417461,0.8822614879001913,96.0
1.0,0.0,-0.2805090863417461,0.8822614879001913,95.0
1.0,0.0,-0.2805090863417461,0.8822614879001913,94.0
1.0,0.0,0.000340650095132172,0.15553226134500034,93.0
1.0,0.0,0.000340650095132172,0.15553226134500034,92.0
1.0,0.0,0.000340650095132172,0.15553226134500034,91.0
1.0,0.0,0.3748069653443032,0.15553226134500034,90.0
1.0,0.0,-0.4677422439663316,0.8822614879001913,89.0
1.0,0.0,-0.4677422439663316,0.8822614879001913,88.0
1.0,1.0,-0.9358251380277952,-1.7824123428021736,87.0
1.0,0.0,-0.4677422439663316,0.8822614879001913,86.0
1.0,0.0,0.5620401229688887,0.6400184123817944,85.0
1.0,0.0,0.5620401229688887,0.6400184123817944,84.0
1.0,0.0,0.5620401229688887,0.6400184123817944,83.0
1.0,0.0,-1.3102914532769665,0.8822614879001913,82.0
1.0,0.0,-1.3102914532769665,0.8822614879001913,81.0
1.0,0.0,-1.3102914532769665,0.8822614879001913,80.0
1.0,0.0,-1.3102914532769665,0.8822614879001913,79.0
1.0,0.0,-0.3741256651540388,0.15553226134500034,78.0
1.0,1.0,-1.965607504963016,-0.5711969652101896,77.0
1.0,1.0,-0.7485919804032098,-1.2979261917653797,76.0
1.0,0.0,-0.3741256651540388,0.3977753368633973,75.0
1.0,0.0,-0.3741256651540388,0.6400184123817944,74.0
1.0,0.0,-0.3741256651540388,0.6400184123817944,73.0
1.0,0.0,-0.3741256651540388,0.6400184123817944,72.0
1.0,1.0,-2.8081567142736503,-1.7824123428021736,71.0
1.0,0.0,-0.18689250752945333,1.1245045634185884,70.0
1.0,1.0,-0.5613588227786244,-1.5401692672837766,69.0
1.0,0.0,-1.5911411897138448,0.6400184123817944,68.0
1.0,0.0,-1.5911411897138448,0.6400184123817944,67.0
1.0,0.0,-1.8719909261507228,0.15553226134500034,66.0
1.0,0.0,-0.18689250752945333,-0.8134400407285867,65.0
1.0,0.0,-0.18689250752945333,-0.8134400407285867,64.0
1.0,1.0,-2.2464572413998942,-0.8134400407285867,63.0
1.0,1.0,-2.2464572413998942,-0.8134400407285867,62.0
1.0,1.0,-0.9358251380277952,-1.2979261917653797,61.0
1.0,0.0,-1.123058295652381,1.8512337899737783,60.0
1.0,0.0,0.000340650095132172,0.15553226134500034,59.0
1.0,0.0,-0.3741256651540388,-0.3289538896917926,58.0
1.0,0.0,-0.3741256651540388,-0.3289538896917926,57.0
1.0,0.0,-0.2805090863417461,-0.0867108141733956,56.0
1.0,0.0,-0.2805090863417461,-0.0867108141733956,55.0
1.0,1.0,-0.9358251380277952,0.3977753368633973,54.0
1.0,0.0,1.3109727534672306,0.6400184123817944,53.0
1.0,0.0,1.3109727534672306,0.6400184123817944,52.0
1.0,0.0,1.3109727534672306,0.6400184123817944,51.0
1.0,0.0,-0.7485919804032098,1.3667476389369844,50.0
1.0,1.0,-2.564753609361689,-1.2979261917653797,49.0
1.0,0.0,-0.6549754015909172,-0.3289538896917926,48.0
1.0,0.0,-0.6549754015909172,-0.3289538896917926,47.0
1.0,0.0,-0.6549754015909172,-0.3289538896917926,46.0
1.0,0.0,-0.6549754015909172,-0.3289538896917926,45.0
1.0,0.0,-0.6549754015909172,-0.3289538896917926,44.0
1.0,0.0,-0.6549754015909172,-0.3289538896917926,43.0
1.0,0.0,0.3748069653443032,1.3667476389369844,42.0
1.0,1.0,-0.9358251380277952,-1.7824123428021736,41.0
1.0,0.0,-0.0932759287171606,-1.2979261917653797,40.0
1.0,0.0,-0.0932759287171606,-1.2979261917653797,39.0
1.0,0.0,0.000340650095132172,-2.9936277203941577,38.0
1.0,1.0,-1.6847577685261377,-1.2979261917653797,37.0
1.0,0.0,-1.3102914532769665,0.6400184123817944,36.0
1.0,0.0,-1.3102914532769665,0.6400184123817944,35.0
1.0,0.0,-1.3102914532769665,0.6400184123817944,34.0
1.0,0.0,1.6854390687164018,1.3667476389369844,33.0
1.0,0.0,1.6854390687164018,1.3667476389369844,32.0
1.0,0.0,0.3748069653443032,0.15553226134500034,31.0
1.0,1.0,0.000340650095132172,-1.2979261917653797,30.0
1.0,0.0,0.3748069653443032,0.8822614879001913,29.0
1.0,0.0,-0.3741256651540388,-0.8134400407285867,28.0
1.0,0.0,-0.3741256651540388,-0.8134400407285867,27.0
1.0,1.0,-2.995389871898236,0.6400184123817944,26.0
1.0,1.0,-0.9358251380277952,-0.3289538896917926,25.0
1.0,1.0,-0.9358251380277952,-0.5711969652101896,24.0
1.0,1.0,-1.497524610901552,0.3977753368633973,23.0
1.0,1.0,-1.497524610901552,0.3977753368633973,22.0
1.0,0.0,-1.6847577685261377,-0.3289538896917926,21.0
1.0,0.0,-1.6847577685261377,-0.3289538896917926,20.0
1.0,1.0,1.3109727534672306,-0.5711969652101896,19.0
1.0,1.0,-0.3741256651540388,-2.5091415693573635,18.0
1.0,0.0,-0.5613588227786244,-0.5711969652101896,17.0
1.0,0.0,0.18757380771971768,-1.0556831162469835,16.0
1.0,0.0,-0.9358251380277952,0.3977753368633973,15.0
1.0,1.0,-3.5570893447719927,-1.5401692672837766,14.0
1.0,0.0,-0.3741256651540388,-2.0246554183205707,13.0
1.0,0.0,-0.3741256651540388,-2.0246554183205707,12.0
1.0,0.0,0.3748069653443032,0.3977753368633973,11.0
1.0,0.0,-1.965607504963016,1.6089907144553812,10.0
1.0,0.0,-0.9358251380277952,-0.0867108141733956,9.0
1.0,0.0,-0.7485919804032098,0.3977753368633973,8.0
1.0,1.0,-1.8719909261507228,-0.8134400407285867,7.0
1.0,0.0,-0.3741256651540388,-0.0867108141733956,6.0
1.0,1.0,-3.182623029522821,0.3977753368633973,5.0
1.0,0.0,-0.5613588227786244,-0.5711969652101896,4.0
1.0,0.0,-1.123058295652381,-0.5711969652101896,3.0
1.0,1.0,-1.3102914532769665,-1.2979261917653797,2.0
1.0,1.0,-0.9358251380277952,0.15553226134500034,1.0
